#! FIELDS time p.x p.y cv.node-0 opes.bias opes.rct opes.zed opes.neff opes.nker
 0.000000 -0.530235 1.49656 0.505966 -16 -16 1 1 0
 0.500000 -0.787803 1.1834 0.506619 -16 -16 1 1 0
 1.000000 -0.650221 1.38541 0.522819 -16 -16 1 1 0
 1.500000 -0.485257 1.55966 0.50813 -16 -16 1 1 0
 2.000000 -0.415574 1.50747 0.447787 -16 -16 1 1 0
 2.500000 -0.516923 1.54634 0.519829 -16 -16 1 1 0
 3.000000 -0.599669 1.44877 0.523073 -16 -16 1 1 0
 3.500000 -0.655368 1.33647 0.504366 -16 -16 1 1 0
 4.000000 -0.52221 1.50723 0.506134 -16 -16 1 1 0
 4.500000 -0.648828 1.38303 0.521046 -16 -16 1 1 0
 5.000000 -0.442094 1.54229 0.477083 -16 -16 1 1 0
 5.500000 -0.597741 1.40179 0.501871 -16 -16 1 1 0
 6.000000 -0.499025 1.45761 0.472422 -16 -16 1 1 0
 6.500000 -0.610286 1.37887 0.498714 -16 -16 1 1 0
 7.000000 -0.72339 1.27349 0.512748 -16 -16 1 1 0
 7.500000 -0.565332 1.41789 0.49137 -16 -16 1 1 0
 8.000000 -0.568188 1.41414 0.4913 -16 -16 1 1 0
 8.500000 -0.557128 1.36723 0.465205 -16 -16 1 1 0
 9.000000 -0.489691 1.58119 0.519636 -16 -16 1 1 0
 9.500000 -0.536371 1.56333 0.537619 -16 -16 1 1 0
 10.000000 -0.573924 1.47443 0.520192 -16 -16 1 1 0
 10.500000 -0.560815 1.30948 0.442293 -16 -16 1 1 0
 11.000000 -0.609283 1.39845 0.506612 -16 -16 1 1 0
 11.500000 -0.413306 1.56208 0.4695 -16 -16 1 1 0
 12.000000 -0.582509 1.34702 0.47012 -16 -16 1 1 0
 12.500000 -0.76915 1.25027 0.526417 -16 -16 1 1 0
 13.000000 -0.445026 1.63036 0.515657 -16 -16 1 1 0
 13.500000 -0.613023 1.47788 0.542708 -16 -16 1 1 0
 14.000000 -0.552932 1.42363 0.487146 -16 -16 1 1 0
 14.500000 -0.537974 1.38541 0.462693 -16 -16 1 1 0
 15.000000 -0.517857 1.42605 0.469204 -16 -16 1 1 0
 15.500000 -0.460554 1.45309 0.449502 -16 -16 1 1 0
 16.000000 -0.480625 1.47703 0.470637 -16 -16 1 1 0
 16.500000 -0.624622 1.27539 0.461547 -16 -16 1 1 0
 17.000000 -0.644759 1.42607 0.537445 -16 -16 1 1 0
 17.500000 -0.623668 1.43921 0.531833 -16 -16 1 1 0
 18.000000 -0.470451 1.55783 0.499233 -16 -16 1 1 0
 18.500000 -0.612148 1.46544 0.536912 -16 -16 1 1 0
 19.000000 -0.656231 1.44084 0.549911 -16 -16 1 1 0
 19.500000 -0.464779 1.52488 0.482216 -16 -16 1 1 0
 20.000000 -0.681669 1.16143 0.441786 -16 -16 1 1 0
 20.500000 -0.757759 1.19776 0.497409 -16 -16 1 1 0
 21.000000 -0.43974 1.57439 0.489282 -16 -16 1 1 0
 21.500000 -0.620657 1.28365 0.46303 -16 -16 1 1 0
 22.000000 -0.62194 1.38447 0.507349 -16 -16 1 1 0
 22.500000 -0.606933 1.42067 0.514909 -16 -16 1 1 0
 23.000000 -0.556514 1.42188 0.488326 -16 -16 1 1 0
 23.500000 -0.672126 1.27342 0.485802 -16 -16 1 1 0
 24.000000 -0.410616 1.56622 0.469747 -16 -16 1 1 0
 24.500000 -0.68822 1.30538 0.508207 -16 -16 1 1 0
 25.000000 -0.513804 1.49766 0.497497 -16 -16 0.472044 1 1
 25.500000 -0.651712 1.38366 0.522852 -0.268584 -16 0.472044 1 1
 26.000000 -0.420707 1.49623 0.445877 -1.11322 -16 0.472044 1 1
 26.500000 -0.712189 1.47948 0.596255 -4.07461 -16 0.472044 1 1
 27.000000 -0.867419 1.34912 0.620578 -6.32879 -16 0.472044 1 1
 27.500000 -0.970786 1.39001 0.691334 -15.6969 -15.8885 0.335203 1 2
 28.000000 -0.545974 1.55175 0.537942 -0.847096 -15.8885 0.335203 1 2
 28.500000 -0.68641 1.4285 0.560626 -1.82596 -15.8885 0.335203 1 2
 29.000000 -0.714044 1.32564 0.530611 -0.621847 -15.8885 0.335203 1 2
 29.500000 -0.500986 1.5007 0.491797 -0.177337 -15.8885 0.335203 1 2
 30.000000 -0.815284 1.33646 0.588128 -3.29118 -4.67747 0.344081 1.07432 3
 30.500000 -0.377408 1.39645 0.37979 -15.6541 -4.67747 0.344081 1.07432 3
 31.000000 -0.488463 1.31996 0.407828 -14.0099 -4.67747 0.344081 1.07432 3
 31.500000 -0.340481 1.50108 0.40346 -14.4609 -4.67747 0.344081 1.07432 3
 32.000000 -0.293692 1.56426 0.403691 -14.4462 -4.67747 0.344081 1.07432 3
 32.500000 -0.583232 1.24317 0.425542 -11.5324 -4.90035 0.258065 1.07434 4
 33.000000 -0.548534 1.34551 0.451235 -6.47143 -4.90035 0.258065 1.07434 4
 33.500000 -0.363051 1.57786 0.448187 -6.50352 -4.90035 0.258065 1.07434 4
 34.000000 -0.544171 1.35281 0.452031 -6.4573 -4.90035 0.258065 1.07434 4
 34.500000 -0.418633 1.49399 0.443789 -6.50644 -4.90035 0.258065 1.07434 4
 35.000000 -0.451747 1.47891 0.455622 -6.35652 -5.0371 0.262782 1.07793 4
 35.500000 -0.537406 1.47421 0.500346 -1.91484 -5.0371 0.262782 1.07793 4
 36.000000 -0.467701 1.53504 0.488111 -1.97645 -5.0371 0.262782 1.07793 4
 36.500000 -0.643214 1.36017 0.508181 -1.62136 -5.0371 0.262782 1.07793 4
 37.000000 -0.550908 1.47922 0.509798 -1.54074 -5.0371 0.262782 1.07793 4
 37.500000 -0.645057 1.33095 0.496504 -1.98409 -3.68056 0.355483 1.35653 4
 38.000000 -0.468074 1.45586 0.454789 -0.169144 -3.68056 0.355483 1.35653 4
 38.500000 -0.150471 1.52146 0.304887 -14.7691 -3.68056 0.355483 1.35653 4
 39.000000 -0.683052 1.3969 0.545197 -0.247621 -3.68056 0.355483 1.35653 4
 39.500000 -0.410032 1.38697 0.393711 -4.77532 -3.68056 0.355483 1.35653 4
 40.000000 -0.196463 1.47433 0.311442 -13.945 -3.81409 0.284386 1.35653 5
 40.500000 -0.561207 1.43998 0.498607 1.07381 -3.81409 0.284386 1.35653 5
 41.000000 -0.296401 1.47124 0.366349 -7.10917 -3.81409 0.284386 1.35653 5
 41.500000 -0.463817 1.2806 0.377559 -6.03839 -3.81409 0.284386 1.35653 5
 42.000000 -0.665093 1.40053 0.537247 0.217222 -3.81409 0.284386 1.35653 5
 42.500000 -0.691439 1.36257 0.534759 0.302673 -1.772 0.299972 2.2441 6
 43.000000 -0.273655 1.46944 0.352859 -10.5349 -1.772 0.299972 2.2441 6
 43.500000 -0.197901 1.59399 0.361843 -9.62967 -1.772 0.299972 2.2441 6
 44.000000 -0.463198 1.36411 0.41303 -4.93781 -1.772 0.299972 2.2441 6
 44.500000 -0.675201 1.3405 0.516607 1.07668 -1.772 0.299972 2.2441 6
 45.000000 -0.445952 1.38875 0.414142 -4.84279 -1.87222 0.257224 2.25806 7
 45.500000 -0.502738 1.4244 0.460291 -1.40327 -1.87222 0.257224 2.25806 7
 46.000000 -0.548505 1.33847 0.448189 -2.06679 -1.87222 0.257224 2.25806 7
 46.500000 -0.566256 1.39239 0.480928 -0.271758 -1.87222 0.257224 2.25806 7
 47.000000 -0.700041 1.38081 0.547208 1.29421 -1.87222 0.257224 2.25806 7
 47.500000 -0.306567 1.50943 0.388028 -3.9291 -1.95483 0.226007 2.29287 8
 48.000000 -0.556847 1.3487 0.457078 -1.46711 -1.95483 0.226007 2.29287 8
 48.500000 -0.624991 1.2529 0.451956 -1.74202 -1.95483 0.226007 2.29287 8
 49.000000 -0.654081 1.31353 0.493728 0.48809 -1.95483 0.226007 2.29287 8
 49.500000 -0.455754 1.41986 0.432749 -2.48158 -1.95483 0.226007 2.29287 8
 50.000000 -0.604134 1.35856 0.486668 0.138736 -1.48932 0.231008 3.29226 8
 50.500000 -0.55876 1.32854 0.449418 -0.324043 -1.48932 0.231008 3.29226 8
 51.000000 -0.437719 1.54852 0.477292 0.976548 -1.48932 0.231008 3.29226 8
 51.500000 -0.557403 1.58661 0.558909 0.538357 -1.48932 0.231008 3.29226 8
 52.000000 -0.619281 1.23588 0.441518 -0.924916 -1.48932 0.231008 3.29226 8
 52.500000 -0.646445 1.39461 0.524783 1.11925 -0.812477 0.234754 3.38095 8
 53.000000 -0.429207 1.34186 0.384984 -3.5377 -0.812477 0.234754 3.38095 8
 53.500000 -0.557497 1.43692 0.495297 1.01889 -0.812477 0.234754 3.38095 8
 54.000000 -0.488819 1.34121 0.417143 -3.38759 -0.812477 0.234754 3.38095 8
 54.500000 -0.367979 1.59809 0.459378 -0.378371 -0.812477 0.234754 3.38095 8
 55.000000 -0.743713 1.18714 0.485441 0.728291 -0.57977 0.245901 4.38004 8
 55.500000 -0.307243 1.60398 0.427818 -2.6434 -0.57977 0.245901 4.38004 8
 56.000000 -0.497272 1.36732 0.432919 -2.10206 -0.57977 0.245901 4.38004 8
 56.500000 -0.500635 1.31637 0.412871 -3.73143 -0.57977 0.245901 4.38004 8
 57.000000 -0.374342 1.42705 0.391058 -3.81923 -0.57977 0.245901 4.38004 8
 57.500000 -0.67679 1.38204 0.535454 1.10405 -0.323263 0.235911 5.2181 8
 58.000000 -0.463283 1.38645 0.422619 -3.41957 -0.323263 0.235911 5.2181 8
 58.500000 -0.439059 1.39874 0.414631 -3.93905 -0.323263 0.235911 5.2181 8
 59.000000 -0.661677 1.4468 0.555376 0.797827 -0.323263 0.235911 5.2181 8
 59.500000 -0.413406 1.5107 0.447952 -0.924526 -0.323263 0.235911 5.2181 8
 60.000000 -0.455138 1.43924 0.440655 -1.58129 -0.369031 0.222852 5.39226 8
 60.500000 -0.477154 1.40698 0.438939 -1.11787 -0.369031 0.222852 5.39226 8
 61.000000 -0.705937 1.39797 0.557753 0.708915 -0.369031 0.222852 5.39226 8
 61.500000 -0.889459 0.976116 0.466107 0.323115 -0.369031 0.222852 5.39226 8
 62.000000 -0.798133 1.42955 0.619812 -4.32242 -0.369031 0.222852 5.39226 8
 62.500000 -0.453566 1.42651 0.434381 -1.3661 -0.406857 0.25086 5.60922 7
 63.000000 -0.507851 1.25537 0.390468 -3.54833 -0.406857 0.25086 5.60922 7
 63.500000 -0.538056 1.52767 0.523431 1.32997 -0.406857 0.25086 5.60922 7
 64.000000 -0.433125 1.54711 0.474165 0.492595 -0.406857 0.25086 5.60922 7
 64.500000 -0.405699 1.56136 0.464983 0.174449 -0.406857 0.25086 5.60922 7
 65.000000 -0.597218 1.56435 0.571058 -0.327573 -0.402284 0.271192 6.16638 7
 65.500000 -0.397335 1.59767 0.475548 0.401183 -0.402284 0.271192 6.16638 7
 66.000000 -0.454615 1.57747 0.498782 0.831574 -0.402284 0.271192 6.16638 7
 66.500000 -0.601967 1.34006 0.47752 0.453621 -0.402284 0.271192 6.16638 7
 67.000000 -0.478945 1.48887 0.474741 0.378374 -0.402284 0.271192 6.16638 7
 67.500000 -0.471093 1.53007 0.487871 0.664638 -0.306667 0.27312 7.16066 7
 68.000000 -0.442772 1.47822 0.450404 -0.566108 -0.306667 0.27312 7.16066 7
 68.500000 -0.362587 1.57462 0.446573 -0.764119 -0.306667 0.27312 7.16066 7
 69.000000 -0.343878 1.50194 0.405715 -2.65088 -0.306667 0.27312 7.16066 7
 69.500000 -0.646144 1.43147 0.540508 0.977367 -0.306667 0.27312 7.16066 7
 70.000000 -0.356158 1.43425 0.384037 -4.24358 -0.356934 0.273042 7.17434 7
 70.500000 -0.937007 1.38933 0.673857 -15.0301 -0.356934 0.273042 7.17434 7
 71.000000 -0.881889 1.51438 0.700129 -15.3706 -0.356934 0.273042 7.17434 7
 71.500000 -0.982375 1.42343 0.711899 -15.4411 -0.356934 0.273042 7.17434 7
 72.000000 -1.06434 1.24662 0.674783 -15.1404 -0.356934 0.273042 7.17434 7
 72.500000 -1.02561 1.30776 0.682646 -15.3702 -0.405724 0.273042 7.17434 7
 73.000000 -0.824317 1.52722 0.675776 -14.5522 -0.405724 0.273042 7.17434 7
 73.500000 -0.908098 1.39824 0.662991 -12.6961 -0.405724 0.273042 7.17434 7
 74.000000 -0.710826 1.70572 0.692051 -14.6036 -0.405724 0.273042 7.17434 7
 74.500000 -1.03792 1.24936 0.662844 -12.6618 -0.405724 0.273042 7.17434 7
 75.000000 -1.00811 1.29149 0.666648 -13.5016 -0.452244 0.273042 7.17434 7
 75.500000 -0.829196 1.4963 0.66495 -12.5933 -0.452244 0.273042 7.17434 7
 76.000000 -0.920922 1.49333 0.711102 -14.8127 -0.452244 0.273042 7.17434 7
 76.500000 -0.993777 1.2738 0.651597 -9.99245 -0.452244 0.273042 7.17434 7
 77.000000 -0.911265 1.40105 0.66584 -12.6926 -0.452244 0.273042 7.17434 7
 77.500000 -0.839426 1.62752 0.726832 -15.6895 -0.496696 0.238912 7.17434 8
 78.000000 -0.931512 1.38797 0.670456 -12.8946 -0.496696 0.238912 7.17434 8
 78.500000 -0.94711 1.36656 0.668991 -12.8212 -0.496696 0.238912 7.17434 8
 79.000000 -0.872066 1.51133 0.693723 -13.6065 -0.496696 0.238912 7.17434 8
 79.500000 -0.954937 1.35035 0.66583 -12.5696 -0.496696 0.238912 7.17434 8
 80.000000 -0.924672 1.43569 0.68787 -13.3665 -0.539255 0.238912 7.17434 8
 80.500000 -0.910967 1.36373 0.649316 -9.36388 -0.539255 0.238912 7.17434 8
 81.000000 -1.10202 1.18117 0.664146 -12.1486 -0.539255 0.238912 7.17434 8
 81.500000 -1.54494 0.951097 0.769975 -15.8775 -0.539255 0.238912 7.17434 8
 82.000000 -1.31094 1.14874 0.750876 -15.3395 -0.539255 0.238912 7.17434 8
 82.500000 -1.01931 1.27037 0.662887 -12.0144 -0.580077 0.238912 7.17435 8
 83.000000 -0.741651 1.72096 0.714966 -13.5105 -0.580077 0.238912 7.17435 8
 83.500000 -0.821711 1.51882 0.670789 -11.488 -0.580077 0.238912 7.17435 8
 84.000000 -0.917264 1.4099 0.672792 -11.5142 -0.580077 0.238912 7.17435 8
 84.500000 -0.885567 1.43647 0.668133 -11.4497 -0.580077 0.238912 7.17435 8
 85.000000 -0.895628 1.46545 0.685947 -11.8126 -0.619297 0.238912 7.17435 8
 85.500000 -0.796538 1.50989 0.653773 -10.1261 -0.619297 0.238912 7.17435 8
 86.000000 -0.654543 1.67574 0.649155 -9.26602 -0.619297 0.238912 7.17435 8
 86.500000 -0.89513 1.36764 0.64293 -8.01565 -0.619297 0.238912 7.17435 8
 87.000000 -1.09176 1.3362 0.728291 -13.343 -0.619297 0.238912 7.17435 8
 87.500000 -0.871182 1.4331 0.659247 -10.7953 -0.657036 0.238912 7.17437 8
 88.000000 -0.831504 1.47123 0.655284 -9.88125 -0.657036 0.238912 7.17437 8
 88.500000 -0.500763 1.45884 0.473892 0.751694 -0.657036 0.238912 7.17437 8
 89.000000 -0.509587 1.46256 0.480276 0.933588 -0.657036 0.238912 7.17437 8
 89.500000 -0.310873 1.43694 0.360016 -4.62097 -0.657036 0.238912 7.17437 8
 90.000000 -0.458633 1.55896 0.493208 1.09385 -0.500041 0.241317 8.03149 8
 90.500000 -0.439308 1.50862 0.461352 0.248077 -0.500041 0.241317 8.03149 8
 91.000000 -0.361882 1.48486 0.408546 -2.47685 -0.500041 0.241317 8.03149 8
 91.500000 -0.473792 1.43296 0.448175 -0.597008 -0.500041 0.241317 8.03149 8
 92.000000 -0.708986 1.22243 0.482852 1.1511 -0.500041 0.241317 8.03149 8
 92.500000 -0.451562 1.51747 0.471828 0.800993 -0.41187 0.240238 9.03146 8
 93.000000 -0.381032 1.48855 0.420714 -1.77457 -0.41187 0.240238 9.03146 8
 93.500000 -0.74538 1.37965 0.570551 -0.286396 -0.41187 0.240238 9.03146 8
 94.000000 -0.526184 1.46955 0.492273 1.31604 -0.41187 0.240238 9.03146 8
 94.500000 -0.858608 1.30952 0.598659 -2.04853 -0.41187 0.240238 9.03146 8
 95.000000 -0.849058 1.50273 0.678063 -10.6454 -0.44577 0.240238 9.03149 8
 95.500000 -0.819015 1.48414 0.654379 -9.90589 -0.44577 0.240238 9.03149 8
 96.000000 -0.470001 1.52233 0.484003 1.30336 -0.44577 0.240238 9.03149 8
 96.500000 -0.176795 1.77503 0.423844 -1.59414 -0.44577 0.240238 9.03149 8
 97.000000 -0.443613 1.34384 0.393693 -3.51525 -0.44577 0.240238 9.03149 8
 97.500000 -0.579489 1.56504 0.561764 0.117131 -0.421683 0.249074 9.79063 8
 98.000000 -0.609003 1.70676 0.637576 -7.15779 -0.421683 0.249074 9.79063 8
 98.500000 -0.936085 1.36031 0.660628 -10.1491 -0.421683 0.249074 9.79063 8
 99.000000 -0.989308 1.28932 0.656229 -10.0356 -0.421683 0.249074 9.79063 8
 99.500000 -0.356695 1.56554 0.439495 -0.763657 -0.421683 0.249074 9.79063 8
 100.000000 -0.561242 1.33143 0.451998 0.0351928 -0.403747 0.261837 10.5216 8
 100.500000 -0.595755 1.43945 0.516977 0.904075 -0.403747 0.261837 10.5216 8
 101.000000 -0.531639 1.50481 0.510236 0.960735 -0.403747 0.261837 10.5216 8
 101.500000 -0.644763 1.45405 0.54948 0.568165 -0.403747 0.261837 10.5216 8
 102.000000 -0.56619 1.54594 0.546455 0.629442 -0.403747 0.261837 10.5216 8
 102.500000 -0.69192 1.27825 0.498325 1.09567 -0.303515 0.265116 11.3822 8
 103.000000 -0.605079 1.42191 0.514452 1.00464 -0.303515 0.265116 11.3822 8
 103.500000 -0.535248 1.3287 0.436847 -0.635424 -0.303515 0.265116 11.3822 8
 104.000000 -0.590818 1.43691 0.513234 1.02384 -0.303515 0.265116 11.3822 8
 104.500000 -0.488393 1.47888 0.475666 1.06984 -0.303515 0.265116 11.3822 8
 105.000000 -0.735193 1.39352 0.571228 -0.221941 -0.301019 0.262515 11.9766 8
 105.500000 -0.4854 1.46732 0.469125 0.849556 -0.301019 0.262515 11.9766 8
 106.000000 -0.667695 1.31754 0.502668 1.16274 -0.301019 0.262515 11.9766 8
 106.500000 -0.586955 1.44509 0.514667 0.980166 -0.301019 0.262515 11.9766 8
 107.000000 -0.716322 1.29244 0.517327 0.939497 -0.301019 0.262515 11.9766 8
 107.500000 -0.419246 1.46759 0.432972 -0.865126 -0.313413 0.257821 12.3269 8
 108.000000 -0.515824 1.28501 0.407556 -2.12915 -0.313413 0.257821 12.3269 8
 108.500000 -0.347838 1.22603 0.290895 -14.0215 -0.313413 0.257821 12.3269 8
 109.000000 -0.197643 1.41842 0.288783 -14.2546 -0.313413 0.257821 12.3269 8
 109.500000 -0.3483 1.21231 0.285272 -14.5587 -0.313413 0.257821 12.3269 8
 110.000000 -0.339141 1.21237 0.280277 -14.8499 -0.341584 0.229174 12.3269 9
 110.500000 -0.396077 1.15247 0.285591 -14.0604 -0.341584 0.229174 12.3269 9
 111.000000 -0.226752 1.22387 0.223114 -15.9615 -0.341584 0.229174 12.3269 9
 111.500000 -0.350816 1.34101 0.341588 -6.60586 -0.341584 0.229174 12.3269 9
 112.000000 -0.471005 1.61398 0.523143 0.969243 -0.341584 0.229174 12.3269 9
 112.500000 -0.541868 1.44032 0.488304 1.34967 -0.228586 0.227401 12.8337 9
 113.000000 -0.702715 1.23846 0.486595 1.44486 -0.228586 0.227401 12.8337 9
 113.500000 -0.229308 1.51073 0.345148 -6.38954 -0.228586 0.227401 12.8337 9
 114.000000 -0.154277 1.49079 0.294357 -13.4552 -0.228586 0.227401 12.8337 9
 114.500000 -0.266338 1.34533 0.296581 -13.1593 -0.228586 0.227401 12.8337 9
 115.000000 -0.138004 1.47094 0.276871 -14.4352 -0.255255 0.227401 12.8337 9
 115.500000 0.0418696 1.67143 0.255066 -14.6678 -0.255255 0.227401 12.8337 9
 116.000000 -0.499222 1.28894 0.4003 -2.76268 -0.255255 0.227401 12.8337 9
 116.500000 -0.357595 1.44177 0.388008 -3.77517 -0.255255 0.227401 12.8337 9
 117.000000 -0.381916 1.22365 0.308525 -11.208 -0.255255 0.227401 12.8337 9
 117.500000 -0.338402 1.57114 0.431616 -0.650592 -0.263663 0.224576 13.2275 9
 118.000000 -0.289898 1.45081 0.35414 -5.64187 -0.263663 0.224576 13.2275 9
 118.500000 -0.444273 1.5686 0.489353 1.4517 -0.263663 0.224576 13.2275 9
 119.000000 -0.432628 1.47479 0.44338 -0.00773229 -0.263663 0.224576 13.2275 9
 119.500000 -0.629235 1.45764 0.542722 0.583071 -0.263663 0.224576 13.2275 9
 120.000000 -0.757466 1.54207 0.647096 -8.8386 -0.288976 0.202121 13.2276 10
 120.500000 -0.995275 1.27391 0.652396 -8.91437 -0.288976 0.202121 13.2276 10
 121.000000 -0.899748 1.3477 0.636535 -6.65488 -0.288976 0.202121 13.2276 10
 121.500000 -0.747223 1.54399 0.642513 -7.69466 -0.288976 0.202121 13.2276 10
 122.000000 -0.89431 1.50301 0.70161 -11.1513 -0.288976 0.202121 13.2276 10
 122.500000 -0.82813 1.44055 0.640206 -7.3024 -0.313646 0.202125 13.2282 10
 123.000000 -1.03781 1.48192 0.765612 -15.8617 -0.313646 0.202125 13.2282 10
 123.500000 -0.748929 1.72381 0.720048 -12.6033 -0.313646 0.202125 13.2282 10
 124.000000 -0.668581 1.54138 0.599614 -1.57706 -0.313646 0.202125 13.2282 10
 124.500000 -0.552691 1.48759 0.514331 1.1809 -0.313646 0.202125 13.2282 10
 125.000000 -0.441905 1.41939 0.424973 -0.566752 -0.318984 0.200114 13.6568 10
 125.500000 -0.477937 1.47737 0.469313 1.14881 -0.318984 0.200114 13.6568 10
 126.000000 -0.640523 1.36392 0.508372 1.3069 -0.318984 0.200114 13.6568 10
 126.500000 -0.580377 1.42115 0.500864 1.4527 -0.318984 0.200114 13.6568 10
 127.000000 -0.931352 1.57468 0.751785 -15.4043 -0.318984 0.200114 13.6568 10
 127.500000 -0.754778 1.52866 0.639914 -6.91413 -0.342482 0.200115 13.6577 10
 128.000000 -0.635288 1.49319 0.5612 0.335295 -0.342482 0.200115 13.6577 10
 128.500000 -0.496551 1.42958 0.459135 0.741781 -0.342482 0.200115 13.6577 10
 129.000000 -0.653741 1.30443 0.489594 1.54282 -0.342482 0.200115 13.6577 10
 129.500000 -0.440285 1.5951 0.498273 1.48997 -0.342482 0.200115 13.6577 10
 130.000000 -0.559198 1.57431 0.554682 0.4672 -0.314531 0.206498 14.5655 10
 130.500000 -0.600939 1.4832 0.538491 0.795206 -0.314531 0.206498 14.5655 10
 131.000000 -0.58675 1.43683 0.511016 1.17741 -0.314531 0.206498 14.5655 10
 131.500000 -0.768817 1.51404 0.641015 -6.67998 -0.314531 0.206498 14.5655 10
 132.000000 -0.734311 1.30033 0.530193 0.860683 -0.314531 0.206498 14.5655 10
 132.500000 -0.356464 1.51827 0.419572 -0.567025 -0.319502 0.205427 15.0045 10
 133.000000 -0.563593 1.512 0.530627 0.845041 -0.319502 0.205427 15.0045 10
 133.500000 -0.530798 1.47762 0.498217 1.40282 -0.319502 0.205427 15.0045 10
 134.000000 -0.612803 1.46953 0.539016 0.780025 -0.319502 0.205427 15.0045 10
 134.500000 -0.688711 1.38082 0.541232 0.764548 -0.319502 0.205427 15.0045 10
 135.000000 -0.388879 1.53619 0.4451 0.227693 -0.303792 0.205898 15.8141 10
 135.500000 -0.586428 1.49225 0.534545 0.774643 -0.303792 0.205898 15.8141 10
 136.000000 -0.540061 1.56941 0.542201 0.720144 -0.303792 0.205898 15.8141 10
 136.500000 -0.508818 1.48906 0.491126 1.42035 -0.303792 0.205898 15.8141 10
 137.000000 -0.623343 1.33949 0.488667 1.41998 -0.303792 0.205898 15.8141 10
 137.500000 -0.586278 1.43887 0.511638 1.11526 -0.239256 0.21688 16.6851 10
 138.000000 -0.690095 1.45078 0.57219 0.0388618 -0.239256 0.21688 16.6851 10
 138.500000 -0.85636 1.23334 0.56393 0.298567 -0.239256 0.21688 16.6851 10
 139.000000 -0.77085 1.34965 0.570802 0.0891028 -0.239256 0.21688 16.6851 10
 139.500000 -0.404063 1.49622 0.436688 0.170458 -0.239256 0.21688 16.6851 10
 140.000000 -0.515565 1.11399 0.333212 -7.79624 -0.260298 0.216885 16.6854 10
 140.500000 -0.77186 1.39841 0.592563 -1.11119 -0.260298 0.216885 16.6854 10
 141.000000 -0.700684 1.29048 0.508266 1.27577 -0.260298 0.216885 16.6854 10
 141.500000 -0.461659 1.48857 0.46515 0.822257 -0.260298 0.216885 16.6854 10
 142.000000 -0.870895 1.41944 0.653141 -7.49908 -0.260298 0.216885 16.6854 10
 142.500000 -1.13019 1.14569 0.662046 -7.93266 -0.280908 0.216887 16.6857 10
 143.000000 -0.705871 1.2009 0.471779 1.04085 -0.280908 0.216887 16.6857 10
 143.500000 -0.656544 1.2783 0.479709 1.24774 -0.280908 0.216887 16.6857 10
 144.000000 -0.487906 1.53332 0.498461 1.37524 -0.280908 0.216887 16.6857 10
 144.500000 -0.497273 1.50874 0.493178 1.38966 -0.280908 0.216887 16.6857 10
 145.000000 -0.626364 1.45519 0.540139 0.767057 -0.24454 0.217669 17.6829 10
 145.500000 -0.695237 1.31446 0.515854 1.18966 -0.24454 0.217669 17.6829 10
 146.000000 -0.485733 1.55781 0.507612 1.266 -0.24454 0.217669 17.6829 10
 146.500000 -0.488213 1.52224 0.493945 1.33537 -0.24454 0.217669 17.6829 10
 147.000000 -0.641719 1.48255 0.560085 0.50617 -0.24454 0.217669 17.6829 10
 147.500000 -0.606262 1.46509 0.533603 1.0123 -0.196417 0.218369 18.6415 10
 148.000000 -0.451529 1.52394 0.474539 0.987775 -0.196417 0.218369 18.6415 10
 148.500000 -0.678465 1.37879 0.534931 1.11247 -0.196417 0.218369 18.6415 10
 149.000000 -0.472478 1.57102 0.505901 1.26062 -0.196417 0.218369 18.6415 10
 149.500000 -0.658247 1.35685 0.514725 1.23086 -0.196417 0.218369 18.6415 10
 150.000000 -0.451784 1.60418 0.508431 1.25188 -0.135686 0.228631 19.4015 10
 150.500000 -0.427529 1.47557 0.440904 -0.0077738 -0.135686 0.228631 19.4015 10
 151.000000 -0.518531 1.41207 0.463597 0.54328 -0.135686 0.228631 19.4015 10
 151.500000 -0.586041 1.42787 0.506795 1.3418 -0.135686 0.228631 19.4015 10
 152.000000 -0.497258 1.52802 0.501337 1.33397 -0.135686 0.228631 19.4015 10
 152.500000 -0.375489 1.6269 0.475574 0.950064 -0.0993422 0.2258 20.3953 10
 153.000000 -0.527921 1.54961 0.527207 1.19458 -0.0993422 0.2258 20.3953 10
 153.500000 -0.237266 1.21735 0.226188 -15.9471 -0.0993422 0.2258 20.3953 10
 154.000000 -0.627091 1.33452 0.488509 1.30556 -0.0993422 0.2258 20.3953 10
 154.500000 -0.416705 1.4324 0.416672 -0.683672 -0.0993422 0.2258 20.3953 10
 155.000000 -0.634793 1.45674 0.54531 0.84546 -0.0706413 0.238553 21.3944 10
 155.500000 -0.438147 1.50497 0.459172 0.440413 -0.0706413 0.238553 21.3944 10
 156.000000 -0.498534 1.55159 0.511996 1.23136 -0.0706413 0.238553 21.3944 10
 156.500000 -0.799625 1.31792 0.571896 0.00915543 -0.0706413 0.238553 21.3944 10
 157.000000 -1.39943 1.0925 0.767231 -15.9522 -0.0706413 0.238553 21.3944 10
 157.500000 -1.03128 1.45369 0.749925 -15.772 -0.0889904 0.216866 21.3944 11
 158.000000 -0.969346 1.18562 0.600087 -2.09523 -0.0889904 0.216866 21.3944 11
 158.500000 -0.947099 1.30859 0.643426 -7.32857 -0.0889904 0.216866 21.3944 11
 159.000000 -0.531736 1.61005 0.554809 0.779158 -0.0889904 0.216866 21.3944 11
 159.500000 -0.578367 1.4693 0.520399 1.29294 -0.0889904 0.216866 21.3944 11
 160.000000 -0.461881 1.60066 0.512525 1.31928 -0.0352998 0.22014 22.1133 11
 160.500000 -0.530065 1.51776 0.514876 1.38933 -0.0352998 0.22014 22.1133 11
 161.000000 -0.412841 1.57533 0.474802 1.001 -0.0352998 0.22014 22.1133 11
 161.500000 -0.24816 1.69785 0.433167 -0.225263 -0.0352998 0.22014 22.1133 11
 162.000000 -0.626013 1.45278 0.538917 1.13003 -0.0352998 0.22014 22.1133 11
 162.500000 -0.547062 1.43643 0.489451 1.2949 0.0123503 0.219667 22.9152 11
 163.000000 -0.504554 1.50962 0.497527 1.41589 0.0123503 0.219667 22.9152 11
 163.500000 -0.46333 1.46889 0.457725 0.396038 0.0123503 0.219667 22.9152 11
 164.000000 -0.438722 1.53383 0.471661 0.967727 0.0123503 0.219667 22.9152 11
 164.500000 -0.78333 1.30311 0.556956 0.570521 0.0123503 0.219667 22.9152 11
 165.000000 -0.889322 1.30929 0.614303 -3.9842 -0.00471901 0.201625 22.9296 12
 165.500000 -0.536535 1.36392 0.452689 0.277762 -0.00471901 0.201625 22.9296 12
 166.000000 -0.5179 1.51243 0.505996 1.48835 -0.00471901 0.201625 22.9296 12
 166.500000 -0.460567 1.41981 0.435358 -0.168911 -0.00471901 0.201625 22.9296 12
 167.000000 -0.634811 1.30517 0.479888 1.29301 -0.00471901 0.201625 22.9296 12
 167.500000 -0.849909 1.36909 0.620309 -4.3899 -0.0215986 0.201557 22.9393 12
 168.000000 -0.714388 1.52129 0.615391 -3.73545 -0.0215986 0.201557 22.9393 12
 168.500000 -0.452106 1.58016 0.498531 1.4974 -0.0215986 0.201557 22.9393 12
 169.000000 -0.38518 1.45234 0.407734 -1.24509 -0.0215986 0.201557 22.9393 12
 169.500000 -0.588796 1.46069 0.522334 1.39484 -0.0215986 0.201557 22.9393 12
 170.000000 -0.479489 1.50997 0.483976 1.37705 0.0279808 0.199485 23.6676 12
 170.500000 -0.656887 1.48956 0.571189 -0.00805063 0.0279808 0.199485 23.6676 12
 171.000000 -0.266771 1.52457 0.372024 -4.46933 0.0279808 0.199485 23.6676 12
 171.500000 -0.114222 1.43607 0.24887 -15.4059 0.0279808 0.199485 23.6676 12
 172.000000 -0.301018 1.70847 0.467503 0.975619 0.0279808 0.199485 23.6676 12
 172.500000 -0.153692 1.36881 0.243237 -15.618 0.0114515 0.18414 23.6676 13
 173.000000 -0.714905 1.3021 0.520799 1.43748 0.0114515 0.18414 23.6676 13
 173.500000 -0.688284 1.3518 0.528421 1.34966 0.0114515 0.18414 23.6676 13
 174.000000 -0.431459 1.53521 0.468239 1.08174 0.0114515 0.18414 23.6676 13
 174.500000 -0.45781 1.47887 0.458933 0.655375 0.0114515 0.18414 23.6676 13
 175.000000 -0.255127 1.64777 0.416522 -0.739948 0.00289411 0.177312 23.9963 14
 175.500000 -0.515 1.50304 0.50043 1.62826 0.00289411 0.177312 23.9963 14
 176.000000 -0.541509 1.55607 0.537344 1.23147 0.00289411 0.177312 23.9963 14
 176.500000 -0.509942 1.43284 0.467806 1.09182 0.00289411 0.177312 23.9963 14
 177.000000 -0.343689 1.47408 0.393903 -1.97965 0.00289411 0.177312 23.9963 14
 177.500000 -0.574693 1.50721 0.53459 1.28261 0.0432685 0.178133 24.8696 14
 178.000000 -0.760819 1.30066 0.54417 1.18456 0.0432685 0.178133 24.8696 14
 178.500000 -0.573393 1.3486 0.465917 0.94613 0.0432685 0.178133 24.8696 14
 179.000000 -0.781975 1.28667 0.549048 1.04557 0.0432685 0.178133 24.8696 14
 179.500000 -0.641229 1.42059 0.533202 1.40793 0.0432685 0.178133 24.8696 14
 180.000000 -0.631888 1.37809 0.509903 1.56443 0.0976611 0.181589 25.33 14
 180.500000 -0.537535 1.48047 0.503082 1.63611 0.0976611 0.181589 25.33 14
 181.000000 -0.423879 1.45309 0.42938 -0.322041 0.0976611 0.181589 25.33 14
 181.500000 -0.639164 1.32859 0.492355 1.58816 0.0976611 0.181589 25.33 14
 182.000000 -0.54753 1.43873 0.490688 1.57244 0.0976611 0.181589 25.33 14
 182.500000 -0.375203 1.34831 0.358125 -5.72538 0.0822031 0.169512 25.3323 15
 183.000000 -0.374007 1.64702 0.483118 1.52281 0.0822031 0.169512 25.3323 15
 183.500000 -0.554622 1.31487 0.441302 -0.0308977 0.0822031 0.169512 25.3323 15
 184.000000 -0.508708 1.43278 0.46711 0.997187 0.0822031 0.169512 25.3323 15
 184.500000 -0.740867 1.52866 0.632571 -5.14817 0.0822031 0.169512 25.3323 15
 185.000000 -0.559757 1.33215 0.451512 0.280835 0.0855269 0.17049 26.0525 15
 185.500000 -0.579326 1.41024 0.495621 1.65485 0.0855269 0.17049 26.0525 15
 186.000000 -0.43228 1.49823 0.453097 0.474396 0.0855269 0.17049 26.0525 15
 186.500000 -0.774991 1.40656 0.597745 -1.96955 0.0855269 0.17049 26.0525 15
 187.000000 -0.462886 1.52631 0.481783 1.48186 0.0855269 0.17049 26.0525 15
 187.500000 -0.436487 1.4827 0.448847 0.341222 0.0898661 0.170976 26.8076 15
 188.000000 -1.12633 1.34576 0.749685 -15.4262 0.0898661 0.170976 26.8076 15
 188.500000 -1.14542 1.14071 0.667262 -8.08088 0.0898661 0.170976 26.8076 15
 189.000000 -0.736248 1.36038 0.557384 0.67769 0.0898661 0.170976 26.8076 15
 189.500000 -0.495054 1.45376 0.468619 1.09589 0.0898661 0.170976 26.8076 15
 190.000000 -0.465656 1.50182 0.472951 1.23869 0.121058 0.16947 27.7508 15
 190.500000 -0.331201 1.38996 0.351494 -6.06959 0.121058 0.16947 27.7508 15
 191.000000 -0.42203 1.2945 0.360804 -5.51879 0.121058 0.16947 27.7508 15
 191.500000 -0.407177 1.3947 0.395432 -2.21033 0.121058 0.16947 27.7508 15
 192.000000 -0.30244 1.3937 0.337101 -7.13633 0.121058 0.16947 27.7508 15
 192.500000 -0.612258 1.45178 0.531117 1.44931 0.16048 0.169575 28.5007 15
 193.000000 -0.633566 1.26386 0.46127 0.91803 0.16048 0.169575 28.5007 15
 193.500000 -0.431589 1.58518 0.489307 1.57897 0.16048 0.169575 28.5007 15
 194.000000 -0.449747 1.54039 0.480497 1.47283 0.16048 0.169575 28.5007 15
 194.500000 -0.621921 1.37925 0.505087 1.63417 0.16048 0.169575 28.5007 15
 195.000000 -0.741985 1.33279 0.548372 1.06321 0.181211 0.173333 29.5006 15
 195.500000 -1.02779 1.44691 0.745188 -15.4463 0.181211 0.173333 29.5006 15
 196.000000 -0.805562 1.67716 0.730264 -14.9365 0.181211 0.173333 29.5006 15
 196.500000 -0.686957 1.33149 0.518899 1.6039 0.181211 0.173333 29.5006 15
 197.000000 -0.558093 1.47442 0.511639 1.59823 0.181211 0.173333 29.5006 15
 197.500000 -0.337502 1.44595 0.378625 -4.15527 0.167214 0.173243 29.5115 15
 198.000000 -0.372655 1.38255 0.371273 -4.58136 0.167214 0.173243 29.5115 15
 198.500000 -0.473695 1.55048 0.497915 1.56537 0.167214 0.173243 29.5115 15
 199.000000 -0.409736 1.33515 0.371471 -4.56727 0.167214 0.173243 29.5115 15
 199.500000 -0.665805 1.41241 0.542753 1.30434 0.167214 0.173243 29.5115 15
 200.000000 -0.655413 1.31837 0.496537 1.56129 0.208452 0.17493 30.1179 15
 200.500000 -0.588112 1.4401 0.513151 1.61143 0.208452 0.17493 30.1179 15
 201.000000 -0.791046 1.42098 0.612394 -4.1108 0.208452 0.17493 30.1179 15
 201.500000 -0.806395 1.36646 0.596635 -2.24903 0.208452 0.17493 30.1179 15
 202.000000 -0.835224 1.43453 0.641267 -6.10983 0.208452 0.17493 30.1179 15
 202.500000 -0.735108 1.52527 0.628073 -5.24651 0.194718 0.187386 30.1214 14
 203.000000 -0.74835 1.46728 0.610077 -3.89401 0.194718 0.187386 30.1214 14
 203.500000 -0.496318 1.28728 0.398018 -2.17995 0.194718 0.187386 30.1214 14
 204.000000 -0.661177 1.70988 0.667126 -8.37271 0.194718 0.187386 30.1214 14
 204.500000 -0.868315 1.50344 0.68836 -10.2053 0.194718 0.187386 30.1214 14
 205.000000 -0.497284 1.46717 0.47554 1.28276 0.220971 0.185905 31.0789 14
 205.500000 -0.903924 1.39282 0.658477 -7.44443 0.220971 0.185905 31.0789 14
 206.000000 -0.483272 1.49211 0.478479 1.44056 0.220971 0.185905 31.0789 14
 206.500000 -0.473917 1.47112 0.464464 0.991734 0.220971 0.185905 31.0789 14
 207.000000 -0.59358 1.37995 0.490243 1.58102 0.220971 0.185905 31.0789 14
 207.500000 -0.737555 1.40416 0.577083 -0.474851 0.214264 0.181018 31.4512 15
 208.000000 -0.232066 1.60267 0.384833 -3.51111 0.214264 0.181018 31.4512 15
 208.500000 -0.417943 1.45917 0.42869 -0.272335 0.214264 0.181018 31.4512 15
 209.000000 -0.650912 1.23083 0.456035 0.65631 0.214264 0.181018 31.4512 15
 209.500000 -0.519991 1.39257 0.456042 0.656594 0.214264 0.181018 31.4512 15
 210.000000 -0.705429 1.28482 0.508287 1.55831 0.250882 0.18307 32.1281 15
 210.500000 -0.563273 1.49851 0.524709 1.52029 0.250882 0.18307 32.1281 15
 211.000000 -0.64494 1.25833 0.464878 0.980048 0.250882 0.18307 32.1281 15
 211.500000 -0.641958 1.5224 0.577262 -0.43125 0.250882 0.18307 32.1281 15
 212.000000 -0.483351 1.55734 0.506107 1.62544 0.250882 0.18307 32.1281 15
 212.500000 -0.245205 1.25961 0.248539 -15.3286 0.23781 0.18307 32.1281 15
 213.000000 -0.288961 1.49801 0.373396 -4.61844 0.23781 0.18307 32.1281 15
 213.500000 -0.18258 1.56962 0.343067 -6.71658 0.23781 0.18307 32.1281 15
 214.000000 -0.397216 1.5059 0.436983 -0.0578364 0.23781 0.18307 32.1281 15
 214.500000 -0.532755 1.42604 0.477271 1.40139 0.23781 0.18307 32.1281 15
 215.000000 -0.539976 1.43143 0.483483 1.52789 0.27101 0.181432 32.894 15
 215.500000 -0.695176 1.5261 0.607253 -3.36239 0.27101 0.181432 32.894 15
 216.000000 -0.684566 1.50286 0.591645 -1.61446 0.27101 0.181432 32.894 15
 216.500000 -0.724183 1.44463 0.587562 -1.24366 0.27101 0.181432 32.894 15
 217.000000 -0.510553 1.46176 0.480462 1.54219 0.27101 0.181432 32.894 15
 217.500000 -0.123403 0.89745 0.0267014 -16 0.258271 0.170092 32.894 16
 218.000000 0.259555 0.501342 -0.350732 -16 0.258271 0.170092 32.894 16
 218.500000 0.0851438 0.523417 -0.246572 -16 0.258271 0.170092 32.894 16
 219.000000 0.0286323 0.502723 -0.224765 -16 0.258271 0.170092 32.894 16
 219.500000 0.08092 0.336089 -0.323369 -16 0.258271 0.170092 32.894 16
 220.000000 -0.157806 0.433972 -0.154623 -16 0.245692 0.160087 32.894 17
 220.500000 -0.10551 0.457735 -0.172114 -15.8333 0.245692 0.160087 32.894 17
 221.000000 0.0858674 0.526078 -0.245842 -16 0.245692 0.160087 32.894 17
 221.500000 0.217854 0.493414 -0.331274 -16 0.245692 0.160087 32.894 17
 222.000000 0.137282 0.488254 -0.289642 -16 0.245692 0.160087 32.894 17
 222.500000 0.104301 0.449368 -0.28815 -16 0.23327 0.151193 32.894 18
 223.000000 0.241527 0.549486 -0.320954 -15.9322 0.23327 0.151193 32.894 18
 223.500000 0.0646102 0.496639 -0.246771 -15.9696 0.23327 0.151193 32.894 18
 224.000000 -0.0787509 0.462505 -0.184326 -15.9283 0.23327 0.151193 32.894 18
 224.500000 0.235838 0.449996 -0.359062 -15.9996 0.23327 0.151193 32.894 18
 225.000000 0.154967 0.497818 -0.295233 -15.7661 0.220999 0.151193 32.894 18
 225.500000 -0.0791891 0.472274 -0.179892 -15.8947 0.220999 0.151193 32.894 18
 226.000000 0.194428 0.532784 -0.302124 -15.5697 0.220999 0.151193 32.894 18
 226.500000 -0.209725 0.434273 -0.127063 -15.9129 0.220999 0.151193 32.894 18
 227.000000 -0.224545 0.582071 -0.0547896 -16 0.220999 0.151193 32.894 18
 227.500000 -0.275054 0.471131 -0.0765482 -16 0.208878 0.143236 32.894 19
 228.000000 -0.22153 0.477725 -0.101884 -15.8685 0.208878 0.143236 32.894 19
 228.500000 -0.0930321 0.358695 -0.221411 -15.9977 0.208878 0.143236 32.894 19
 229.000000 0.0649668 0.480308 -0.253873 -15.8856 0.208878 0.143236 32.894 19
 229.500000 -0.0136861 0.587701 -0.165703 -15.758 0.208878 0.143236 32.894 19
 230.000000 0.0174096 0.503109 -0.218548 -15.9983 0.196902 0.136074 32.894 20
 230.500000 -0.234994 0.512831 -0.0794413 -15.7559 0.196902 0.136074 32.894 20
 231.000000 -0.0346791 0.556127 -0.167834 -15.7479 0.196902 0.136074 32.894 20
 231.500000 0.150832 0.509656 -0.28803 -15.4923 0.196902 0.136074 32.894 20
 232.000000 0.0211523 0.549338 -0.200913 -15.8085 0.196902 0.136074 32.894 20
 232.500000 0.298114 0.574585 -0.341687 -15.9614 0.185067 0.129594 32.894 21
 233.000000 0.140725 0.477071 -0.296198 -15.4508 0.185067 0.129594 32.894 21
 233.500000 0.14833 0.556955 -0.266856 -15.6824 0.185067 0.129594 32.894 21
 234.000000 0.049823 0.49298 -0.240334 -15.8072 0.185067 0.129594 32.894 21
 234.500000 0.149023 0.454315 -0.310225 -15.5332 0.185067 0.129594 32.894 21
 235.000000 0.0421064 0.538606 -0.216818 -15.7489 0.173371 0.129594 32.894 21
 235.500000 0.130708 0.622224 -0.229847 -15.5588 0.173371 0.129594 32.894 21
 236.000000 0.0744271 0.581096 -0.216391 -15.5136 0.173371 0.129594 32.894 21
 236.500000 -0.0452241 0.548535 -0.165396 -15.6945 0.173371 0.129594 32.894 21
 237.000000 -0.00129138 0.432731 -0.238473 -15.63 0.173371 0.129594 32.894 21
 237.500000 0.199427 0.519604 -0.310341 -15.5341 0.161811 0.129594 32.894 21
 238.000000 0.257311 0.49872 -0.35059 -15.6817 0.161811 0.129594 32.894 21
 238.500000 0.278968 0.497273 -0.363013 -15.8011 0.161811 0.129594 32.894 21
 239.000000 -0.0827524 0.408003 -0.205635 -15.5583 0.161811 0.129594 32.894 21
 239.500000 -0.10046 0.477702 -0.166199 -15.6981 0.161811 0.129594 32.894 21
 240.000000 -0.16838 0.47355 -0.131851 -15.8422 0.150382 0.123703 32.894 22
 240.500000 0.189342 0.558063 -0.28881 -15.2597 0.150382 0.123703 32.894 22
 241.000000 0.139661 0.548266 -0.265767 -15.5728 0.150382 0.123703 32.894 22
 241.500000 0.200054 0.500757 -0.318528 -15.3011 0.150382 0.123703 32.894 22
 242.000000 -0.00916483 0.518763 -0.197555 -15.606 0.150382 0.123703 32.894 22
 242.500000 -0.189115 0.492017 -0.112827 -15.7087 0.139082 0.123703 32.894 22
 243.000000 0.202216 0.52392 -0.310066 -15.23 0.139082 0.123703 32.894 22
 243.500000 0.111279 0.541572 -0.25312 -15.6652 0.139082 0.123703 32.894 22
 244.000000 0.181861 0.452203 -0.328879 -15.4192 0.139082 0.123703 32.894 22
 244.500000 0.0104573 0.480696 -0.224342 -15.5064 0.139082 0.123703 32.894 22
 245.000000 0.0909457 0.539467 -0.242951 -15.6338 0.127909 0.118325 32.894 23
 245.500000 0.124125 0.533353 -0.263565 -15.4131 0.127909 0.118325 32.894 23
 246.000000 0.170284 0.528129 -0.290893 -15.1906 0.127909 0.118325 32.894 23
 246.500000 0.025614 0.573571 -0.193034 -15.5915 0.127909 0.118325 32.894 23
 247.000000 0.321694 0.470707 -0.397258 -15.9816 0.127909 0.118325 32.894 23
 247.500000 0.312095 0.474655 -0.390401 -15.9644 0.116859 0.113395 32.894 24
 248.000000 -0.0997625 0.512399 -0.151623 -15.4031 0.116859 0.113395 32.894 24
 248.500000 0.0830133 0.519086 -0.247245 -15.3818 0.116859 0.113395 32.894 24
 249.000000 -0.171479 0.465603 -0.133657 -15.3685 0.116859 0.113395 32.894 24
 249.500000 -0.0220499 0.469925 -0.211479 -15.3675 0.116859 0.113395 32.894 24
 250.000000 0.0638256 0.517625 -0.237468 -15.332 0.10593 0.118325 32.894 23
 250.500000 0.33362 0.463024 -0.40691 -15.7841 0.10593 0.118325 32.894 23
 251.000000 -0.130478 0.482308 -0.148209 -15.4016 0.10593 0.118325 32.894 23
 251.500000 -0.0190144 0.474141 -0.211306 -15.188 0.10593 0.118325 32.894 23
 252.000000 -0.0224118 0.537962 -0.182217 -15.601 0.10593 0.118325 32.894 23
 252.500000 0.131841 0.439883 -0.306994 -15.1778 0.0951193 0.118325 32.894 23
 253.000000 0.267336 0.499766 -0.355631 -15.5676 0.0951193 0.118325 32.894 23
 253.500000 0.177253 0.512216 -0.301335 -14.9234 0.0951193 0.118325 32.894 23
 254.000000 -0.0503231 0.439105 -0.209545 -15.2136 0.0951193 0.118325 32.894 23
 254.500000 -0.0591671 0.521469 -0.169492 -15.5669 0.0951193 0.118325 32.894 23
 255.000000 0.020284 0.5235 -0.211428 -15.1859 0.084424 0.118325 32.894 23
 255.500000 0.236278 0.463923 -0.353531 -15.5455 0.084424 0.118325 32.894 23
 256.000000 0.224109 0.439587 -0.357016 -15.581 0.084424 0.118325 32.894 23
 256.500000 0.162631 0.512171 -0.293394 -14.9478 0.084424 0.118325 32.894 23
 257.000000 0.135983 0.478649 -0.292968 -14.9503 0.084424 0.118325 32.894 23
 257.500000 0.0515758 0.549609 -0.217287 -14.863 0.0738419 0.118325 32.894 23
 258.000000 0.138032 0.47872 -0.294048 -14.9435 0.0738419 0.118325 32.894 23
 258.500000 0.360147 0.533512 -0.392645 -15.7223 0.0738419 0.118325 32.894 23
 259.000000 0.213945 0.434335 -0.35369 -15.5473 0.0738419 0.118325 32.894 23
 259.500000 0.185414 0.54494 -0.292134 -14.9543 0.0738419 0.118325 32.894 23
 260.000000 0.0843934 0.414122 -0.292297 -14.9533 0.0633706 0.118325 32.894 23
 260.500000 -0.191605 0.61279 -0.0590232 -15.7557 0.0633706 0.118325 32.894 23
 261.000000 0.10843 0.455118 -0.287957 -14.7373 0.0633706 0.118325 32.894 23
 261.500000 0.130059 0.518195 -0.273157 -14.8691 0.0633706 0.118325 32.894 23
 262.000000 0.302232 0.523588 -0.364913 -15.6292 0.0633706 0.118325 32.894 23
 262.500000 0.0503591 0.426086 -0.268971 -14.896 0.0530078 0.113395 32.894 24
 263.000000 0.320233 0.442609 -0.407974 -15.7817 0.0530078 0.113395 32.894 24
 263.500000 -0.2347 0.522944 -0.0751822 -15.601 0.0530078 0.113395 32.894 24
 264.000000 -0.185869 0.428002 -0.142379 -15.3511 0.0530078 0.113395 32.894 24
 264.500000 -0.0813903 0.547468 -0.146387 -15.3505 0.0530078 0.113395 32.894 24
 265.000000 0.354163 0.547877 -0.383491 -15.6876 0.0427513 0.113395 32.894 24
 265.500000 -0.0317125 0.52463 -0.182903 -15.1872 0.0427513 0.113395 32.894 24
 266.000000 0.198527 0.543636 -0.299844 -14.5715 0.0427513 0.113395 32.894 24
 266.500000 -0.132043 0.613638 -0.0906361 -15.5041 0.0427513 0.113395 32.894 24
 267.000000 0.0964729 0.509356 -0.258645 -14.6504 0.0427513 0.113395 32.894 24
 267.500000 0.243248 0.509206 -0.338575 -15.1934 0.0325989 0.113395 32.894 24
 268.000000 0.212126 0.484045 -0.332049 -14.856 0.0325989 0.113395 32.894 24
 268.500000 0.324441 0.486587 -0.392252 -15.4246 0.0325989 0.113395 32.894 24
 269.000000 0.0281773 0.484901 -0.232091 -14.5367 0.0325989 0.113395 32.894 24
 269.500000 0.320755 0.419706 -0.41764 -15.7097 0.0325989 0.113395 32.894 24
 270.000000 0.115916 0.530164 -0.26044 -14.6502 0.0225486 0.113395 32.894 24
 270.500000 0.174592 0.535678 -0.290089 -14.4134 0.0225486 0.113395 32.894 24
 271.000000 0.427917 0.54745 -0.424311 -15.7894 0.0225486 0.113395 32.894 24
 271.500000 0.301498 0.492561 -0.377261 -15.3225 0.0225486 0.113395 32.894 24
 272.000000 -0.169215 0.471659 -0.132229 -15.3636 0.0225486 0.113395 32.894 24
 272.500000 0.264147 0.491406 -0.357341 -15.1739 0.0125983 0.113395 32.894 24
 273.000000 -0.00693181 0.516276 -0.199819 -14.8037 0.0125983 0.113395 32.894 24
 273.500000 -0.116622 0.520585 -0.139074 -15.3538 0.0125983 0.113395 32.894 24
 274.000000 0.39896 0.571876 -0.398428 -15.3805 0.0125983 0.113395 32.894 24
 274.500000 0.0294676 0.577145 -0.193608 -14.9442 0.0125983 0.113395 32.894 24
 275.000000 -0.0173996 0.633076 -0.144333 -15.3503 0.00274596 0.113395 32.894 24
 275.500000 0.34641 0.440319 -0.42316 -15.7597 0.00274596 0.113395 32.894 24
 276.000000 0.0953629 0.444979 -0.285182 -14.3996 0.00274596 0.113395 32.894 24
 276.500000 -0.0917432 0.516587 -0.154114 -15.1187 0.00274596 0.113395 32.894 24
 277.000000 0.206701 0.516919 -0.315426 -14.5684 0.00274596 0.113395 32.894 24
 277.500000 0.221245 0.493509 -0.333082 -14.7274 -0.00701021 0.113395 32.894 24
 278.000000 -0.0451462 0.489989 -0.190511 -14.9717 -0.00701021 0.113395 32.894 24
 278.500000 0.0415204 0.565141 -0.205247 -14.6843 -0.00701021 0.113395 32.894 24
 279.000000 -0.263034 0.4835 -0.0774562 -15.5798 -0.00701021 0.113395 32.894 24
 279.500000 -0.197371 0.477827 -0.114623 -15.261 -0.00701021 0.113395 32.894 24
 280.000000 -0.327614 0.500341 -0.0361042 -15.9358 -0.0166721 0.108859 32.894 25
 280.500000 0.0292361 0.532249 -0.212549 -14.5395 -0.0166721 0.108859 32.894 25
 281.000000 0.228717 0.502329 -0.333495 -14.4428 -0.0166721 0.108859 32.894 25
 281.500000 0.0930976 0.534443 -0.246238 -14.371 -0.0166721 0.108859 32.894 25
 282.000000 0.0819029 0.536725 -0.239196 -14.3719 -0.0166721 0.108859 32.894 25
 282.500000 -0.263666 0.533787 -0.0551079 -15.5995 -0.0262416 0.108859 32.894 25
 283.000000 0.00155699 0.489909 -0.21563 -14.5002 -0.0262416 0.108859 32.894 25
 283.500000 -0.0452933 0.518187 -0.178354 -15.1307 -0.0262416 0.108859 32.894 25
 284.000000 -0.0304105 0.592278 -0.154688 -15.0984 -0.0262416 0.108859 32.894 25
 284.500000 0.00354925 0.511408 -0.207543 -14.6157 -0.0262416 0.108859 32.894 25
 285.000000 0.217637 0.392395 -0.373098 -14.9022 -0.0357203 0.108859 32.894 25
 285.500000 0.294809 0.587591 -0.334516 -14.3946 -0.0357203 0.108859 32.894 25
 286.000000 0.222127 0.434713 -0.357964 -14.4923 -0.0357203 0.108859 32.894 25
 286.500000 -0.238274 0.513456 -0.0774319 -15.3347 -0.0357203 0.108859 32.894 25
 287.000000 -0.240423 0.495606 -0.0840928 -15.3499 -0.0357203 0.108859 32.894 25
 287.500000 0.373658 0.516743 -0.406903 -15.2833 -0.04511 0.104672 32.894 26
 288.000000 0.254658 0.445436 -0.371165 -14.5345 -0.04511 0.104672 32.894 26
 288.500000 0.289845 0.453875 -0.386813 -14.6921 -0.04511 0.104672 32.894 26
 289.000000 -0.0603803 0.459908 -0.195252 -14.8246 -0.04511 0.104672 32.894 26
 289.500000 -0.0842179 0.511365 -0.160392 -15.1101 -0.04511 0.104672 32.894 26
 290.000000 0.334918 0.473411 -0.40337 -14.9361 -0.0544124 0.108859 32.894 25
 290.500000 0.00356483 0.52313 -0.202558 -14.7049 -0.0544124 0.108859 32.894 25
 291.000000 -0.000731977 0.533013 -0.196028 -14.8349 -0.0544124 0.108859 32.894 25
 291.500000 0.304623 0.480652 -0.383861 -14.4561 -0.0544124 0.108859 32.894 25
 292.000000 -0.188597 0.483957 -0.116606 -15.2078 -0.0544124 0.108859 32.894 25
 292.500000 -0.0483882 0.510103 -0.180154 -15.1122 -0.0636291 0.104672 32.894 26
 293.000000 -0.204394 0.507374 -0.0980387 -15.3206 -0.0636291 0.104672 32.894 26
 293.500000 -0.267992 0.552484 -0.0446352 -15.3366 -0.0636291 0.104672 32.894 26
 294.000000 0.118052 0.453059 -0.294017 -14.2952 -0.0636291 0.104672 32.894 26
 294.500000 -0.131545 0.408243 -0.179664 -14.832 -0.0636291 0.104672 32.894 26
 295.000000 -0.00398407 0.406134 -0.248373 -14.3384 -0.0727616 0.104672 32.894 26
 295.500000 0.233923 0.48642 -0.342928 -14.3661 -0.0727616 0.104672 32.894 26
 296.000000 -0.14014 0.489047 -0.140148 -14.9618 -0.0727616 0.104672 32.894 26
 296.500000 0.0251817 0.562631 -0.197447 -14.5739 -0.0727616 0.104672 32.894 26
 297.000000 0.12985 0.499495 -0.280895 -14.1813 -0.0727616 0.104672 32.894 26
 297.500000 0.0982426 0.441964 -0.288004 -14.2135 -0.0818114 0.104672 32.894 26
 298.000000 -0.0273466 0.491547 -0.199396 -14.5407 -0.0818114 0.104672 32.894 26
 298.500000 0.0483927 0.57398 -0.205233 -14.443 -0.0818114 0.104672 32.894 26
 299.000000 0.460518 0.458304 -0.47817 -15.9688 -0.0818114 0.104672 32.894 26
 299.500000 0.163437 0.462032 -0.314797 -14.136 -0.0818114 0.104672 32.894 26
 300.000000 0.134125 0.488145 -0.287977 -13.9469 -0.0907801 0.104672 32.894 26
 300.500000 0.134485 0.505843 -0.280746 -13.6909 -0.0907801 0.104672 32.894 26
 301.000000 0.00835082 0.481734 -0.222767 -14.1778 -0.0907801 0.104672 32.894 26
 301.500000 0.125479 0.487717 -0.28347 -13.6874 -0.0907801 0.104672 32.894 26
 302.000000 0.148839 0.517785 -0.283541 -13.6874 -0.0907801 0.104672 32.894 26
 302.500000 0.0154037 0.431477 -0.247945 -13.9177 -0.099669 0.104672 32.894 26
 303.000000 -0.205745 0.529239 -0.0878028 -15.3357 -0.099669 0.104672 32.894 26
 303.500000 0.0173781 0.489238 -0.224431 -13.9438 -0.099669 0.104672 32.894 26
 304.000000 0.144621 0.489779 -0.292983 -13.6671 -0.099669 0.104672 32.894 26
 304.500000 0.23487 0.458379 -0.355063 -14.3636 -0.099669 0.104672 32.894 26
 305.000000 -0.036963 0.486331 -0.196466 -14.5223 -0.10848 0.104672 32.894 26
 305.500000 0.219736 0.454899 -0.34829 -14.3365 -0.10848 0.104672 32.894 26
 306.000000 0.360731 0.450492 -0.426814 -15.08 -0.10848 0.104672 32.894 26
 306.500000 0.236885 0.499921 -0.338947 -14.2736 -0.10848 0.104672 32.894 26
 307.000000 0.313685 0.471386 -0.392609 -14.4759 -0.10848 0.104672 32.894 26
 307.500000 0.124529 0.415538 -0.313274 -13.9262 -0.117213 0.104672 32.894 26
 308.000000 -0.0666819 0.610806 -0.127125 -15.056 -0.117213 0.104672 32.894 26
 308.500000 0.305276 0.426885 -0.406292 -14.6346 -0.117213 0.104672 32.894 26
 309.000000 -0.177973 0.671574 -0.0408545 -15.3632 -0.117213 0.104672 32.894 26
 309.500000 -0.200888 0.542653 -0.0845488 -15.3319 -0.117213 0.104672 32.894 26
 310.000000 0.0646672 0.564877 -0.217935 -13.94 -0.125871 0.104672 32.894 26
 310.500000 0.185899 0.465717 -0.325432 -13.8054 -0.125871 0.104672 32.894 26
 311.000000 0.216435 0.586458 -0.291849 -13.4781 -0.125871 0.104672 32.894 26
 311.500000 0.127186 0.475311 -0.289605 -13.4759 -0.125871 0.104672 32.894 26
 312.000000 0.246551 0.502477 -0.343163 -14.1027 -0.125871 0.104672 32.894 26
 312.500000 0.0315942 0.575817 -0.195327 -14.0275 -0.134455 0.104672 32.894 26
 313.000000 0.390805 0.487834 -0.428062 -15.1128 -0.134455 0.104672 32.894 26
 313.500000 0.253636 0.546607 -0.328783 -13.8623 -0.134455 0.104672 32.894 26
 314.000000 0.226226 0.491544 -0.336611 -13.997 -0.134455 0.104672 32.894 26
 314.500000 -0.145718 0.550585 -0.110547 -15.2335 -0.134455 0.104672 32.894 26
 315.000000 0.00707616 0.459479 -0.23156 -13.5253 -0.142966 0.104672 32.894 26
 315.500000 0.288954 0.479492 -0.375786 -14.3842 -0.142966 0.104672 32.894 26
 316.000000 0.0852786 0.659362 -0.189295 -13.7796 -0.142966 0.104672 32.894 26
 316.500000 -0.140898 0.490456 -0.139135 -14.8867 -0.142966 0.104672 32.894 26
 317.000000 -0.210515 0.537612 -0.0816221 -15.3262 -0.142966 0.104672 32.894 26
 317.500000 -0.0245368 0.417613 -0.232505 -13.2664 -0.151405 0.104672 32.894 26
 318.000000 0.0349192 0.615097 -0.180467 -13.944 -0.151405 0.104672 32.894 26
 318.500000 -0.0596299 0.531526 -0.16493 -14.3932 -0.151405 0.104672 32.894 26
 319.000000 -0.193921 0.536799 -0.090803 -15.3361 -0.151405 0.104672 32.894 26
 319.500000 -0.099309 0.607068 -0.111106 -15.2282 -0.151405 0.104672 32.894 26
 320.000000 0.077113 0.446269 -0.274809 -13.3653 -0.159773 0.104672 32.894 26
 320.500000 -0.157786 0.496597 -0.127486 -15.0386 -0.159773 0.104672 32.894 26
 321.000000 -0.0942197 0.513573 -0.154085 -14.6451 -0.159773 0.104672 32.894 26
 321.500000 -0.0638261 0.546501 -0.156249 -14.6006 -0.159773 0.104672 32.894 26
 322.000000 0.0380437 0.408038 -0.270026 -13.0552 -0.159773 0.104672 32.894 26
 322.500000 0.222483 0.515322 -0.324702 -13.7317 -0.168072 0.104672 32.894 26
 323.000000 0.437079 0.522659 -0.439375 -15.4159 -0.168072 0.104672 32.894 26
 323.500000 0.0636731 0.462065 -0.260894 -13.0027 -0.168072 0.104672 32.894 26
 324.000000 -0.169149 0.558806 -0.0944583 -15.3314 -0.168072 0.104672 32.894 26
 324.500000 0.127349 0.55784 -0.255036 -12.9784 -0.168072 0.104672 32.894 26
 325.000000 0.0411887 0.474543 -0.243497 -12.9461 -0.176302 0.104672 32.894 26
 325.500000 -0.194772 0.50896 -0.102456 -15.2983 -0.176302 0.104672 32.894 26
 326.000000 0.267972 0.511635 -0.35108 -13.9338 -0.176302 0.104672 32.894 26
 326.500000 0.0609117 0.430774 -0.27265 -12.9061 -0.176302 0.104672 32.894 26
 327.000000 -0.105627 0.461608 -0.170382 -14.2355 -0.176302 0.104672 32.894 26
 327.500000 -0.184922 0.526394 -0.100115 -15.3113 -0.184465 0.104672 32.894 26
 328.000000 -0.101443 0.476518 -0.166185 -14.3545 -0.184465 0.104672 32.894 26
 328.500000 -0.184398 0.44264 -0.136792 -14.8306 -0.184465 0.104672 32.894 26
 329.000000 -0.00446109 0.57089 -0.177869 -14.0029 -0.184465 0.104672 32.894 26
 329.500000 0.0519485 0.565733 -0.21066 -13.0297 -0.184465 0.104672 32.894 26
 330.000000 0.00492283 0.534524 -0.198438 -13.3515 -0.192563 0.104672 32.894 26
 330.500000 0.271421 0.527356 -0.34648 -13.8432 -0.192563 0.104672 32.894 26
 331.000000 0.427401 0.509603 -0.439326 -15.4147 -0.192563 0.104672 32.894 26
 331.500000 -0.0208762 0.511929 -0.194165 -13.1993 -0.192563 0.104672 32.894 26
 332.000000 0.137383 0.442702 -0.308802 -13.2576 -0.192563 0.104672 32.894 26
 332.500000 0.275204 0.444676 -0.382639 -14.3835 -0.200595 0.104672 32.894 26
 333.000000 0.198212 0.524639 -0.307581 -13.2438 -0.200595 0.104672 32.894 26
 333.500000 0.525509 0.610289 -0.453133 -15.7407 -0.200595 0.104672 32.894 26
 334.000000 0.0303414 0.363275 -0.284914 -13.0295 -0.200595 0.104672 32.894 26
 334.500000 -0.165414 0.562824 -0.0947128 -15.0234 -0.200595 0.104672 32.894 26
 335.000000 -0.25392 0.560991 -0.0483726 -15.2763 -0.208563 0.104672 32.894 26
 335.500000 -0.121714 0.489107 -0.149942 -14.5627 -0.208563 0.104672 32.894 26
 336.000000 -0.179862 0.525486 -0.103203 -14.9674 -0.208563 0.104672 32.894 26
 336.500000 0.26515 0.427946 -0.384081 -14.1206 -0.208563 0.104672 32.894 26
 337.000000 0.224408 0.519553 -0.323997 -13.4413 -0.208563 0.104672 32.894 26
 337.500000 -0.0805679 0.56399 -0.139729 -14.7533 -0.216468 0.104672 32.894 26
 338.000000 -0.184665 0.496517 -0.113233 -14.7465 -0.216468 0.104672 32.894 26
 338.500000 -0.0562405 0.530358 -0.167253 -13.9587 -0.216468 0.104672 32.894 26
 339.000000 -0.157048 0.52575 -0.115246 -14.7236 -0.216468 0.104672 32.894 26
 339.500000 0.16999 0.464511 -0.317311 -13.3537 -0.216468 0.104672 32.894 26
 340.000000 0.117579 0.4476 -0.296057 -13.1327 -0.224311 0.104672 32.894 26
 340.500000 0.174015 0.466917 -0.318488 -13.1581 -0.224311 0.104672 32.894 26
 341.000000 0.239177 0.506435 -0.337499 -13.5464 -0.224311 0.104672 32.894 26
 341.500000 -0.169268 0.449885 -0.14165 -14.4521 -0.224311 0.104672 32.894 26
 342.000000 -0.1927 0.528111 -0.0952299 -14.9222 -0.224311 0.104672 32.894 26
 342.500000 -0.191201 0.557644 -0.0831913 -14.9741 -0.232093 0.104672 32.894 26
 343.000000 -0.216677 0.494931 -0.0969491 -14.6828 -0.232093 0.104672 32.894 26
 343.500000 0.126332 0.49915 -0.27913 -12.8033 -0.232093 0.104672 32.894 26
 344.000000 0.266612 0.528571 -0.343346 -13.6708 -0.232093 0.104672 32.894 26
 344.500000 0.144905 0.511857 -0.283885 -12.8215 -0.232093 0.104672 32.894 26
 345.000000 0.368001 0.412231 -0.446354 -15.5832 -0.239815 0.100795 32.894 27
 345.500000 0.258721 0.420086 -0.383841 -14.0872 -0.239815 0.100795 32.894 27
 346.000000 0.0850242 0.538775 -0.240026 -12.6032 -0.239815 0.100795 32.894 27
 346.500000 -0.164227 0.462163 -0.138995 -14.4404 -0.239815 0.100795 32.894 27
 347.000000 -0.141648 0.663088 -0.0641125 -14.7333 -0.239815 0.100795 32.894 27
 347.500000 -0.253743 0.442745 -0.100188 -14.6522 -0.247478 0.100795 32.894 27
 348.000000 -0.0514402 0.577427 -0.149669 -14.2945 -0.247478 0.100795 32.894 27
 348.500000 -0.0840756 0.490818 -0.169306 -13.8684 -0.247478 0.100795 32.894 27
 349.000000 -0.119212 0.50379 -0.144937 -14.3386 -0.247478 0.100795 32.894 27
 349.500000 -0.116762 0.48346 -0.15502 -14.2164 -0.247478 0.100795 32.894 27
 350.000000 0.0160207 0.493544 -0.221868 -12.687 -0.255083 0.100795 32.894 27
 350.500000 -0.171981 0.627644 -0.0631051 -14.6333 -0.255083 0.100795 32.894 27
 351.000000 0.20935 0.403244 -0.364122 -13.9648 -0.255083 0.100795 32.894 27
 351.500000 0.0428654 0.608678 -0.18752 -13.144 -0.255083 0.100795 32.894 27
 352.000000 -0.15109 0.515091 -0.12304 -14.3699 -0.255083 0.100795 32.894 27
 352.500000 0.0946854 0.624542 -0.209127 -12.5899 -0.26263 0.100795 32.894 27
 353.000000 0.0751981 0.546648 -0.231364 -12.2432 -0.26263 0.100795 32.894 27
 353.500000 -0.112557 0.475323 -0.160774 -13.891 -0.26263 0.100795 32.894 27
 354.000000 -0.141457 0.515182 -0.128139 -14.3741 -0.26263 0.100795 32.894 27
 354.500000 -0.203096 0.387323 -0.151009 -14.1864 -0.26263 0.100795 32.894 27
 355.000000 -0.106412 0.480932 -0.161632 -13.8589 -0.270121 0.100795 32.894 27
 355.500000 -0.0209722 0.4615 -0.215656 -12.2535 -0.270121 0.100795 32.894 27
 356.000000 0.274802 0.497152 -0.360787 -13.9298 -0.270121 0.100795 32.894 27
 356.500000 0.135726 0.552184 -0.261978 -12.5939 -0.270121 0.100795 32.894 27
 357.000000 0.291093 0.507049 -0.365615 -13.9783 -0.270121 0.100795 32.894 27
 357.500000 0.353122 0.454319 -0.421104 -14.6811 -0.277556 0.0971955 32.894 28
 358.000000 0.105901 0.51498 -0.261389 -12.5533 -0.277556 0.0971955 32.894 28
 358.500000 -0.104585 0.476381 -0.164568 -13.4493 -0.277556 0.0971955 32.894 28
 359.000000 -0.181359 0.463267 -0.129435 -14.1265 -0.277556 0.0971955 32.894 28
 359.500000 0.25114 0.52862 -0.334855 -13.4243 -0.277556 0.0971955 32.894 28
 360.000000 -0.406793 0.452143 -0.0160969 -15.4255 -0.284936 0.093844 32.894 29
 360.500000 -0.000608228 0.499886 -0.210213 -12.2379 -0.284936 0.093844 32.894 29
 361.000000 -0.0367271 0.556412 -0.166607 -13.3586 -0.284936 0.093844 32.894 29
 361.500000 -0.0429415 0.50433 -0.185552 -12.7645 -0.284936 0.093844 32.894 29
 362.000000 -0.27434 0.593904 -0.0231413 -14.9921 -0.284936 0.093844 32.894 29
 362.500000 0.0473369 0.56472 -0.208584 -12.2578 -0.292262 0.0971955 32.894 28
 363.000000 -0.258031 0.477816 -0.0825804 -14.4088 -0.292262 0.0971955 32.894 28
 363.500000 0.026887 0.506104 -0.222387 -11.878 -0.292262 0.0971955 32.894 28
 364.000000 0.116243 0.490615 -0.277248 -12.6983 -0.292262 0.0971955 32.894 28
 364.500000 -0.0931483 0.563818 -0.133034 -14.0437 -0.292262 0.0971955 32.894 28
 365.000000 -0.12186 0.460255 -0.162325 -13.2902 -0.299535 0.0971955 32.894 28
 365.500000 -0.32474 0.525524 -0.0265272 -14.9681 -0.299535 0.0971955 32.894 28
 366.000000 -0.112412 0.545791 -0.130455 -13.8261 -0.299535 0.0971955 32.894 28
 366.500000 -0.0621136 0.542972 -0.158684 -13.1053 -0.299535 0.0971955 32.894 28
 367.000000 0.303272 0.574497 -0.344564 -13.6316 -0.299535 0.0971955 32.894 28
 367.500000 0.00979066 0.505881 -0.213261 -11.8824 -0.306755 0.0971955 32.894 28
 368.000000 -0.334522 0.53218 -0.0184557 -15.082 -0.306755 0.0971955 32.894 28
 368.500000 -0.19943 0.54916 -0.0824947 -14.4101 -0.306755 0.0971955 32.894 28
 369.000000 -0.281347 0.564458 -0.0323208 -14.8975 -0.306755 0.0971955 32.894 28
 369.500000 0.0366938 0.619958 -0.179374 -12.3542 -0.306755 0.0971955 32.894 28
 370.000000 -0.202185 0.453904 -0.12249 -14.0132 -0.313923 0.0971955 32.894 28
 370.500000 0.304832 0.400612 -0.416834 -14.2933 -0.313923 0.0971955 32.894 28
 371.000000 0.379956 0.501614 -0.416516 -14.288 -0.313923 0.0971955 32.894 28
 371.500000 0.262809 0.467029 -0.366677 -13.9473 -0.313923 0.0971955 32.894 28
 372.000000 0.0279167 0.425277 -0.257284 -12.3357 -0.313923 0.0971955 32.894 28
 372.500000 0.243506 0.462854 -0.357903 -13.8599 -0.321041 0.0971955 32.894 28
 373.000000 0.492771 0.483983 -0.485545 -15.8405 -0.321041 0.0971955 32.894 28
 373.500000 0.266875 0.410819 -0.392081 -13.8885 -0.321041 0.0971955 32.894 28
 374.000000 0.249858 0.516938 -0.338986 -13.3005 -0.321041 0.0971955 32.894 28
 374.500000 0.403011 0.531676 -0.416973 -14.2633 -0.321041 0.0971955 32.894 28
 375.000000 0.112692 0.446151 -0.29403 -12.8063 -0.328108 0.0971955 32.894 28
 375.500000 0.408537 0.449569 -0.453277 -15.1472 -0.328108 0.0971955 32.894 28
 376.000000 0.264519 0.557972 -0.330058 -13.0586 -0.328108 0.0971955 32.894 28
 376.500000 0.383207 0.452091 -0.438426 -14.7487 -0.328108 0.0971955 32.894 28
 377.000000 -0.0664371 0.502056 -0.173921 -12.5327 -0.328108 0.0971955 32.894 28
 377.500000 -0.0624173 0.482906 -0.184294 -12.1912 -0.335125 0.093844 32.894 29
 378.000000 0.020029 0.408702 -0.260107 -12.3062 -0.335125 0.093844 32.894 29
 378.500000 0.387094 0.492078 -0.424305 -14.3852 -0.335125 0.093844 32.894 29
 379.000000 0.119651 0.484057 -0.281852 -12.4831 -0.335125 0.093844 32.894 29
 379.500000 0.158751 0.4651 -0.310976 -12.6702 -0.335125 0.093844 32.894 29
 380.000000 -0.0192164 0.58974 -0.161836 -12.5542 -0.342094 0.093844 32.894 29
 380.500000 -0.121208 0.575846 -0.112771 -13.6918 -0.342094 0.093844 32.894 29
 381.000000 -0.193148 0.592726 -0.06691 -14.4969 -0.342094 0.093844 32.894 29
 381.500000 -0.369702 0.581426 0.0217443 -15.4168 -0.342094 0.093844 32.894 29
 382.000000 -0.171927 0.569671 -0.0882624 -14.1516 -0.342094 0.093844 32.894 29
 382.500000 0.0740077 0.426913 -0.281317 -12.4825 -0.349014 0.093844 32.894 29
 383.000000 -0.17517 0.428717 -0.14772 -12.6577 -0.349014 0.093844 32.894 29
 383.500000 -0.40321 0.421872 -0.031383 -14.8903 -0.349014 0.093844 32.894 29
 384.000000 -0.361963 0.444986 -0.0425722 -14.7731 -0.349014 0.093844 32.894 29
 384.500000 0.111403 0.520047 -0.262244 -12.1582 -0.349014 0.093844 32.894 29
 385.000000 0.0706149 0.571227 -0.218485 -11.5309 -0.355887 0.093844 32.894 29
 385.500000 0.264903 0.551134 -0.333092 -13.0364 -0.355887 0.093844 32.894 29
 386.000000 0.048898 0.455882 -0.255559 -11.9519 -0.355887 0.093844 32.894 29
 386.500000 0.0986749 0.515867 -0.257096 -11.9825 -0.355887 0.093844 32.894 29
 387.000000 0.148081 0.496116 -0.292206 -12.2182 -0.355887 0.093844 32.894 29
 387.500000 0.123223 0.498866 -0.277564 -12.1686 -0.362713 0.0971955 32.894 28
 388.000000 0.423922 0.506591 -0.438632 -14.754 -0.362713 0.0971955 32.894 28
 388.500000 0.201928 0.466979 -0.333604 -12.9886 -0.362713 0.0971955 32.894 28
 389.000000 -0.100926 0.491308 -0.160088 -12.3391 -0.362713 0.0971955 32.894 28
 389.500000 0.234786 0.460467 -0.354153 -13.4326 -0.362713 0.0971955 32.894 28
 390.000000 -0.0600802 0.529659 -0.165488 -12.1947 -0.369493 0.100795 32.894 27
 390.500000 0.331147 0.445835 -0.412594 -14.2124 -0.369493 0.100795 32.894 27
 391.000000 0.107673 0.547689 -0.248583 -11.7325 -0.369493 0.100795 32.894 27
 391.500000 -0.00964719 0.476633 -0.21527 -11.3185 -0.369493 0.100795 32.894 27
 392.000000 0.124483 0.532157 -0.264261 -11.8727 -0.369493 0.100795 32.894 27
 392.500000 0.0829946 0.495695 -0.25711 -11.8331 -0.376227 0.100795 32.894 27
 393.000000 0.192712 0.581036 -0.281083 -11.6532 -0.376227 0.100795 32.894 27
 393.500000 0.16086 0.406934 -0.33644 -13.1017 -0.376227 0.100795 32.894 27
 394.000000 0.22705 0.440417 -0.358266 -13.5292 -0.376227 0.100795 32.894 27
 394.500000 0.12512 0.389424 -0.324558 -12.7397 -0.376227 0.100795 32.894 27
 395.000000 0.435176 0.429072 -0.476098 -15.7042 -0.382916 0.0971955 32.894 28
 395.500000 0.332982 0.469335 -0.40398 -14.0445 -0.382916 0.0971955 32.894 28
 396.000000 0.197839 0.574705 -0.286531 -11.6836 -0.382916 0.0971955 32.894 28
 396.500000 0.290105 0.438406 -0.393317 -13.9028 -0.382916 0.0971955 32.894 28
 397.000000 0.422125 0.523957 -0.43062 -14.541 -0.382916 0.0971955 32.894 28
 397.500000 0.269623 0.475325 -0.366964 -13.6082 -0.38956 0.0971955 32.894 28
 398.000000 0.167942 0.525015 -0.290917 -11.7515 -0.38956 0.0971955 32.894 28
 398.500000 0.232942 0.464173 -0.351615 -13.1917 -0.38956 0.0971955 32.894 28
 399.000000 -0.0300208 0.521924 -0.184971 -11.5428 -0.38956 0.0971955 32.894 28
 399.500000 -0.0717342 0.442912 -0.19649 -11.3824 -0.38956 0.0971955 32.894 28
 400.000000 0.332428 0.488278 -0.395927 -13.6716 -0.396161 0.0971955 32.894 28
 400.500000 0.155067 0.476293 -0.304296 -12.0545 -0.396161 0.0971955 32.894 28
 401.000000 0.144231 0.494979 -0.290592 -11.7461 -0.396161 0.0971955 32.894 28
 401.500000 0.418554 0.5537 -0.416616 -13.8321 -0.396161 0.0971955 32.894 28
 402.000000 0.266575 0.529951 -0.342755 -13.0819 -0.396161 0.0971955 32.894 28
 402.500000 0.217506 0.500703 -0.328058 -12.7821 -0.402718 0.0971955 32.894 28
 403.000000 0.345738 0.465591 -0.412474 -13.7297 -0.402718 0.0971955 32.894 28
 403.500000 -0.247148 0.57018 -0.0479523 -14.7445 -0.402718 0.0971955 32.894 28
 404.000000 -0.453153 0.558644 0.0552908 -15.9165 -0.402718 0.0971955 32.894 28
 404.500000 -0.0247164 0.632144 -0.140752 -12.5542 -0.402718 0.0971955 32.894 28
 405.000000 0.387242 0.395798 -0.463481 -15.1766 -0.409233 0.100795 32.894 27
 405.500000 0.241935 0.495653 -0.34347 -12.7998 -0.409233 0.100795 32.894 27
 406.000000 0.236331 0.361577 -0.395941 -13.4058 -0.409233 0.100795 32.894 27
 406.500000 0.329561 0.603212 -0.347291 -12.8537 -0.409233 0.100795 32.894 27
 407.000000 0.181817 0.417507 -0.343326 -12.7977 -0.409233 0.100795 32.894 27
 407.500000 0.447313 0.411553 -0.489771 -15.2946 -0.415705 0.0971955 32.894 28
 408.000000 0.138757 0.471384 -0.297517 -11.833 -0.415705 0.0971955 32.894 28
 408.500000 0.271642 0.43978 -0.382722 -13.1975 -0.415705 0.0971955 32.894 28
 409.000000 0.271625 0.470901 -0.36988 -13.0732 -0.415705 0.0971955 32.894 28
 409.500000 0.163936 0.551689 -0.277582 -11.5796 -0.415705 0.0971955 32.894 28
 410.000000 -0.0406267 0.44786 -0.210973 -11.2562 -0.422136 0.0971955 32.894 28
 410.500000 -0.328589 0.477532 -0.0456397 -14.7672 -0.422136 0.0971955 32.894 28
 411.000000 -0.212905 0.486548 -0.1026 -13.8655 -0.422136 0.0971955 32.894 28
 411.500000 -0.268543 0.601623 -0.0228434 -15.0202 -0.422136 0.0971955 32.894 28
 412.000000 0.293929 0.461531 -0.385887 -13.2331 -0.422136 0.0971955 32.894 28
 412.500000 0.174876 0.541527 -0.287802 -11.6804 -0.428526 0.0971955 32.894 28
 413.000000 0.501377 0.558394 -0.460493 -14.6845 -0.428526 0.0971955 32.894 28
 413.500000 0.213187 0.464619 -0.340698 -12.6428 -0.428526 0.0971955 32.894 28
 414.000000 -0.175849 0.53443 -0.101457 -13.8922 -0.428526 0.0971955 32.894 28
 414.500000 -0.0680445 0.549343 -0.152759 -12.141 -0.428526 0.0971955 32.894 28
 415.000000 -0.147563 0.487566 -0.136838 -12.6915 -0.434875 0.0971955 32.894 28
 415.500000 -0.0450452 0.530924 -0.173033 -11.5899 -0.434875 0.0971955 32.894 28
 416.000000 -0.0412598 0.51375 -0.182422 -11.4023 -0.434875 0.0971955 32.894 28
 416.500000 -0.196436 0.410308 -0.144505 -12.2001 -0.434875 0.0971955 32.894 28
 417.000000 -0.352432 0.511477 -0.018186 -15.0893 -0.434875 0.0971955 32.894 28
 417.500000 -0.0958807 0.518012 -0.151284 -12.0398 -0.441184 0.0971955 32.894 28
 418.000000 0.101684 0.54004 -0.248546 -11.308 -0.441184 0.0971955 32.894 28
 418.500000 0.0905312 0.458437 -0.276903 -11.3472 -0.441184 0.0971955 32.894 28
 419.000000 0.108736 0.495997 -0.270917 -11.3417 -0.441184 0.0971955 32.894 28
 419.500000 0.127723 0.49728 -0.28067 -11.3612 -0.441184 0.0971955 32.894 28
 420.000000 0.157293 0.473702 -0.306587 -11.7571 -0.447454 0.0938439 32.894 29
 420.500000 0.33219 0.36756 -0.445168 -14.4999 -0.447454 0.0938439 32.894 29
 421.000000 0.191643 0.548718 -0.293963 -11.2925 -0.447454 0.0938439 32.894 29
 421.500000 0.276736 0.38191 -0.409327 -13.6143 -0.447454 0.0938439 32.894 29
 422.000000 0.420347 0.433711 -0.466138 -14.6959 -0.447454 0.0938439 32.894 29
 422.500000 0.117526 0.45525 -0.292812 -11.2825 -0.453684 0.0938439 32.8941 29
 423.000000 0.209928 0.593247 -0.285452 -10.9824 -0.453684 0.0938439 32.8941 29
 423.500000 -0.0308364 0.471391 -0.206143 -11.0013 -0.453684 0.0938439 32.8941 29
 424.000000 -0.262865 0.448422 -0.0929075 -13.7021 -0.453684 0.0938439 32.8941 29
 424.500000 -0.263068 0.497415 -0.0713454 -14.4239 -0.453684 0.0938439 32.8941 29
 425.000000 -0.219846 0.538231 -0.0763944 -14.2946 -0.459876 0.0938439 32.8941 29
 425.500000 -0.271532 0.53958 -0.0484109 -14.5072 -0.459876 0.0938439 32.8941 29
 426.000000 -0.292514 0.546454 -0.0343104 -14.7602 -0.459876 0.0938439 32.8941 29
 426.500000 -0.422871 0.579654 0.0488257 -15.8163 -0.459876 0.0938439 32.8941 29
 427.000000 -0.466914 0.464108 0.0203435 -15.4155 -0.459876 0.0938439 32.8941 29
 427.500000 -0.0800879 0.545472 -0.147945 -11.7768 -0.46603 0.0938439 32.8941 29
 428.000000 -0.251905 0.519554 -0.0675547 -14.1413 -0.46603 0.0938439 32.8941 29
 428.500000 -0.277787 0.547635 -0.0415752 -14.6311 -0.46603 0.0938439 32.8941 29
 429.000000 -0.478489 0.5009 0.0427242 -15.6927 -0.46603 0.0938439 32.8941 29
 429.500000 -0.0791412 0.427487 -0.199175 -11.0519 -0.46603 0.0938439 32.8941 29
 430.000000 -0.245729 0.564075 -0.0513721 -14.4507 -0.472146 0.0938439 32.8941 29
 430.500000 -0.31684 0.510267 -0.0373926 -14.3733 -0.472146 0.0938439 32.8941 29
 431.000000 -0.10955 0.560879 -0.125486 -12.0595 -0.472146 0.0938439 32.8941 29
 431.500000 -0.290583 0.580837 -0.0202528 -14.7796 -0.472146 0.0938439 32.8941 29
 432.000000 -0.116703 0.53582 -0.132456 -11.8328 -0.472146 0.0938439 32.8941 29
 432.500000 0.115213 0.551015 -0.251289 -11.2156 -0.478225 0.0907158 32.8941 30
 433.000000 0.116365 0.584613 -0.237791 -10.9154 -0.478225 0.0907158 32.8941 30
 433.500000 0.107498 0.435893 -0.295546 -10.9688 -0.478225 0.0907158 32.8941 30
 434.000000 0.398254 0.363464 -0.482557 -14.8191 -0.478225 0.0907158 32.8941 30
 434.500000 0.130036 0.486864 -0.286298 -10.8873 -0.478225 0.0907158 32.8941 30
 435.000000 0.108858 0.498255 -0.270033 -10.8737 -0.484267 0.0907158 32.8941 30
 435.500000 0.372975 0.487415 -0.418467 -13.8218 -0.484267 0.0907158 32.8941 30
 436.000000 0.368675 0.464157 -0.425584 -14.0198 -0.484267 0.0907158 32.8941 30
 436.500000 0.00346679 0.544412 -0.19344 -11.0671 -0.484267 0.0907158 32.8941 30
 437.000000 -0.347603 0.52432 -0.0150523 -14.8978 -0.484267 0.0907158 32.8941 30
 437.500000 -0.271318 0.495337 -0.0679053 -13.9267 -0.490273 0.0907158 32.8941 30
 438.000000 -0.218175 0.462602 -0.110253 -12.6274 -0.490273 0.0907158 32.8941 30
 438.500000 -0.296393 0.488175 -0.0578492 -13.7126 -0.490273 0.0907158 32.8941 30
 439.000000 -0.198979 0.500219 -0.104026 -12.8834 -0.490273 0.0907158 32.8941 30
 439.500000 -0.304334 0.567434 -0.0188596 -14.712 -0.490273 0.0907158 32.8941 30
 440.000000 -0.452464 0.458938 0.0105756 -15.385 -0.496243 0.0877895 32.8941 31
 440.500000 -0.410026 0.49222 0.00335946 -14.9948 -0.496243 0.0877895 32.8941 31
 441.000000 -0.186688 0.571671 -0.079507 -13.4799 -0.496243 0.0877895 32.8941 31
 441.500000 0.0330006 0.45507 -0.247357 -10.7193 -0.496243 0.0877895 32.8941 31
 442.000000 0.254379 0.491954 -0.351786 -12.5989 -0.496243 0.0877895 32.8941 31
 442.500000 0.263141 0.463623 -0.368264 -12.931 -0.502178 0.0877895 32.8941 31
 443.000000 0.16048 0.470012 -0.309858 -11.0899 -0.502178 0.0877895 32.8941 31
 443.500000 0.477126 0.492141 -0.473682 -14.7107 -0.502178 0.0877895 32.8941 31
 444.000000 0.461709 0.449738 -0.482265 -14.7963 -0.502178 0.0877895 32.8941 31
 444.500000 0.207257 0.473421 -0.333818 -11.9277 -0.502178 0.0877895 32.8941 31
 445.000000 0.337329 0.501837 -0.393061 -12.9473 -0.508078 0.0877895 32.8941 31
 445.500000 0.417103 0.490137 -0.441544 -14.222 -0.508078 0.0877895 32.8941 31
 446.000000 0.269417 0.488769 -0.361305 -12.4406 -0.508078 0.0877895 32.8941 31
 446.500000 -0.0230742 0.480291 -0.206501 -10.893 -0.508078 0.0877895 32.8941 31
 447.000000 0.042368 0.519375 -0.225116 -10.7984 -0.508078 0.0877895 32.8941 31
 447.500000 0.0196029 0.454247 -0.240511 -10.7579 -0.513943 0.0877895 32.8941 31
 448.000000 0.263064 0.409465 -0.390576 -12.5868 -0.513943 0.0877895 32.8941 31
 448.500000 0.257719 0.575067 -0.319259 -11.3982 -0.513943 0.0877895 32.8941 31
 449.000000 0.285559 0.492232 -0.368689 -12.4543 -0.513943 0.0877895 32.8941 31
 449.500000 0.263137 0.463381 -0.368362 -12.4539 -0.513943 0.0877895 32.8941 31
 450.000000 0.288367 0.446868 -0.388891 -12.5643 -0.519774 0.0877895 32.8941 31
 450.500000 0.41315 0.518709 -0.427807 -13.4683 -0.519774 0.0877895 32.8941 31
 451.000000 0.454512 0.470007 -0.470173 -14.6643 -0.519774 0.0877895 32.8941 31
 451.500000 0.496341 0.391324 -0.524567 -15.6962 -0.519774 0.0877895 32.8941 31
 452.000000 0.391265 0.443099 -0.446474 -14.2609 -0.519774 0.0877895 32.8941 31
 452.500000 -0.0308429 0.525161 -0.183144 -11.1297 -0.525571 0.0877895 32.8941 31
 453.000000 -0.221511 0.482503 -0.0998105 -13.0298 -0.525571 0.0877895 32.8941 31
 453.500000 -0.301245 0.610545 -0.00157866 -14.9467 -0.525571 0.0877895 32.8941 31
 454.000000 -0.108313 0.489265 -0.157024 -11.0543 -0.525571 0.0877895 32.8941 31
 454.500000 0.183496 0.507828 -0.306565 -10.9921 -0.525571 0.0877895 32.8941 31
 455.000000 0.232876 0.50443 -0.334892 -11.9559 -0.531334 0.0877895 32.8941 31
 455.500000 0.362798 0.536912 -0.392717 -12.2972 -0.531334 0.0877895 32.8941 31
 456.000000 0.120791 0.485221 -0.28198 -10.5374 -0.531334 0.0877895 32.8941 31
 456.500000 0.482074 0.507622 -0.470191 -14.6645 -0.531334 0.0877895 32.8941 31
 457.000000 0.172967 0.475479 -0.314344 -11.1342 -0.531334 0.0877895 32.8941 31
 457.500000 0.167462 0.417748 -0.33548 -11.6866 -0.537065 0.0877895 32.8941 31
 458.000000 0.0299244 0.536001 -0.211328 -10.616 -0.537065 0.0877895 32.8941 31
 458.500000 0.162068 0.437257 -0.324414 -11.2123 -0.537065 0.0877895 32.8941 31
 459.000000 -0.224825 0.525363 -0.0793615 -13.4862 -0.537065 0.0877895 32.8941 31
 459.500000 -0.148844 0.527873 -0.118704 -12.2315 -0.537065 0.0877895 32.8941 31
 460.000000 -0.192667 0.611822 -0.0588741 -13.6706 -0.542763 0.0907158 32.8941 30
 460.500000 -0.174358 0.540311 -0.0997003 -13.0126 -0.542763 0.0907158 32.8941 30
 461.000000 -0.200189 0.45517 -0.122994 -12.078 -0.542763 0.0907158 32.8941 30
 461.500000 0.160569 0.48131 -0.305181 -10.8841 -0.542763 0.0907158 32.8941 30
 462.000000 0.025642 0.435507 -0.251717 -10.4849 -0.542763 0.0907158 32.8941 30
 462.500000 0.138426 0.511852 -0.280366 -10.5504 -0.548428 0.0907158 32.8941 30
 463.000000 0.0219475 0.5657 -0.194389 -10.7722 -0.548428 0.0907158 32.8941 30
 463.500000 -0.311083 0.517886 -0.0370691 -13.7578 -0.548428 0.0907158 32.8941 30
 464.000000 0.162902 0.467059 -0.312405 -10.858 -0.548428 0.0907158 32.8941 30
 464.500000 0.162735 0.456709 -0.316642 -10.9659 -0.548428 0.0907158 32.8941 30
 465.000000 0.432634 0.494678 -0.44823 -14.3407 -0.554062 0.0907158 32.8941 30
 465.500000 0.155347 0.407484 -0.333241 -11.3583 -0.554062 0.0907158 32.8941 30
 466.000000 0.124581 0.53207 -0.264351 -10.2916 -0.554062 0.0907158 32.8941 30
 466.500000 0.568177 0.384955 -0.566187 -15.9974 -0.554062 0.0907158 32.8941 30
 467.000000 0.282675 0.521824 -0.354924 -11.7845 -0.554062 0.0907158 32.8941 30
 467.500000 0.13402 0.575872 -0.251109 -10.3731 -0.559664 0.0907158 32.8942 30
 468.000000 -0.0101774 0.477769 -0.2145 -10.5307 -0.559664 0.0907158 32.8942 30
 468.500000 -0.00511185 0.511299 -0.202922 -10.6729 -0.559664 0.0907158 32.8942 30
 469.000000 0.373803 0.440267 -0.438105 -13.7575 -0.559664 0.0907158 32.8942 30
 469.500000 -0.18218 0.539711 -0.0957908 -13.12 -0.559664 0.0907158 32.8942 30
 470.000000 -0.433331 0.431564 -0.0114933 -14.6636 -0.565235 0.0907158 32.8942 30
 470.500000 0.0825343 0.596269 -0.214406 -10.532 -0.565235 0.0907158 32.8942 30
 471.000000 0.453404 0.474434 -0.467784 -14.3233 -0.565235 0.0907158 32.8942 30
 471.500000 0.315424 0.517171 -0.374779 -12.0687 -0.565235 0.0907158 32.8942 30
 472.000000 0.166395 0.447327 -0.322544 -11.1096 -0.565235 0.0907158 32.8942 30
 472.500000 0.23957 0.526944 -0.329219 -11.2683 -0.570775 0.0907158 32.8942 30
 473.000000 0.426569 0.467026 -0.456074 -14.1427 -0.570775 0.0907158 32.8942 30
 473.500000 0.14064 0.504466 -0.284666 -10.2294 -0.570775 0.0907158 32.8942 30
 474.000000 0.113969 0.577316 -0.23955 -10.2087 -0.570775 0.0907158 32.8942 30
 474.500000 -0.341335 0.565029 -0.000404802 -14.5597 -0.570775 0.0907158 32.8942 30
 475.000000 -0.0801281 0.531531 -0.153915 -11.1379 -0.576285 0.0907158 32.8942 30
 475.500000 0.233554 0.472183 -0.348628 -11.3848 -0.576285 0.0907158 32.8942 30
 476.000000 0.4836 0.43809 -0.498906 -15.0465 -0.576285 0.0907158 32.8942 30
 476.500000 0.189097 0.510059 -0.308686 -10.6397 -0.576285 0.0907158 32.8942 30
 477.000000 -0.0477272 0.482795 -0.192209 -10.7133 -0.576285 0.0907158 32.8942 30
 477.500000 -0.411912 0.636429 0.0682218 -15.9614 -0.581764 0.0877895 32.8942 31
 478.000000 -0.121743 0.626544 -0.0906179 -13.0982 -0.581764 0.0877895 32.8942 31
 478.500000 -0.213792 0.524897 -0.0854192 -13.1817 -0.581764 0.0877895 32.8942 31
 479.000000 0.469357 0.545496 -0.447971 -13.9759 -0.581764 0.0877895 32.8942 31
 479.500000 0.270984 0.483105 -0.364497 -11.7446 -0.581764 0.0877895 32.8942 31
 480.000000 0.168592 0.451959 -0.321797 -10.8438 -0.587214 0.0907158 32.8942 30
 480.500000 -0.0311344 0.506427 -0.190999 -10.7164 -0.587214 0.0907158 32.8942 30
 481.000000 0.34011 0.45636 -0.413175 -12.8411 -0.587214 0.0907158 32.8942 30
 481.500000 0.294047 0.547776 -0.350477 -11.1709 -0.587214 0.0907158 32.8942 30
 482.000000 0.17241 0.577566 -0.271403 -10.0997 -0.587214 0.0907158 32.8942 30
 482.500000 -0.356594 0.509563 -0.0168514 -14.2161 -0.592634 0.0907158 32.8942 30
 483.000000 -0.126698 0.590865 -0.10334 -12.6933 -0.592634 0.0907158 32.8942 30
 483.500000 -0.08375 0.541474 -0.147696 -10.9662 -0.592634 0.0907158 32.8942 30
 484.000000 -0.170491 0.558858 -0.0937187 -13.0502 -0.592634 0.0907158 32.8942 30
 484.500000 0.286692 0.534563 -0.351879 -11.2151 -0.592634 0.0907158 32.8942 30
 485.000000 0.347857 0.41301 -0.435094 -13.6616 -0.598024 0.0938439 32.8942 29
 485.500000 0.0133309 0.534138 -0.203146 -10.6842 -0.598024 0.0938439 32.8942 29
 486.000000 -0.113564 0.531076 -0.136184 -11.3022 -0.598024 0.0938439 32.8942 29
 486.500000 -0.30671 0.570112 -0.0164287 -13.9339 -0.598024 0.0938439 32.8942 29
 487.000000 -0.0334976 0.491497 -0.196115 -10.7303 -0.598024 0.0938439 32.8942 29
 487.500000 -0.262453 0.536931 -0.0543733 -13.3396 -0.603386 0.0938439 32.8942 29
 488.000000 -0.174402 0.551529 -0.0948095 -12.999 -0.603386 0.0938439 32.8942 29
 488.500000 -0.0921879 0.462067 -0.177347 -10.7544 -0.603386 0.0938439 32.8942 29
 489.000000 -0.0237839 0.587927 -0.160135 -10.8153 -0.603386 0.0938439 32.8942 29
 489.500000 0.0076792 0.45455 -0.233983 -10.3056 -0.603386 0.0938439 32.8942 29
 490.000000 0.238542 0.400416 -0.381057 -12.0711 -0.60872 0.0938439 32.8942 29
 490.500000 0.441292 0.530291 -0.438615 -13.3633 -0.60872 0.0938439 32.8942 29
 491.000000 0.430079 0.532616 -0.431499 -13.1724 -0.60872 0.0938439 32.8942 29
 491.500000 -0.00969182 0.49212 -0.208638 -10.6316 -0.60872 0.0938439 32.8942 29
 492.000000 0.360271 0.404183 -0.445433 -13.5178 -0.60872 0.0938439 32.8942 29
 492.500000 0.210699 0.442024 -0.348738 -11.1086 -0.614025 0.0938439 32.8942 29
 493.000000 0.483997 0.399293 -0.514663 -15.5082 -0.614025 0.0938439 32.8942 29
 493.500000 0.036069 0.480494 -0.238213 -10.2563 -0.614025 0.0938439 32.8942 29
 494.000000 -0.0207632 0.535908 -0.183984 -10.7554 -0.614025 0.0938439 32.8942 29
 494.500000 0.488703 0.541789 -0.460141 -13.8413 -0.614025 0.0938439 32.8942 29
 495.000000 -0.172363 0.490697 -0.122295 -11.8371 -0.619302 0.0938439 32.8942 29
 495.500000 -0.171184 0.474792 -0.129824 -11.3327 -0.619302 0.0938439 32.8942 29
 496.000000 0.153725 0.491438 -0.297229 -10.3176 -0.619302 0.0938439 32.8942 29
 496.500000 -0.0780028 0.512047 -0.163429 -10.7721 -0.619302 0.0938439 32.8942 29
 497.000000 -0.212605 0.59121 -0.0571764 -13.0055 -0.619302 0.0938439 32.8942 29
 497.500000 -0.0388353 0.456421 -0.208265 -10.6357 -0.624551 0.0938439 32.8942 29
 498.000000 0.25656 0.591704 -0.311745 -10.4154 -0.624551 0.0938439 32.8942 29
 498.500000 0.148169 0.535469 -0.275768 -10.1497 -0.624551 0.0938439 32.8942 29
 499.000000 0.156833 0.497171 -0.296517 -10.3121 -0.624551 0.0938439 32.8942 29
 499.500000 -0.0838399 0.43616 -0.192944 -10.5176 -0.624551 0.0938439 32.8942 29
 500.000000 0.287153 0.530768 -0.353694 -10.8957 -0.629772 0.0938439 32.8942 29
