#! FIELDS time cv.node-0 sigma_cv.node-0 height logweight
#! SET action OPES_METAD_kernels
#! SET biasfactor                      16
#! SET epsilon   3.872940653519386e-08
#! SET kernel_cutoff       5.842373946721771
#! SET compression_threshold                       1
                     25     0.1931503117084503   0.002919900301158741  1.062430625987056e-07                    -16
                   27.5      0.212259367108345   0.002968947844758272  1.044879084102756e-07                    -16
                     30     0.2038561254739761    0.00283314338387779    0.02400778843275414     -3.702003299447123
                   32.5     0.1964528262615204   0.002671913784127862     0.1162821086588433     -2.182954228196566
                     35     0.2279703170061111   0.003023551053933562  1.026050791322023e-07     -15.99995956272375
                   37.5     0.2202407419681549   0.003198696271060002   4.90312394178746e-07     -14.37949294614368
                     40     0.6322434544563293     0.0192018090996551  1.615572516464397e-08                    -16
                   42.5     0.5288528203964233    0.02640674028986623  1.174780196618792e-08      -15.9999935367838
                     45     0.4528548419475555    0.03238162405546998  1.131977160160737e-08     -15.83313698558653
                   47.5     0.5824798345565796    0.03536236749598013  2.775981521958742e-08      -14.8480413158812
                     50     0.4776021838188171    0.03834260703599379  1.011402885253311e-07     -13.47420870324808
                   52.5     0.6833705902099609    0.04052888269628237  1.620854951950636e-08     -15.24972526066237
                     55     0.4062059819698334    0.04139970700755297  2.017772489246781e-07     -12.70684082019512
                   57.5     0.6350044012069702    0.04141781888554079  3.091884253264617e-07     -12.27961690689554
                     60     0.5532227158546448    0.04142263476967666  7.414155838563692e-07     -11.40489020975422
                   62.5     0.3387725353240967    0.04101410470450217  4.498490995344741e-07     -11.91445076785635
                     65     0.7773470282554626    0.04248304090886076   2.55536475969344e-08     -14.74739395633806
                   67.5     0.7408923506736755    0.04338887984865906  3.284537252718607e-07     -12.17267983990306
                     70      0.629046618938446    0.04346012557453231  3.920211157385842e-06     -9.691534322476958
                   72.5     0.4854078888893127     0.0427738228317899  2.955760053884169e-06      -9.98984157914423
                     75      0.549470067024231     0.0425716063215766  1.850066578488913e-05     -8.160529473171025
                   77.5     0.7639915943145752    0.04281942782629212  2.921402418822477e-06     -10.00046800358767
                     80     0.6632639169692993    0.04252923516438738  2.809439648127193e-05     -7.743761837118256
                   82.5     0.5799753665924072    0.04216181435133846  0.0001304505275719602     -6.217014711733401
                     85     0.4240956008434296    0.04208827650553214  1.176111419650374e-05     -8.624955789070501
                   87.5     0.5374562740325928    0.04168916454769889  0.0005676295190114115     -4.757813503053122
                     90     0.7297123074531555    0.04166173198263236  7.260820096811127e-05     -6.814862820112443
                   92.5     0.6793649196624756    0.04138239945585506  0.0004126927909657242     -5.083964580612303
                     95     0.2897449135780334    0.04170199707744198   2.33364836004049e-06     -10.25154182383728
                   97.5     0.8725144863128662    0.04243017574816937  2.416201093907544e-06     -10.19946739363956
                    100     0.5469915270805359    0.04145844346377297   0.004049768937350528     -2.798417036573825
                  102.5     0.5528784394264221      0.038150311610691    0.02497552754700781     -1.062338053727372
                    105     0.2907931506633759    0.03826866844808633  1.955256174124793e-05     -8.211785887345297
                  107.5     0.3766030669212341    0.03823764934337329  6.676362687175333e-05     -6.984544666276419
                    110      0.695792555809021    0.03781052202385411   0.002651013155166977     -3.314239112832571
                  112.5     0.6511005163192749    0.03622546273696688    0.01349029988783268     -1.730035264332855
                    115     0.7814322113990784    0.03593330519690742     0.0015707559667945     -3.888546829004253
                  117.5     0.7349226474761963    0.03473410479471375    0.01733170206293865      -1.52150906166268
                    120     0.6057553887367249    0.03307491518606916    0.07922162415461687   -0.05074398726273763
                  122.5     0.3932609260082245    0.03308839919859648  0.0003528253213548976     -5.464367868087867
                    125      0.450246125459671    0.03275309217506299   0.003947019982203768     -3.059810192296334
                  127.5      0.579644501209259    0.03396250060881904     0.2232376801869689      1.011725600201241
                    130     0.4928871095180511    0.03295666790060357    0.03768182709116635    -0.7973968838830731
                  132.5     0.2497345060110092    0.03307078400015118  3.772983570019857e-05      -7.70042229240868
                    135     0.6983351111412048    0.03232090819809951    0.04435214801653417    -0.6538929524560936
                  137.5     0.4870873689651489    0.03105202773526889     0.0925156584056782    0.04127359520598226
                    140     0.2251323014497757    0.03112143061711865  8.436618060056792e-05     -6.956460419005928
                  142.5     0.3055907189846039     0.0311670512955961  0.0001307536155415877     -6.516847462286562
                    145     0.3139542639255524    0.03112296597412238  0.0004241642880670152     -5.341456851299801
                  147.5     0.5560702681541443    0.03154137387072242     0.3739028793699148      1.453527796300067
                    150     0.7672415375709534    0.03162810233424527     0.0209662412882638     -1.424808800502056
                  152.5      0.720186173915863     0.0310543327319653    0.06910669565493489     -0.250378463527134
                    155       0.64829421043396    0.03023460473246526     0.1002448528890808    0.09483441579966528
                  157.5    -0.1307561844587326    0.03213308847523605  9.654196505793814e-09                    -16
                    160   -0.03597751259803772    0.03349806137100292  9.550598658129805e-09      -15.9691875778654
                  162.5    0.04751177877187729    0.03441543022212549  1.010607801073245e-08     -15.88563694187525
                    165    0.06772298365831375     0.0351507901662526  3.085705145971006e-08     -14.74826659023156
                  167.5   -0.06008883565664291    0.03610900835241792  2.783162292315739e-08      -14.8245637222475
                    170    0.01712642051279545    0.03642664362772303  6.179789436974494e-08     -14.01810921786696
                  172.5   -0.09066355228424072    0.03676532346104613  7.201145605565664e-08     -13.85589866281991
                    175    0.08121299743652344    0.03678039719058819  1.272162085413335e-07     -13.28642589810576
                  177.5    0.03200148791074753    0.03674438421243836  3.047555754477254e-07     -12.41378351795992
                    180   -0.04168612137436867    0.03746874681132506  2.810985210093561e-07     -12.47506660115801
                  182.5    -0.2469855695962906    0.03831175727115235  8.147507313299112e-09      -15.9938101279634
                    185    -0.2105566561222076    0.03896906785971197  2.200657542270072e-08     -14.98316949355896
                  187.5    0.07997062057256699     0.0389137831842333  6.365569849705133e-07     -11.61985653075777
                    190    -0.2542242109775543    0.03953839583682006  5.659060523314419e-08     -14.02416375231318
                  192.5    -0.4209565222263336    0.03968994679137461   7.86277322823087e-09     -15.99404168632279
                    195    -0.1301433593034744    0.03963295271605663  1.829559703876698e-07     -12.84837254830548
                  197.5  -0.001178337843157351    0.03945577729471696  1.067841121362206e-06     -11.08870425648815
                    200    -0.5514916777610779    0.03940273656420452   7.96320217679133e-09       -15.988612512428
                  202.5    -0.1431703418493271    0.03962831451835414  4.937730443180216e-07     -11.85565912172985
                    205    -0.2679276764392853    0.03987171126647208   1.82494358993683e-07     -12.84489264019377
                  207.5    0.08988898992538452    0.04017109745916584  1.900346635185957e-06     -10.49433962829109
                    210    -0.1157828569412231     0.0399903492496265  1.425630670231515e-06     -10.78627125810195
                  212.5  -0.008706904016435146    0.04025259601371767  3.308122086145696e-06     -9.937968523928355
                    215    0.08841312676668167    0.04011661726393925  5.602824044368128e-06     -9.414462297411745
                  217.5     0.1562089771032333    0.04037991094601007  1.862631265337976e-05     -8.206616058460773
                    220    -0.2258736342191696    0.04032800346136003  6.504484784538201e-07     -11.56257079030815
                  222.5    -0.2189447581768036    0.04019554801803989  2.029209653690603e-06     -10.42812107800172
                    225     0.1602920889854431    0.04003565700772233  5.261124346951244e-05     -7.176823372462289
                  227.5    -0.7892996072769165    0.04045816204879761  7.667653070938422e-09                    -16
                    230    -0.4456499814987183    0.04107008610481563  2.536550912910406e-08     -14.78860861730987
                  232.5    -0.4015356600284576    0.04131443302937285  6.397156210377166e-08     -13.85762843531998
                    235    0.08178708702325821    0.04125938103892527  3.362552032674719e-05     -7.594359887506524
                  237.5     0.3707714080810547    0.04121956548150903   0.001078401015863701     -4.127375989634193
                    240     0.2653433084487915     0.0420034226305523   0.000446945181754897     -4.989336648395691
                  242.5     0.3396098613739014    0.04253646491237626   0.001867050083410736      -3.54704703097149
                    245     0.5178617238998413    0.04287087802607707      0.314813222627093      1.588403853676355
                  247.5     0.6701381802558899    0.04286678320325221     0.1089334483086066     0.5270659447179185
                    250     0.5162989497184753    0.04297091806817131     0.3900943864899973        1.8051438625923
                  252.5     0.3522742092609406    0.04317034569628499   0.002581419807988751     -3.208275048712604
                    255    0.03330661728978157     0.0430600389341312  1.933694065174508e-05     -8.104911019732974
                  257.5    -0.3265940248966217    0.04338042319515092  1.891485751288721e-07     -12.72473790582698
                    260    0.02068154141306877    0.04327812191768326  3.046931715678331e-05     -7.645156283531374
                  262.5    -0.1001903489232063    0.04316760476936315  3.017522053439547e-06      -9.95999739894004
                    265    -0.3085336685180664    0.04376256649206778  6.063773984510492e-07     -11.55099761712854
                  267.5    0.02320992201566696    0.04373899501901059  5.375818023534095e-05     -7.066787821168706
                    270   -0.04572616890072823    0.04359686336044175   2.78285168558407e-05     -7.728477218148946
                  272.5    -0.2942355871200562    0.04370441871749998  1.454307602606517e-06     -10.67754458109181
                    275    -0.3937278091907501    0.04391039276601458  3.812513169155213e-07     -12.01166917329225
                  277.5    0.09722917526960373     0.0437825769635481   6.69383400768546e-05     -6.846515855439456
                    280     -1.005820274353027      0.044465000189873   6.97670973576567e-09     -15.99999919654405
                  282.5     0.1753150075674057    0.04456253978891814  0.0001275406139597939      -6.18419525997124
                    285    -0.2225012481212616    0.04441241458266254  3.460275358235015e-06     -9.794656498479727
                  287.5     0.6221539378166199    0.04386878556199627      0.197610608850812       1.14573307775201
                    290     0.6486020684242249    0.04390830395222795     0.2101377399737168      1.208098251844939
                  292.5     0.4672392606735229    0.04367099002191481      0.188797197070448      1.095589018565133
                    295     0.1418957412242889    0.04381538026510789  0.0001288393454391588      -6.19097255837708
                  297.5    -0.7119723558425903    0.04435303607568062  8.195550254249434e-09      -15.8415064660953
                    300    -0.4744357764720917     0.0444538703124633  1.094949717806465e-07     -13.24694832703595
                  302.5    -0.0886545404791832    0.04436831495546886  1.753621883029085e-05     -8.172729728599615
                    305   -0.08942688256502151    0.04448910779876834  2.820477041417998e-05      -7.69478818785515
                  307.5     0.2718183696269989    0.04444768684261537   0.001016513942318681     -4.111076435712005
                    310     0.6896600723266602    0.04418746626248837     0.1749267976299776      1.031040340524753
                  312.5      0.699428915977478    0.04397786687150975     0.1972244623441386       1.14626053780594
                    315     0.8684455752372742    0.04502751862198819  0.0002421756754231294     -5.532586483665936
                  317.5     0.6191357374191284    0.04479750189980682     0.2758464168096683      1.500228199923618
                    320     0.6285216212272644    0.04464279889980439     0.3255409335176621      1.662412798254157
                  322.5     0.5872275233268738    0.04427410048312202     0.3735064292835665      1.791566658132702
                    325     0.2835678458213806    0.04419833494684314   0.001170636143270753     -3.975533996041254
                  327.5     0.2287913113832474    0.04403896472319062  0.0006413897802699446     -4.580811548171804
                    330     0.3171253204345703    0.04387521048715422   0.002239850843072478     -3.334009671840067
                  332.5      0.598142147064209    0.04350702257769547     0.4268540637925833      1.907596120688196
                    335     0.6361294984817505    0.04311452189882852      0.405455190258478      1.847101811127139
                  337.5     0.5269914269447327    0.04250643368971485     0.3002293956593453      1.532433853285963
                    340     0.2630910575389862    0.04239527601991144    0.00133090400039437     -3.888873074485112
                  342.5     0.5026504397392273     0.0417910629597629     0.2589500960154312      1.367549448759802
                    345    0.05075950548052788    0.04185559280080808  5.236263877806098e-05     -7.137104941944473
                  347.5    -0.3345527946949005    0.04271192486409506  7.922838805364721e-07      -11.3078810700623
                    350    -0.5412640571594238    0.04372426481225546  2.745286390523268e-08     -14.64690528366279
                  352.5     0.2558647990226746    0.04403199834414816   0.001390700345583531     -3.807044356074676
                    355     0.4643700420856476    0.04364081572499303     0.1538476451872367     0.8901872219024449
                  357.5     0.6558132767677307    0.04322837320250351     0.3206428447279991      1.615056510424418
                    360     0.2035872787237167    0.04328619947928133   0.005678959747350282     -2.417166488406679
                  362.5    -0.4261029660701752    0.04344985913429775  2.135479240787666e-07     -12.60181009882266
                    365    -0.4082074761390686     0.0438771628885294  3.606344134149624e-07     -12.06802026758826
                  367.5    -0.5832016468048096    0.04443013130593697  1.843229826761952e-08      -15.0292566460186
                    370    0.05166180059313774    0.04491071674966293  5.187060691014488e-05     -7.076094970203288
                  372.5   -0.07704919576644897    0.04478266614745539  2.015695177452987e-05     -8.024153327451673
                    375     0.1589407473802567     0.0446358553563695   0.000616379035061577     -4.607124146995158
                  377.5     0.1103961914777756    0.04454203850975295    0.00011847061378616     -6.258425332015634
                    380     -0.251998633146286    0.04444444374797845  1.989216441211213e-06     -10.34754293859709
                  382.5   -0.02005689777433872     0.0444178710383797  3.802622402357377e-05     -7.397605788843364
                    385    0.03587427362799644    0.04475512234171816  7.856553521925626e-05      -6.66438468179595
                  387.5   -0.01753048039972782    0.04462464421712019  5.806603914281327e-05     -6.969656469681221
                    390    -0.3957377970218658    0.04457931565264434  5.424633503294796e-07     -11.64388848176157
                  392.5    0.05585386604070663    0.04447856400150982  0.0001107931597935475     -6.326851302785838
                    395    -0.2229486703872681    0.04446146719270162  2.943592745438921e-06     -9.955269939936038
                  397.5     0.1376943737268448    0.04436112786000172  0.0002389984046357309     -5.560703241698828
                    400    -0.1643495261669159    0.04443660743874022  6.587949490630255e-06     -9.150217938754132
                  402.5    -0.3474991619586945    0.04442641922727671  1.097633728954151e-06     -10.94253267839014
                    405   -0.08569657057523727    0.04446861111254956  3.625785140452408e-05     -7.444084185416915
                  407.5    -0.2268403619527817    0.04437160480656625  4.688676873015968e-06     -9.491773546265355
                    410    -0.3180287182331085    0.04427850076243832   2.10077875163839e-06     -10.29671634651257
                  412.5     -0.593409538269043    0.04451948893696495  2.501731057390706e-08     -14.72178392959422
                    415    -0.5071002840995789    0.04452287597446059  9.953399667857352e-08     -13.34077659984735
                  417.5     0.4123594164848328    0.04447340995108817    0.04185054723996991    -0.3927720723130713
                    420     0.2981957197189331    0.04496997868036889   0.002374955112486474      -3.25079476277924
                  422.5     0.5486068725585938    0.04481554108411091     0.3497881820690844      1.738114328877087
                    425     0.3838917315006256    0.04496095288351861    0.01858791530149014     -1.193462372799856
                  427.5     0.3841388821601868    0.04487341877240525    0.02201871569689405      -1.02603001165843
                    430     0.3224784135818481    0.04500152729838797   0.006398888131046707     -2.258947751870906
                  432.5     0.7116347551345825    0.04477972093719088     0.1475753741789079     0.8743260091505883
                    435     0.2885746657848358    0.04500225793732395   0.004047478270081499     -2.716961724052667
                  437.5     0.5024631023406982    0.04470902133522719     0.2817583434307659      1.519456639426223
                    440     0.5082229375839233    0.04436363278638131     0.3220594172805233      1.645387679879061
                  442.5     0.3220755457878113    0.04431511440256475   0.007261001258330717     -2.147924891316816
                    445     0.6162697672843933    0.04397864122351531     0.3839776394561911      1.812519982853288
                  447.5      0.592321515083313    0.04371933731396563     0.4168630995618657      1.888779948396268
                    450     0.6204575300216675    0.04342327240457194      0.424146841022022      1.899306819568911
                  452.5     0.6751065850257874    0.04316261846955938     0.2726091761911264      1.451245561106261
                    455     0.8631286025047302    0.04316859446126454  0.0002498617020669174      -5.54350288188903
                  457.5     0.5936678647994995    0.04288715464584764     0.4439681968324897      1.932556859925189
                    460     0.6803901195526123    0.04250279792579273     0.2660119331338103      1.411342649713853
                  462.5     0.4565363824367523    0.04221571562960501     0.1344882340555288     0.7225008492956038
                    465     0.7194645404815674    0.04192799146973363     0.1450300631942888      0.791126284575678
                  467.5     0.6534635424613953    0.04159147909377001     0.3833639232408917      1.755111619295907
                    470     0.5031269788742065    0.04124882765124937     0.2714620942722792      1.401676778709374
                  472.5     0.7030197381973267    0.04097011080828812     0.2230635364079367      1.198531016903481
                    475     0.3663380146026611    0.04085803820285856    0.01449352582605844     -1.537962796234525
                  477.5     0.5598235726356506    0.04054416895408169     0.3955156060417399      1.760813789977581
                    480     0.4854353964328766    0.04026813478275685     0.2434775669842904       1.26881684013031
                  482.5     0.4708726704120636    0.03996367386919433     0.2482185793635858      1.280512187833847
                    485     0.7523228526115417    0.03980317908177186    0.08468773100046773     0.2011490974995605
                  487.5      0.586249828338623    0.03956076920189192     0.4872745980529322      1.944897344264447
                    490     0.8375925421714783     0.0394769717296566   0.002703349002423141     -3.251559543411236
                  492.5     0.5479698777198792    0.03922847166517409     0.4481644763244986      1.852794674056331
                    495     0.6222935914993286    0.03898120735876032     0.4943465421789571      1.944548014258947
                  497.5     0.5922020673751831     0.0387561542057417     0.5402729925420433      2.027595688183028
                    500      0.617104709148407    0.03852060630536629     0.5404134782022822      2.021759446976287
