#! FIELDS time p.x p.y cv.node-0 opes.bias opes.rct opes.zed opes.neff opes.nker
 0.000000 0.127404 0.539671 -0.0587524 -16 -16 1 1 0
 0.500000 -0.0835104 0.460925 -0.0570718 -16 -16 1 1 0
 1.000000 0.0460217 0.549298 -0.059984 -16 -16 1 1 0
 1.500000 0.241595 0.512028 -0.0569282 -16 -16 1 1 0
 2.000000 0.111128 0.502918 -0.0577038 -16 -16 1 1 0
 2.500000 0.152605 0.563018 -0.0593358 -16 -16 1 1 0
 3.000000 0.160186 0.486879 -0.0569328 -16 -16 1 1 0
 3.500000 -0.0558233 0.509376 -0.0590171 -16 -16 1 1 0
 4.000000 0.0269884 0.478924 -0.0574736 -16 -16 1 1 0
 4.500000 0.170082 0.5552 -0.0588504 -16 -16 1 1 0
 5.000000 0.235945 0.488347 -0.0564463 -16 -16 1 1 0
 5.500000 0.207939 0.45879 -0.0560416 -16 -16 1 1 0
 6.000000 0.10155 0.484022 -0.0572303 -16 -16 1 1 0
 6.500000 0.0858893 0.496382 -0.0576836 -16 -16 1 1 0
 7.000000 -0.289057 0.510984 -0.0582566 -16 -16 1 1 0
 7.500000 -0.0233527 0.490716 -0.0580966 -16 -16 1 1 0
 8.000000 0.0993763 0.517349 -0.0582462 -16 -16 1 1 0
 8.500000 0.295029 0.431871 -0.0551371 -16 -16 1 1 0
 9.000000 0.243117 0.586361 -0.0590966 -16 -16 1 1 0
 9.500000 0.183077 0.520287 -0.0576285 -16 -16 1 1 0
 10.000000 0.154876 0.564945 -0.0593828 -16 -16 1 1 0
 10.500000 -0.0424319 0.413226 -0.0556505 -16 -16 1 1 0
 11.000000 0.0337409 0.448898 -0.0565847 -16 -16 1 1 0
 11.500000 -0.0708782 0.578598 -0.0630783 -16 -16 1 1 0
 12.000000 0.173508 0.390444 -0.0550915 -16 -16 1 1 0
 12.500000 0.179042 0.48634 -0.0567941 -16 -16 1 1 0
 13.000000 0.338565 0.528585 -0.0564856 -16 -16 1 1 0
 13.500000 0.0854496 0.616544 -0.0629525 -16 -16 1 1 0
 14.000000 0.263747 0.541264 -0.0574656 -16 -16 1 1 0
 14.500000 -0.019477 0.481321 -0.0577368 -16 -16 1 1 0
 15.000000 0.216138 0.460131 -0.0560196 -16 -16 1 1 0
 15.500000 0.0520063 0.458469 -0.0567821 -16 -16 1 1 0
 16.000000 0.0722355 0.48442 -0.0574116 -16 -16 1 1 0
 16.500000 -0.000764456 0.412679 -0.0557103 -16 -16 1 1 0
 17.000000 0.0893687 0.538874 -0.0591021 -16 -16 1 1 0
 17.500000 0.159773 0.556244 -0.0590018 -16 -16 1 1 0
 18.000000 0.205683 0.516299 -0.0573296 -16 -16 1 1 0
 18.500000 -0.00443902 0.524759 -0.0593712 -16 -16 1 1 0
 19.000000 -0.140814 0.561874 -0.0626649 -16 -16 1 1 0
 19.500000 0.258202 0.485614 -0.0562353 -16 -16 1 1 0
 20.000000 -0.00196316 0.398801 -0.0553913 -16 -16 1 1 0
 20.500000 -0.0703276 0.418156 -0.0556939 -16 -16 1 1 0
 21.000000 0.169712 0.48598 -0.056848 -16 -16 1 1 0
 21.500000 0.0662023 0.458907 -0.0567406 -16 -16 1 1 0
 22.000000 -0.0885535 0.47437 -0.0575926 -16 -16 1 1 0
 22.500000 0.00842701 0.486588 -0.0578092 -16 -16 1 1 0
 23.000000 0.0729745 0.462532 -0.0568066 -16 -16 1 1 0
 23.500000 -0.10125 0.457969 -0.0569265 -16 -16 1 1 0
 24.000000 0.268071 0.506769 -0.056598 -16 -16 1 1 0
 24.500000 -0.109654 0.456241 -0.056835 -16 -16 1 1 0
 25.000000 0.358898 0.54193 -0.0565981 -16 -16 0.472044 1 1
 25.500000 -0.287789 0.626509 -0.0709729 -16 -16 0.472044 1 1
 26.000000 0.0500455 0.665155 -0.067448 -14.8164 -16 0.472044 1 1
 26.500000 -0.256602 0.657534 -0.0754135 -16 -16 0.472044 1 1
 27.000000 -0.271289 0.609874 -0.0685425 -16 -16 0.472044 1 1
 27.500000 -0.103982 0.627366 -0.0678172 -15.8417 -15.9444 0.309489 1 2
 28.000000 0.0515776 0.464279 -0.0569405 -0.0512349 -15.9444 0.309489 1 2
 28.500000 -0.0309172 0.572701 -0.0621476 -2.97128 -15.9444 0.309489 1 2
 29.000000 -0.0707995 0.397424 -0.0551191 -0.311773 -15.9444 0.309489 1 2
 29.500000 -0.00896135 0.567988 -0.0615805 -2.87308 -15.9444 0.309489 1 2
 30.000000 -0.182502 0.532622 -0.0607501 -2.17229 -3.55859 0.345538 1.22491 3
 30.500000 0.315579 0.425602 -0.0549469 -3.27161 -3.55859 0.345538 1.22491 3
 31.000000 -0.0264562 0.342008 -0.054174 -4.46799 -3.55859 0.345538 1.22491 3
 31.500000 -0.493089 0.523263 -0.0473017 -15.9994 -3.55859 0.345538 1.22491 3
 32.000000 -0.554992 0.403179 -0.0215705 -16 -3.55859 0.345538 1.22491 3
 32.500000 -0.76235 0.481868 0.0576875 -16 -3.78173 0.259153 1.22491 4
 33.000000 -0.459999 0.425429 -0.0407844 -16 -3.78173 0.259153 1.22491 4
 33.500000 -0.357528 0.350438 -0.0454171 -16 -3.78173 0.259153 1.22491 4
 34.000000 -0.547443 0.421004 -0.0253619 -16 -3.78173 0.259153 1.22491 4
 34.500000 -0.464208 0.372356 -0.0359856 -16 -3.78173 0.259153 1.22491 4
 35.000000 -0.328747 0.380029 -0.0486263 -15.983 -3.96405 0.207322 1.22491 5
 35.500000 -0.537695 0.493012 -0.0362646 -15.9918 -3.96405 0.207322 1.22491 5
 36.000000 -0.53302 0.43732 -0.0303095 -16 -3.96405 0.207322 1.22491 5
 36.500000 -0.555146 0.500916 -0.0338907 -15.9998 -3.96405 0.207322 1.22491 5
 37.000000 -0.589144 0.564194 -0.0370005 -15.9768 -3.96405 0.207322 1.22491 5
 37.500000 -0.49162 0.40138 -0.0342137 -15.9997 -4.1182 0.172769 1.22491 6
 38.000000 -0.626633 0.521504 -0.0181755 -15.9998 -4.1182 0.172769 1.22491 6
 38.500000 -0.609912 0.416551 -0.00698681 -16 -4.1182 0.172769 1.22491 6
 39.000000 -0.603631 0.477965 -0.0180153 -15.9999 -4.1182 0.172769 1.22491 6
 39.500000 -0.57858 0.440012 -0.019835 -15.9975 -4.1182 0.172769 1.22491 6
 40.000000 -0.542195 0.414655 -0.0258506 -14.8133 -4.25173 0.148087 1.22492 7
 40.500000 -0.45382 0.451714 -0.0438609 -12.7982 -4.25173 0.148087 1.22492 7
 41.000000 -0.389423 0.359799 -0.0434412 -12.9971 -4.25173 0.148087 1.22492 7
 41.500000 -0.399832 0.3975 -0.0448339 -12.3683 -4.25173 0.148087 1.22492 7
 42.000000 -0.454098 0.421131 -0.0411314 -13.5254 -4.25173 0.148087 1.22492 7
 42.500000 -0.507752 0.514367 -0.0441201 -12.6777 -4.36948 0.129575 1.22492 8
 43.000000 -0.282152 0.395522 -0.0514133 -8.79841 -4.36948 0.129575 1.22492 8
 43.500000 -0.300563 0.367422 -0.0494153 -9.42156 -4.36948 0.129575 1.22492 8
 44.000000 -0.468611 0.451969 -0.0421555 -8.7423 -4.36948 0.129575 1.22492 8
 44.500000 -0.732668 0.629297 -0.000226942 -16 -4.36948 0.129575 1.22492 8
 45.000000 -0.698281 0.463495 0.0235223 -16 -4.47484 0.115178 1.22492 9
 45.500000 -0.663145 0.457563 0.00758674 -15.8865 -4.47484 0.115178 1.22492 9
 46.000000 -0.658696 0.48702 0.000290045 -15.9999 -4.47484 0.115178 1.22492 9
 46.500000 -0.699921 0.579616 -0.00204365 -16 -4.47484 0.115178 1.22492 9
 47.000000 -0.668578 0.482392 0.00543436 -15.982 -4.47484 0.115178 1.22492 9
 47.500000 -0.604878 0.413796 -0.00833296 -15.9869 -4.57015 0.10366 1.22492 10
 48.000000 -0.70332 0.535155 0.0106339 -15.1606 -4.57015 0.10366 1.22492 10
 48.500000 -0.652221 0.410945 0.0105123 -15.2007 -4.57015 0.10366 1.22492 10
 49.000000 -0.612062 0.410555 -0.00541168 -11.9153 -4.57015 0.10366 1.22492 10
 49.500000 -0.66082 0.461796 0.0058072 -15.105 -4.57015 0.10366 1.22492 10
 50.000000 -0.662625 0.414044 0.0147521 -13.4647 -4.65715 0.0942357 1.22493 11
 50.500000 -0.29204 0.380554 -0.0503571 -9.33849 -4.65715 0.0942357 1.22493 11
 51.000000 -0.394684 0.457696 -0.0496097 -9.18112 -4.65715 0.0942357 1.22493 11
 51.500000 -0.433282 0.501417 -0.0507922 -9.23337 -4.65715 0.0942357 1.22493 11
 52.000000 -0.38121 0.44984 -0.0498876 -9.25875 -4.65715 0.0942357 1.22493 11
 52.500000 -0.437487 0.457349 -0.0460675 -8.41364 -4.73525 0.10354 1.22541 10
 53.000000 -0.597134 0.444799 -0.0150882 -12.4201 -4.73525 0.10354 1.22541 10
 53.500000 -0.575074 0.46521 -0.0241608 -10.4027 -4.73525 0.10354 1.22541 10
 54.000000 -0.5571 0.360182 -0.0164893 -12.4146 -4.73525 0.10354 1.22541 10
 54.500000 -0.601598 0.452857 -0.0148571 -12.3986 -4.73525 0.10354 1.22541 10
 55.000000 -0.603544 0.450855 -0.0139523 -12.2824 -4.80931 0.0941256 1.22542 11
 55.500000 -0.238687 0.442849 -0.0548944 -2.11423 -4.80931 0.0941256 1.22542 11
 56.000000 -0.286089 0.41777 -0.0523577 -5.08711 -4.80931 0.0941256 1.22542 11
 56.500000 -0.131327 0.339095 -0.0530773 -4.66395 -4.80931 0.0941256 1.22542 11
 57.000000 0.127888 0.398717 -0.0553274 -1.5127 -4.80931 0.0941256 1.22542 11
 57.500000 -0.0655903 0.529343 -0.0600447 2.09432 -0.599775 0.0687161 1.27368 11
 58.000000 0.0422803 0.478814 -0.0574002 1.39846 -0.599775 0.0687161 1.27368 11
 58.500000 0.199635 0.475301 -0.0564171 1.29451 -0.599775 0.0687161 1.27368 11
 59.000000 -0.00515919 0.514006 -0.0589191 1.49554 -0.599775 0.0687161 1.27368 11
 59.500000 0.272586 0.558708 -0.0578621 1.43615 -0.599775 0.0687161 1.27368 11
 60.000000 0.158689 0.520932 -0.0578569 1.43576 -0.251922 0.0709067 2.13392 11
 60.500000 -0.0149355 0.473917 -0.0574651 1.45956 -0.251922 0.0709067 2.13392 11
 61.000000 0.00694695 0.510569 -0.0586995 1.51003 -0.251922 0.0709067 2.13392 11
 61.500000 -0.167427 0.486727 -0.0579946 1.48758 -0.251922 0.0709067 2.13392 11
 62.000000 0.0653092 0.499876 -0.0579291 1.48463 -0.251922 0.0709067 2.13392 11
 62.500000 0.0713633 0.494118 -0.0577081 1.4736 -0.0117268 0.0727206 3.05709 11
 63.000000 0.148637 0.422364 -0.0556614 1.34411 -0.0117268 0.0727206 3.05709 11
 63.500000 0.0161301 0.563826 -0.0610361 1.4381 -0.0117268 0.0727206 3.05709 11
 64.000000 -0.000855623 0.588498 -0.0626961 1.25503 -0.0117268 0.0727206 3.05709 11
 64.500000 0.148929 0.528955 -0.0581888 1.51901 -0.0117268 0.0727206 3.05709 11
 65.000000 0.0415253 0.518251 -0.0587446 1.52634 0.173165 0.0739503 4.02054 11
 65.500000 0.263267 0.532554 -0.0572436 1.49673 0.173165 0.0739503 4.02054 11
 66.000000 0.0728113 0.545677 -0.0595417 1.53444 0.173165 0.0739503 4.02054 11
 66.500000 0.0412681 0.485291 -0.0576056 1.51647 0.173165 0.0739503 4.02054 11
 67.000000 0.103022 0.521038 -0.0583383 1.54063 0.173165 0.0739503 4.02054 11
 67.500000 0.0370453 0.546073 -0.059935 1.52005 0.312719 0.0750384 4.99297 11
 68.000000 0.160165 0.537056 -0.0583416 1.55263 0.312719 0.0750384 4.99297 11
 68.500000 0.164772 0.519664 -0.0577676 1.52898 0.312719 0.0750384 4.99297 11
 69.000000 0.0941317 0.473587 -0.0569935 1.47522 0.312719 0.0750384 4.99297 11
 69.500000 -0.0115101 0.505605 -0.0586175 1.55908 0.312719 0.0750384 4.99297 11
 70.000000 0.213411 0.428712 -0.0555009 1.30071 0.393646 0.0482059 5.89903 10
 70.500000 -0.118095 0.560817 -0.0623828 1.69472 0.393646 0.0482059 5.89903 10
 71.000000 -0.00917678 0.584682 -0.0625838 1.66196 0.393646 0.0482059 5.89903 10
 71.500000 0.122489 0.450761 -0.0563147 1.90107 0.393646 0.0482059 5.89903 10
 72.000000 0.187611 0.509239 -0.0572936 1.9703 0.393646 0.0482059 5.89903 10
 72.500000 0.113528 0.453215 -0.0564079 1.90936 0.549943 0.0485593 6.82951 10
 73.000000 0.220403 0.460066 -0.0559937 1.93976 0.549943 0.0485593 6.82951 10
 73.500000 0.119837 0.51219 -0.0579167 2.03262 0.549943 0.0485593 6.82951 10
 74.000000 0.421546 0.55028 -0.0562129 1.9585 0.549943 0.0485593 6.82951 10
 74.500000 -0.254687 0.651941 -0.0744532 -3.83372 0.549943 0.0485593 6.82951 10
 75.000000 -0.280262 0.699828 -0.0842414 -13.258 0.503423 0.0441448 6.82951 11
 75.500000 -0.212325 0.740805 -0.0909615 -14.806 0.503423 0.0441448 6.82951 11
 76.000000 -0.43699 0.721906 -0.0920454 -15.1692 0.503423 0.0441448 6.82951 11
 76.500000 -0.393394 0.721923 -0.0923012 -15.2504 0.503423 0.0441448 6.82951 11
 77.000000 -0.255895 0.733071 -0.0912332 -14.8985 0.503423 0.0441448 6.82951 11
 77.500000 -0.286968 0.764057 -0.101666 -15.9999 0.458972 0.040466 6.82951 12
 78.000000 -0.341928 0.699446 -0.0857051 -13.455 0.458972 0.040466 6.82951 12
 78.500000 -0.131571 0.764169 -0.0919118 -15.0624 0.458972 0.040466 6.82951 12
 79.000000 -0.313271 0.715919 -0.0891101 -14.1384 0.458972 0.040466 6.82951 12
 79.500000 -0.410591 0.698809 -0.0858521 -13.4698 0.458972 0.040466 6.82951 12
 80.000000 -0.42595 0.752185 -0.101947 -15.3831 0.416412 0.040466 6.82951 12
 80.500000 -0.286952 0.700135 -0.0845193 -12.8675 0.416412 0.040466 6.82951 12
 81.000000 -0.286202 0.699899 -0.0844433 -12.7964 0.416412 0.040466 6.82951 12
 81.500000 -0.624188 0.77676 -0.0941048 -15.4612 0.416412 0.040466 6.82951 12
 82.000000 -0.672318 0.860631 -0.124428 -16 0.416412 0.040466 6.82951 12
 82.500000 -0.611605 1.43934 -0.565006 -16 0.37559 0.0373533 6.82951 13
 83.000000 -0.401401 1.6143 -0.720771 -16 0.37559 0.0373533 6.82951 13
 83.500000 -0.53895 1.45817 -0.586208 -15.9985 0.37559 0.0373533 6.82951 13
 84.000000 -0.53575 1.39919 -0.537605 -16 0.37559 0.0373533 6.82951 13
 84.500000 -0.500675 1.48463 -0.609898 -16 0.37559 0.0373533 6.82951 13
 85.000000 -0.602377 1.43381 -0.561362 -15.5997 0.336369 0.0373533 6.82951 13
 85.500000 -0.493814 1.4755 -0.602506 -15.9975 0.336369 0.0373533 6.82951 13
 86.000000 -0.402386 1.61038 -0.717441 -16 0.336369 0.0373533 6.82951 13
 86.500000 -0.612072 1.43023 -0.557453 -15.4286 0.336369 0.0373533 6.82951 13
 87.000000 -0.749637 1.33337 -0.454393 -16 0.336369 0.0373533 6.82951 13
 87.500000 -0.595884 1.45249 -0.577386 -15.6378 0.298629 0.0346852 6.82951 14
 88.000000 -0.551411 1.47157 -0.59659 -15.8263 0.298629 0.0346852 6.82951 14
 88.500000 -0.555928 1.46889 -0.59407 -15.801 0.298629 0.0346852 6.82951 14
 89.000000 -0.599092 1.47625 -0.596733 -15.8276 0.298629 0.0346852 6.82951 14
 89.500000 -0.499999 1.53173 -0.649275 -15.9991 0.298629 0.0346852 6.82951 14
 90.000000 -0.436062 1.53329 -0.652027 -15.9994 0.262261 0.0323728 6.82951 15
 90.500000 -0.52051 1.47984 -0.605119 -15.8591 0.262261 0.0323728 6.82951 15
 91.000000 -0.451287 1.54502 -0.661742 -15.8549 0.262261 0.0323728 6.82951 15
 91.500000 -0.560119 1.3998 -0.536737 -15.8983 0.262261 0.0323728 6.82951 15
 92.000000 -0.725112 1.19928 -0.350769 -16 0.262261 0.0323728 6.82951 15
 92.500000 -0.478192 1.56593 -0.678709 -15.9092 0.22717 0.0303495 6.82951 16
 93.000000 -0.474794 1.4645 -0.593789 -15.7621 0.22717 0.0303495 6.82951 16
 93.500000 -0.694505 1.27347 -0.417562 -16 0.22717 0.0303495 6.82951 16
 94.000000 -0.516548 1.47233 -0.599045 -15.8101 0.22717 0.0303495 6.82951 16
 94.500000 -0.768034 1.21162 -0.348203 -16 0.22717 0.0303495 6.82951 16
 95.000000 -0.592556 1.40364 -0.537425 -15.8802 0.193268 0.0285643 6.82951 17
 95.500000 -0.526817 1.43762 -0.569779 -15.1272 0.193268 0.0285643 6.82951 17
 96.000000 -0.427797 1.46829 -0.597294 -15.7696 0.193268 0.0285643 6.82951 17
 96.500000 -0.287312 1.74921 -0.834992 -16 0.193268 0.0285643 6.82951 17
 97.000000 -0.56459 1.35974 -0.503594 -15.911 0.193268 0.0285643 6.82951 17
 97.500000 -0.486079 1.46519 -0.594121 -15.7342 0.160479 0.0285643 6.82951 17
 98.000000 -0.402675 1.60758 -0.715062 -15.9173 0.160479 0.0285643 6.82951 17
 98.500000 -0.62665 1.3343 -0.477278 -15.9811 0.160479 0.0285643 6.82951 17
 99.000000 -0.673112 1.39655 -0.521936 -15.8202 0.160479 0.0285643 6.82951 17
 99.500000 -0.419145 1.65223 -0.752823 -15.9953 0.160479 0.0285643 6.82951 17
 100.000000 -0.671577 1.32026 -0.45966 -15.996 0.12873 0.0269774 6.82951 18
 100.500000 -0.597097 1.37207 -0.51113 -15.8342 0.12873 0.0269774 6.82951 18
 101.000000 -0.502421 1.50807 -0.629403 -15.7396 0.12873 0.0269774 6.82951 18
 101.500000 -0.654554 1.42797 -0.550524 -15.2839 0.12873 0.0269774 6.82951 18
 102.000000 -0.399933 1.53803 -0.656015 -15.6975 0.12873 0.0269774 6.82951 18
 102.500000 -0.628964 1.32084 -0.466067 -15.8411 0.0979583 0.0269774 6.82951 18
 103.000000 -0.554746 1.46318 -0.589419 -15.4802 0.0979583 0.0269774 6.82951 18
 103.500000 -0.56903 1.44865 -0.576413 -15.1855 0.0979583 0.0269774 6.82951 18
 104.000000 -0.513572 1.5064 -0.627558 -15.7377 0.0979583 0.0269774 6.82951 18
 104.500000 -0.546809 1.51114 -0.629745 -15.7398 0.0979583 0.0269774 6.82951 18
 105.000000 -0.632159 1.44691 -0.568988 -15.0201 0.0681053 0.0285643 6.82951 17
 105.500000 -0.511393 1.47831 -0.604239 -15.4814 0.0681053 0.0285643 6.82951 17
 106.000000 -0.662471 1.27038 -0.42069 -15.8784 0.0681053 0.0285643 6.82951 17
 106.500000 -0.582671 1.46937 -0.592488 -15.1779 0.0681053 0.0285643 6.82951 17
 107.000000 -0.734639 1.32652 -0.452379 -15.7208 0.0681053 0.0285643 6.82951 17
 107.500000 -0.572833 1.39456 -0.531553 -15.4744 0.0391178 0.0285643 6.82951 17
 108.000000 -0.614987 1.30387 -0.4539 -15.7094 0.0391178 0.0285643 6.82951 17
 108.500000 -0.603966 1.3271 -0.473835 -15.6797 0.0391178 0.0285643 6.82951 17
 109.000000 -0.508717 1.51366 -0.63383 -15.7931 0.0391178 0.0285643 6.82951 17
 109.500000 -0.653496 1.35597 -0.491522 -15.6739 0.0391178 0.0285643 6.82951 17
 110.000000 -0.544838 1.39291 -0.531971 -15.3262 0.0109469 0.0285643 6.82951 17
 110.500000 -0.684545 1.24831 -0.399141 -15.9632 0.0109469 0.0285643 6.82951 17
 111.000000 -0.626795 1.26964 -0.425014 -15.8541 0.0109469 0.0285643 6.82951 17
 111.500000 -0.700604 1.32489 -0.458316 -15.6851 0.0109469 0.0285643 6.82951 17
 112.000000 -0.476939 1.58376 -0.693723 -15.8086 0.0109469 0.0285643 6.82951 17
 112.500000 -0.550623 1.49978 -0.620059 -15.7539 -0.0164521 0.0269774 6.82951 18
 113.000000 -0.74523 1.21114 -0.354859 -15.9994 -0.0164521 0.0269774 6.82951 18
 113.500000 -0.394372 1.64436 -0.746345 -15.9906 -0.0164521 0.0269774 6.82951 18
 114.000000 -0.431462 1.5187 -0.63975 -15.6378 -0.0164521 0.0269774 6.82951 18
 114.500000 -0.576471 1.33548 -0.482983 -15.6023 -0.0164521 0.0269774 6.82951 18
 115.000000 -0.448731 1.4813 -0.608189 -15.4247 -0.0431203 0.0269774 6.82951 18
 115.500000 -0.289576 1.69332 -0.786793 -15.9999 -0.0431203 0.0269774 6.82951 18
 116.000000 -0.643484 1.33407 -0.475007 -15.6245 -0.0431203 0.0269774 6.82951 18
 116.500000 -0.430354 1.50722 -0.630069 -15.4909 -0.0431203 0.0269774 6.82951 18
 117.000000 -0.599579 1.50106 -0.617227 -15.3992 -0.0431203 0.0269774 6.82951 18
 117.500000 -0.416707 1.60645 -0.714046 -15.9056 -0.0690958 0.0255575 6.82951 19
 118.000000 -0.422683 1.52134 -0.641986 -15.5019 -0.0690958 0.0255575 6.82951 19
 118.500000 -0.431578 1.55145 -0.66739 -15.5655 -0.0690958 0.0255575 6.82951 19
 119.000000 -0.44085 1.57624 -0.688223 -15.6392 -0.0690958 0.0255575 6.82951 19
 119.500000 -0.564631 1.49737 -0.617098 -15.3727 -0.0690958 0.0255575 6.82951 19
 120.000000 -0.432259 1.48931 -0.614987 -15.3478 -0.0944136 0.0255575 6.82951 19
 120.500000 -0.699715 1.27234 -0.415607 -15.8928 -0.0944136 0.0255575 6.82951 19
 121.000000 -0.664709 1.37216 -0.503165 -15.4734 -0.0944136 0.0255575 6.82951 19
 121.500000 -0.497677 1.54531 -0.660735 -15.4794 -0.0944136 0.0255575 6.82951 19
 122.000000 -0.466522 1.50397 -0.626981 -15.295 -0.0944136 0.0255575 6.82951 19
 122.500000 -0.511804 1.44717 -0.57832 -14.6641 -0.119106 0.0255575 6.82951 19
 123.000000 -0.649127 1.3898 -0.519842 -15.2352 -0.119106 0.0255575 6.82951 19
 123.500000 -0.349249 1.6262 -0.730497 -15.8171 -0.119106 0.0255575 6.82951 19
 124.000000 -0.513547 1.42292 -0.558152 -14.5611 -0.119106 0.0255575 6.82951 19
 124.500000 -0.505253 1.47553 -0.602154 -14.834 -0.119106 0.0255575 6.82951 19
 125.000000 -0.547005 1.37994 -0.521196 -15.2129 -0.143204 0.0255575 6.82951 19
 125.500000 -0.475816 1.53983 -0.656861 -15.4541 -0.143204 0.0255575 6.82951 19
 126.000000 -0.565023 1.40465 -0.540397 -14.757 -0.143204 0.0255575 6.82951 19
 126.500000 -0.678716 1.35681 -0.48838 -15.428 -0.143204 0.0255575 6.82951 19
 127.000000 -0.635484 1.34201 -0.482498 -15.4753 -0.143204 0.0255575 6.82951 19
 127.500000 -0.463388 1.561 -0.674957 -15.5577 -0.166734 0.0269774 6.82951 18
 128.000000 -0.454175 1.59553 -0.704259 -15.5866 -0.166734 0.0269774 6.82951 18
 128.500000 -0.525737 1.4694 -0.596195 -14.7542 -0.166734 0.0269774 6.82951 18
 129.000000 -0.717213 1.17939 -0.336878 -15.9999 -0.166734 0.0269774 6.82951 18
 129.500000 -0.532612 1.56927 -0.679068 -15.414 -0.166734 0.0269774 6.82951 18
 130.000000 -0.533252 1.573 -0.682143 -15.4306 -0.189724 0.0269774 6.82951 18
 130.500000 -0.599723 1.39687 -0.531222 -14.9385 -0.189724 0.0269774 6.82951 18
 131.000000 -0.533423 1.45951 -0.587612 -14.6227 -0.189724 0.0269774 6.82951 18
 131.500000 -0.69637 1.35452 -0.483435 -15.4898 -0.189724 0.0269774 6.82951 18
 132.000000 -0.733444 1.38918 -0.504609 -15.2918 -0.189724 0.0269774 6.82951 18
 132.500000 -0.520197 1.48451 -0.609022 -14.9704 -0.212197 0.0269774 6.82951 18
 133.000000 -0.497391 1.56163 -0.674421 -15.2262 -0.212197 0.0269774 6.82951 18
 133.500000 -0.53654 1.50606 -0.626131 -15.0233 -0.212197 0.0269774 6.82951 18
 134.000000 -0.532389 1.52786 -0.644522 -15.137 -0.212197 0.0269774 6.82951 18
 134.500000 -0.632905 1.40888 -0.537568 -14.83 -0.212197 0.0269774 6.82951 18
 135.000000 -0.460865 1.58402 -0.694404 -15.3505 -0.234175 0.0285643 6.82951 17
 135.500000 -0.534162 1.5521 -0.664645 -15.1119 -0.234175 0.0285643 6.82951 17
 136.000000 -0.50628 1.58013 -0.689532 -15.1436 -0.234175 0.0285643 6.82951 17
 136.500000 -0.480345 1.49279 -0.617316 -14.9562 -0.234175 0.0285643 6.82951 17
 137.000000 -0.63358 1.31483 -0.460639 -15.6433 -0.234175 0.0285643 6.82951 17
 137.500000 -0.619798 1.34292 -0.485071 -15.4998 -0.255682 0.0285643 6.82951 17
 138.000000 -0.717056 1.40304 -0.519535 -15.0817 -0.255682 0.0285643 6.82951 17
 138.500000 -0.861085 1.19328 -0.291935 -16 -0.255682 0.0285643 6.82951 17
 139.000000 -0.773869 1.33319 -0.44766 -15.6118 -0.255682 0.0285643 6.82951 17
 139.500000 -0.429442 1.53083 -0.649992 -15.1222 -0.255682 0.0285643 6.82951 17
 140.000000 -0.836149 1.24384 -0.348712 -15.9996 -0.276735 0.0269774 6.82951 18
 140.500000 -0.712877 1.29676 -0.432781 -15.7321 -0.276735 0.0269774 6.82951 18
 141.000000 -0.750114 1.27863 -0.408872 -15.8929 -0.276735 0.0269774 6.82951 18
 141.500000 -0.563545 1.50839 -0.626327 -15.0042 -0.276735 0.0269774 6.82951 18
 142.000000 -0.867476 1.22201 -0.313791 -15.918 -0.276735 0.0269774 6.82951 18
 142.500000 -0.785837 1.18951 -0.323654 -15.8881 -0.297354 0.0269774 6.82951 18
 143.000000 -0.671259 1.32056 -0.459956 -15.4856 -0.297354 0.0269774 6.82951 18
 143.500000 -0.669767 1.25553 -0.407557 -15.8923 -0.297354 0.0269774 6.82951 18
 144.000000 -0.509532 1.5146 -0.634577 -15.0548 -0.297354 0.0269774 6.82951 18
 144.500000 -0.451295 1.5661 -0.679503 -15.0788 -0.297354 0.0269774 6.82951 18
 145.000000 -0.614573 1.36858 -0.506568 -15.1666 -0.317557 0.0269774 6.82951 18
 145.500000 -0.657571 1.3454 -0.482303 -15.1868 -0.317557 0.0269774 6.82951 18
 146.000000 -0.478447 1.57157 -0.683433 -15.0875 -0.317557 0.0269774 6.82951 18
 146.500000 -0.436059 1.49728 -0.621683 -14.9639 -0.317557 0.0269774 6.82951 18
 147.000000 -0.617721 1.45956 -0.581057 -14.4805 -0.317557 0.0269774 6.82951 18
 147.500000 -0.612981 1.42148 -0.550149 -14.5857 -0.33736 0.0269774 6.82951 18
 148.000000 -0.558912 1.47485 -0.598817 -14.6248 -0.33736 0.0269774 6.82951 18
 148.500000 -0.629644 1.3646 -0.501646 -14.934 -0.33736 0.0269774 6.82951 18
 149.000000 -0.502687 1.65654 -0.753764 -15.8469 -0.33736 0.0269774 6.82951 18
 149.500000 -0.691073 1.26954 -0.415035 -15.8584 -0.33736 0.0269774 6.82951 18
 150.000000 -0.50046 1.54802 -0.662893 -15.0801 -0.356778 0.0269774 6.82951 18
 150.500000 -0.42088 1.54182 -0.659301 -14.9223 -0.356778 0.0269774 6.82951 18
 151.000000 -0.510125 1.46316 -0.591672 -14.5104 -0.356778 0.0269774 6.82951 18
 151.500000 -0.55994 1.40669 -0.542421 -14.4917 -0.356778 0.0269774 6.82951 18
 152.000000 -0.58246 1.49858 -0.616704 -14.8456 -0.356778 0.0269774 6.82951 18
 152.500000 -0.345625 1.70557 -0.798429 -15.9962 -0.375826 0.0255575 6.82951 19
 153.000000 -0.488491 1.57546 -0.686356 -14.9262 -0.375826 0.0255575 6.82951 19
 153.500000 -0.619082 1.38822 -0.522178 -14.6746 -0.375826 0.0255575 6.82951 19
 154.000000 -0.73534 1.29436 -0.425663 -15.772 -0.375826 0.0255575 6.82951 19
 154.500000 -0.427015 1.52608 -0.645987 -14.9122 -0.375826 0.0255575 6.82951 19
 155.000000 -0.547561 1.49068 -0.612693 -14.7654 -0.394518 0.0255575 6.82951 19
 155.500000 -0.394686 1.52769 -0.647186 -14.817 -0.394518 0.0255575 6.82951 19
 156.000000 -0.452675 1.56607 -0.679456 -14.8792 -0.394518 0.0255575 6.82951 19
 156.500000 -0.758425 1.22569 -0.362827 -15.7655 -0.394518 0.0255575 6.82951 19
 157.000000 -0.74778 1.32528 -0.448135 -15.5266 -0.394518 0.0255575 6.82951 19
 157.500000 -0.504888 1.54125 -0.657046 -14.8322 -0.412867 0.0255575 6.82951 19
 158.000000 -0.711885 1.20204 -0.356254 -15.7336 -0.412867 0.0255575 6.82951 19
 158.500000 -0.721371 1.23039 -0.376802 -15.8387 -0.412867 0.0255575 6.82951 19
 159.000000 -0.507447 1.62023 -0.723074 -15.363 -0.412867 0.0255575 6.82951 19
 159.500000 -0.562241 1.50288 -0.621846 -14.6171 -0.412867 0.0255575 6.82951 19
 160.000000 -0.532844 1.52347 -0.640837 -14.6589 -0.430886 0.0255575 6.82951 19
 160.500000 -0.530169 1.4619 -0.589757 -14.3075 -0.430886 0.0255575 6.82951 19
 161.000000 -0.464074 1.52211 -0.642249 -14.4676 -0.430886 0.0255575 6.82951 19
 161.500000 -0.237626 1.66202 -0.757501 -15.8211 -0.430886 0.0255575 6.82951 19
 162.000000 -0.643315 1.45429 -0.573716 -14.2408 -0.430886 0.0255575 6.82951 19
 162.500000 -0.583177 1.33509 -0.482149 -15.1233 -0.448585 0.0255575 6.82951 19
 163.000000 -0.635496 1.41471 -0.54206 -14.4333 -0.448585 0.0255575 6.82951 19
 163.500000 -0.502226 1.54043 -0.656471 -14.5001 -0.448585 0.0255575 6.82951 19
 164.000000 -0.487881 1.54289 -0.659064 -14.51 -0.448585 0.0255575 6.82951 19
 164.500000 -0.788213 1.22657 -0.353616 -15.7225 -0.448585 0.0255575 6.82951 19
 165.000000 -0.631866 1.19704 -0.366793 -15.7868 -0.465977 0.0255575 6.82951 19
 165.500000 -0.617565 1.3166 -0.463929 -15.1658 -0.465977 0.0255575 6.82951 19
 166.000000 -0.622771 1.4032 -0.53407 -14.5166 -0.465977 0.0255575 6.82951 19
 166.500000 -0.508873 1.48747 -0.611969 -14.4319 -0.465977 0.0255575 6.82951 19
 167.000000 -0.775472 1.28119 -0.403587 -15.7865 -0.465977 0.0255575 6.82951 19
 167.500000 -0.668922 1.34869 -0.4833 -14.9503 -0.483071 0.0255575 6.82952 19
 168.000000 -0.612464 1.40348 -0.535399 -14.4812 -0.483071 0.0255575 6.82952 19
 168.500000 -0.476996 1.45083 -0.582335 -14.2649 -0.483071 0.0255575 6.82952 19
 169.000000 -0.545788 1.47123 -0.596651 -14.353 -0.483071 0.0255575 6.82952 19
 169.500000 -0.59978 1.37664 -0.514629 -14.622 -0.483071 0.0255575 6.82952 19
 170.000000 -0.510128 1.559 -0.671667 -14.5805 -0.499879 0.0255575 6.82952 19
 170.500000 -0.539261 1.51216 -0.631052 -14.4034 -0.499879 0.0255575 6.82952 19
 171.000000 -0.275228 1.66081 -0.75817 -15.8236 -0.499879 0.0255575 6.82952 19
 171.500000 -0.431524 1.56875 -0.682013 -14.5107 -0.499879 0.0255575 6.82952 19
 172.000000 -0.310588 1.78258 -0.864135 -15.985 -0.499879 0.0255575 6.82952 19
 172.500000 -0.431963 1.48689 -0.612942 -14.4162 -0.516408 0.0255575 6.82952 19
 173.000000 -0.828409 1.21068 -0.323661 -15.6126 -0.516408 0.0255575 6.82952 19
 173.500000 -0.69955 1.40199 -0.521983 -14.58 -0.516408 0.0255575 6.82952 19
 174.000000 -0.415209 1.64686 -0.748322 -15.7435 -0.516408 0.0255575 6.82952 19
 174.500000 -0.49649 1.60424 -0.710186 -14.9833 -0.516408 0.0255575 6.82952 19
 175.000000 -0.238288 1.7548 -0.838296 -15.9299 -0.532668 0.0242796 6.82952 20
 175.500000 -0.540068 1.54722 -0.660217 -14.2962 -0.532668 0.0242796 6.82952 20
 176.000000 -0.450084 1.6145 -0.72035 -15.1873 -0.532668 0.0242796 6.82952 20
 176.500000 -0.491892 1.53152 -0.649401 -14.2585 -0.532668 0.0242796 6.82952 20
 177.000000 -0.411308 1.63113 -0.735014 -15.5164 -0.532668 0.0242796 6.82952 20
 177.500000 -0.482595 1.5802 -0.690552 -14.5773 -0.548669 0.0242796 6.82952 20
 178.000000 -0.819393 1.25506 -0.365654 -15.5641 -0.548669 0.0242796 6.82952 20
 178.500000 -0.692782 1.28124 -0.424198 -15.6443 -0.548669 0.0242796 6.82952 20
 179.000000 -0.792633 1.23711 -0.360836 -15.5421 -0.548669 0.0242796 6.82952 20
 179.500000 -0.654599 1.43353 -0.555099 -14.2433 -0.548669 0.0242796 6.82952 20
 180.000000 -0.706227 1.30788 -0.443266 -15.3253 -0.564417 0.0231235 6.82952 21
 180.500000 -0.612076 1.40853 -0.53959 -14.3584 -0.564417 0.0231235 6.82952 21
 181.000000 -0.47441 1.46654 -0.595502 -14.1418 -0.564417 0.0231235 6.82952 21
 181.500000 -0.649306 1.2893 -0.437908 -15.2143 -0.564417 0.0231235 6.82952 21
 182.000000 -0.606227 1.35743 -0.49831 -14.6112 -0.564417 0.0231235 6.82952 21
 182.500000 -0.52408 1.42286 -0.557684 -14.1826 -0.579921 0.0231235 6.82952 21
 183.000000 -0.461571 1.62668 -0.730327 -15.2202 -0.579921 0.0231235 6.82952 21
 183.500000 -0.635053 1.21985 -0.384326 -15.6365 -0.579921 0.0231235 6.82952 21
 184.000000 -0.63023 1.41033 -0.539081 -14.1785 -0.579921 0.0231235 6.82952 21
 184.500000 -0.741736 1.33145 -0.454759 -14.9567 -0.579921 0.0231235 6.82952 21
 185.000000 -0.518388 1.43959 -0.571773 -13.9589 -0.595189 0.0231235 6.82952 21
 185.500000 -0.645858 1.34719 -0.485394 -14.6594 -0.595189 0.0231235 6.82952 21
 186.000000 -0.433014 1.58565 -0.696283 -14.4463 -0.595189 0.0231235 6.82952 21
 186.500000 -0.767145 1.26454 -0.392282 -15.6613 -0.595189 0.0231235 6.82952 21
 187.000000 -0.461079 1.51813 -0.638959 -14.1483 -0.595189 0.0231235 6.82952 21
 187.500000 -0.477342 1.55207 -0.667087 -14.1813 -0.610226 0.0231235 6.82952 21
 188.000000 -0.755333 1.31494 -0.43757 -15.2198 -0.610226 0.0231235 6.82952 21
 188.500000 -0.626646 1.24065 -0.401882 -15.6532 -0.610226 0.0231235 6.82952 21
 189.000000 -0.592819 1.33408 -0.480529 -14.6934 -0.610226 0.0231235 6.82952 21
 189.500000 -0.592966 1.36568 -0.506274 -14.5092 -0.610226 0.0231235 6.82952 21
 190.000000 -0.594774 1.38864 -0.524914 -14.2852 -0.625042 0.0231235 6.82952 21
 190.500000 -0.57701 1.41406 -0.547273 -13.8544 -0.625042 0.0231235 6.82952 21
 191.000000 -0.630883 1.28645 -0.43803 -15.2065 -0.625042 0.0231235 6.82952 21
 191.500000 -0.585798 1.49116 -0.61027 -14.0251 -0.625042 0.0231235 6.82952 21
 192.000000 -0.553286 1.39307 -0.531628 -14.0303 -0.625042 0.0231235 6.82952 21
 192.500000 -0.687529 1.37686 -0.50338 -14.3671 -0.63964 0.0231235 6.82952 21
 193.000000 -0.661916 1.22553 -0.384873 -15.639 -0.63964 0.0231235 6.82952 21
 193.500000 -0.45139 1.48727 -0.613181 -14.0387 -0.63964 0.0231235 6.82952 21
 194.000000 -0.38021 1.60975 -0.716843 -14.7863 -0.63964 0.0231235 6.82952 21
 194.500000 -0.603845 1.42444 -0.553504 -13.7789 -0.63964 0.0231235 6.82952 21
 195.000000 -0.783467 1.24012 -0.366621 -15.545 -0.654029 0.0231234 6.82952 21
 195.500000 -0.6825 1.33768 -0.472077 -14.5242 -0.654029 0.0231234 6.82952 21
 196.000000 -0.446379 1.61609 -0.721773 -14.9275 -0.654029 0.0231234 6.82952 21
 196.500000 -0.644573 1.40754 -0.535021 -13.9161 -0.654029 0.0231234 6.82952 21
 197.000000 -0.69319 1.37112 -0.497662 -14.2189 -0.654029 0.0231234 6.82952 21
 197.500000 -0.527162 1.55324 -0.665992 -14.0077 -0.668214 0.0231234 6.82952 21
 198.000000 -0.529543 1.49402 -0.616488 -14.0066 -0.668214 0.0231234 6.82952 21
 198.500000 -0.592908 1.43986 -0.567222 -13.7461 -0.668214 0.0231234 6.82952 21
 199.000000 -0.556385 1.36516 -0.508546 -14.1293 -0.668214 0.0231234 6.82952 21
 199.500000 -0.617072 1.47283 -0.592095 -13.8803 -0.668214 0.0231234 6.82952 21
 200.000000 -0.643199 1.25018 -0.407331 -15.5358 -0.6822 0.0220724 6.82952 22
 200.500000 -0.651777 1.35172 -0.488287 -14.2743 -0.6822 0.0220724 6.82952 22
 201.000000 -0.706531 1.32826 -0.459916 -14.6812 -0.6822 0.0220724 6.82952 22
 201.500000 -0.710838 1.23118 -0.37991 -15.3003 -0.6822 0.0220724 6.82952 22
 202.000000 -0.646238 1.4079 -0.535107 -13.8764 -0.6822 0.0220724 6.82952 22
 202.500000 -0.704311 1.32581 -0.458344 -14.7082 -0.695993 0.0220724 6.82952 22
 203.000000 -0.643249 1.36985 -0.504256 -14.0962 -0.695993 0.0220724 6.82952 22
 203.500000 -0.712594 1.36932 -0.492521 -14.1721 -0.695993 0.0220724 6.82952 22
 204.000000 -0.450534 1.5461 -0.662668 -13.7959 -0.695993 0.0220724 6.82952 22
 204.500000 -0.422247 1.4762 -0.603915 -13.9276 -0.695993 0.0220724 6.82952 22
 205.000000 -0.54222 1.48667 -0.609677 -13.9548 -0.709599 0.0220724 6.82952 22
 205.500000 -0.694245 1.21954 -0.374151 -15.2807 -0.709599 0.0220724 6.82952 22
 206.000000 -0.362057 1.51975 -0.639805 -13.782 -0.709599 0.0220724 6.82952 22
 206.500000 -0.442457 1.61025 -0.716927 -14.6729 -0.709599 0.0220724 6.82952 22
 207.000000 -0.497968 1.50184 -0.624365 -13.796 -0.709599 0.0220724 6.82952 22
 207.500000 -0.668743 1.22749 -0.385298 -15.3027 -0.723022 0.0220724 6.82952 22
 208.000000 -0.451426 1.57541 -0.687354 -13.9615 -0.723022 0.0220724 6.82952 22
 208.500000 -0.401754 1.52752 -0.647123 -13.7705 -0.723022 0.0220724 6.82952 22
 209.000000 -0.692568 1.26262 -0.409149 -15.0905 -0.723022 0.0220724 6.82952 22
 209.500000 -0.651427 1.34045 -0.479136 -14.2783 -0.723022 0.0220724 6.82952 22
 210.000000 -0.766391 1.21374 -0.350489 -15.1814 -0.736267 0.0220724 6.82952 22
 210.500000 -0.602547 1.37831 -0.515732 -14.0222 -0.736267 0.0220724 6.82952 22
 211.000000 -0.707437 1.27509 -0.416249 -15.0476 -0.736267 0.0220724 6.82952 22
 211.500000 -0.681136 1.36663 -0.49604 -14.1481 -0.736267 0.0220724 6.82952 22
 212.000000 -0.631702 1.44087 -0.564064 -13.6655 -0.736267 0.0220724 6.82952 22
 212.500000 -0.597604 1.35476 -0.496946 -14.1422 -0.749339 0.0220724 6.82952 22
 213.000000 -0.394685 1.52235 -0.64266 -13.7774 -0.749339 0.0220724 6.82952 22
 213.500000 -0.368191 1.65306 -0.7537 -15.6952 -0.749339 0.0220724 6.82952 22
 214.000000 -0.490928 1.416 -0.553079 -13.7008 -0.749339 0.0220724 6.82952 22
 214.500000 -0.422852 1.59675 -0.705778 -14.3461 -0.749339 0.0220724 6.82952 22
 215.000000 -0.506028 1.51368 -0.63395 -13.7902 -0.762243 0.0220724 6.82952 22
 215.500000 -0.544977 1.5117 -0.630324 -13.6002 -0.762243 0.0220724 6.82952 22
 216.000000 -0.485723 1.48341 -0.609336 -13.6306 -0.762243 0.0220724 6.82952 22
 216.500000 -0.565731 1.43494 -0.565318 -13.6467 -0.762243 0.0220724 6.82952 22
 217.000000 -0.626676 1.45516 -0.576435 -13.6305 -0.762243 0.0220724 6.82952 22
 217.500000 -0.685934 1.42975 -0.547276 -13.7348 -0.774982 0.0220724 6.82952 22
 218.000000 -0.315123 1.6906 -0.785114 -15.7818 -0.774982 0.0220724 6.82952 22
 218.500000 -0.476678 1.59129 -0.700062 -14.1807 -0.774982 0.0220724 6.82952 22
 219.000000 -0.471117 1.51478 -0.635949 -13.5949 -0.774982 0.0220724 6.82952 22
 219.500000 -0.396187 1.43334 -0.567453 -13.5101 -0.774982 0.0220724 6.82952 22
 220.000000 -0.754442 1.18173 -0.328177 -15.2159 -0.78756 0.0220724 6.82952 22
 220.500000 -0.679684 1.24058 -0.393823 -15.0258 -0.78756 0.0220724 6.82952 22
 221.000000 -0.575952 1.46141 -0.586443 -13.5653 -0.78756 0.0220724 6.82952 22
 221.500000 -0.48681 1.52013 -0.640028 -13.5959 -0.78756 0.0220724 6.82952 22
 222.000000 -0.384888 1.62521 -0.73004 -15.0973 -0.78756 0.0220724 6.82952 22
 222.500000 -0.504704 1.47148 -0.598798 -13.6019 -0.799983 0.0220724 6.82952 22
 223.000000 -0.552841 1.46804 -0.593567 -13.4002 -0.799983 0.0220724 6.82952 22
 223.500000 -0.396363 1.59293 -0.702612 -14.2461 -0.799983 0.0220724 6.82952 22
 224.000000 -0.674412 1.37847 -0.506861 -13.8195 -0.799983 0.0220724 6.82952 22
 224.500000 -0.662677 1.25954 -0.411939 -15.0676 -0.799983 0.0220724 6.82952 22
 225.000000 -0.588536 1.39173 -0.527988 -13.6558 -0.812253 0.0220724 6.82952 22
 225.500000 -0.812561 1.21813 -0.33699 -14.9063 -0.812253 0.0220724 6.82952 22
 226.000000 -0.472168 1.49663 -0.620713 -13.4418 -0.812253 0.0220724 6.82952 22
 226.500000 -0.861345 1.10715 -0.216969 -15.9992 -0.812253 0.0220724 6.82952 22
 227.000000 -0.767395 1.25583 -0.384968 -14.9685 -0.812253 0.0220724 6.82952 22
 227.500000 -0.911256 1.12084 -0.194565 -16 -0.824374 0.0211127 6.82952 23
 228.000000 -0.743961 1.22236 -0.36436 -14.8232 -0.824374 0.0211127 6.82952 23
 228.500000 -0.815096 0.977656 -0.140827 -15.9652 -0.824374 0.0211127 6.82952 23
 229.000000 -0.610487 1.33427 -0.479017 -13.9863 -0.824374 0.0211127 6.82952 23
 229.500000 -0.671885 1.37562 -0.504918 -13.644 -0.824374 0.0211127 6.82952 23
 230.000000 -0.7048 1.3004 -0.437443 -14.7534 -0.83635 0.0211127 6.82952 23
 230.500000 -0.636436 1.37555 -0.50979 -13.5909 -0.83635 0.0211127 6.82952 23
 231.000000 -0.75858 1.29142 -0.41713 -14.8113 -0.83635 0.0211127 6.82952 23
 231.500000 -0.501205 1.45365 -0.584075 -13.3382 -0.83635 0.0211127 6.82952 23
 232.000000 -0.384519 1.64723 -0.748792 -15.5975 -0.83635 0.0211127 6.82952 23
 232.500000 -0.32649 1.7109 -0.802775 -15.7159 -0.848185 0.0211127 6.82952 23
 233.000000 -0.370235 1.64544 -0.747208 -15.5388 -0.848185 0.0211127 6.82952 23
 233.500000 -0.463088 1.53329 -0.651663 -13.529 -0.848185 0.0211127 6.82952 23
 234.000000 -0.564593 1.4481 -0.576279 -13.3258 -0.848185 0.0211127 6.82952 23
 234.500000 -0.513402 1.46717 -0.594885 -13.3562 -0.848185 0.0211127 6.82952 23
 235.000000 -0.555378 1.5074 -0.626074 -13.4184 -0.859881 0.0211127 6.82952 23
 235.500000 -0.45827 1.66859 -0.765757 -15.6924 -0.859881 0.0211127 6.82952 23
 236.000000 -0.590583 1.54656 -0.655816 -13.4286 -0.859881 0.0211127 6.82952 23
 236.500000 -0.43276 1.66716 -0.765235 -15.6929 -0.859881 0.0211127 6.82952 23
 237.000000 -0.396845 1.5542 -0.669713 -13.5775 -0.859881 0.0211127 6.82952 23
 237.500000 -0.44785 1.6423 -0.743877 -15.4676 -0.871442 0.020233 6.82952 24
 238.000000 -0.517105 1.55229 -0.665722 -13.4929 -0.871442 0.020233 6.82952 24
 238.500000 -0.308118 1.65617 -0.755289 -15.4124 -0.871442 0.020233 6.82952 24
 239.000000 -0.747792 1.19051 -0.337349 -14.8459 -0.871442 0.020233 6.82952 24
 239.500000 -0.760186 1.14348 -0.295408 -15.5014 -0.871442 0.020233 6.82952 24
 240.000000 -0.803406 1.21023 -0.334085 -14.8748 -0.88287 0.020233 6.82952 24
 240.500000 -0.536926 1.52088 -0.638447 -13.2536 -0.88287 0.020233 6.82952 24
 241.000000 -0.485415 1.60764 -0.713495 -14.4402 -0.88287 0.020233 6.82952 24
 241.500000 -0.296656 1.63678 -0.738193 -15.1244 -0.88287 0.020233 6.82952 24
 242.000000 -0.507434 1.48427 -0.609357 -13.1843 -0.88287 0.020233 6.82952 24
 242.500000 -0.715178 1.35984 -0.484172 -13.8486 -0.89417 0.020233 6.82952 24
 243.000000 -0.579429 1.43585 -0.56505 -13.2632 -0.89417 0.020233 6.82952 24
 243.500000 -0.422302 1.58203 -0.693313 -13.9258 -0.89417 0.020233 6.82952 24
 244.000000 -0.432752 1.63945 -0.741787 -15.2027 -0.89417 0.020233 6.82952 24
 244.500000 -0.655234 1.22804 -0.38793 -14.8347 -0.89417 0.020233 6.82952 24
 245.000000 -0.546564 1.46577 -0.59207 -13.2208 -0.905343 0.020233 6.82952 24
 245.500000 -0.717797 1.28915 -0.425481 -14.6282 -0.905343 0.020233 6.82952 24
 246.000000 -0.678993 1.32484 -0.462172 -13.9566 -0.905343 0.020233 6.82952 24
 246.500000 -0.632712 1.40574 -0.535017 -13.3014 -0.905343 0.020233 6.82952 24
 247.000000 -0.372355 1.59276 -0.702271 -14.1338 -0.905343 0.020233 6.82952 24
 247.500000 -0.363138 1.63509 -0.738302 -15.1267 -0.916393 0.020233 6.82952 24
 248.000000 -0.746975 1.25904 -0.393571 -14.8594 -0.916393 0.020233 6.82952 24
 248.500000 -0.690679 1.29944 -0.439392 -14.3752 -0.916393 0.020233 6.82952 24
 249.000000 -0.679052 1.26387 -0.412671 -14.7994 -0.916393 0.020233 6.82952 24
 249.500000 -0.710114 1.33718 -0.466523 -13.8871 -0.916393 0.020233 6.82952 24
 250.000000 -0.554281 1.38358 -0.523773 -13.3668 -0.927322 0.020233 6.82952 24
 250.500000 -0.309859 1.63904 -0.74058 -14.9608 -0.927322 0.020233 6.82952 24
 251.000000 -0.824732 1.10607 -0.237066 -15.9167 -0.927322 0.020233 6.82952 24
 251.500000 -0.652481 1.28262 -0.432063 -14.509 -0.927322 0.020233 6.82952 24
 252.000000 -0.758026 1.33513 -0.453677 -14.0821 -0.927322 0.020233 6.82952 24
 252.500000 -0.609539 1.3609 -0.500811 -13.3511 -0.938133 0.020233 6.82952 24
 253.000000 -0.458068 1.47758 -0.60498 -12.9853 -0.938133 0.020233 6.82952 24
 253.500000 -0.421779 1.61685 -0.72281 -14.5929 -0.938133 0.020233 6.82952 24
 254.000000 -0.572026 1.34123 -0.487985 -13.2966 -0.938133 0.020233 6.82952 24
 254.500000 -0.71348 1.30709 -0.441112 -14.277 -0.938133 0.020233 6.82952 24
 255.000000 -0.511723 1.46156 -0.590286 -12.9994 -0.948828 0.020233 6.82952 24
 255.500000 -0.381195 1.59881 -0.707522 -14.2265 -0.948828 0.020233 6.82952 24
 256.000000 -0.472516 1.54058 -0.657575 -13.3588 -0.948828 0.020233 6.82952 24
 256.500000 -0.500168 1.54699 -0.662042 -13.4197 -0.948828 0.020233 6.82952 24
 257.000000 -0.53075 1.4426 -0.573719 -12.8635 -0.948828 0.020233 6.82952 24
 257.500000 -0.610427 1.35439 -0.495409 -13.2065 -0.95941 0.020233 6.82952 24
 258.000000 -0.522049 1.40552 -0.543437 -12.9635 -0.95941 0.020233 6.82952 24
 258.500000 -0.304547 1.73198 -0.820517 -15.4995 -0.95941 0.020233 6.82952 24
 259.000000 -0.517659 1.42084 -0.556271 -12.9399 -0.95941 0.020233 6.82952 24
 259.500000 -0.592326 1.42421 -0.554374 -12.9458 -0.95941 0.020233 6.82952 24
 260.000000 -0.593832 1.38618 -0.522981 -12.9449 -0.969881 0.020233 6.82953 24
 260.500000 -0.689448 1.39181 -0.515361 -12.7648 -0.969881 0.020233 6.82953 24
 261.000000 -0.699076 1.27505 -0.417934 -14.719 -0.969881 0.020233 6.82953 24
 261.500000 -0.719075 1.30856 -0.441114 -14.179 -0.969881 0.020233 6.82953 24
 262.000000 -0.672792 1.35051 -0.484176 -13.0616 -0.969881 0.020233 6.82953 24
 262.500000 -0.743406 1.08673 -0.256421 -15.9096 -0.980244 0.0194237 6.82953 25
 263.000000 -0.466891 1.41588 -0.553374 -12.8019 -0.980244 0.0194237 6.82953 25
 263.500000 -0.719781 1.27789 -0.415825 -14.722 -0.980244 0.0194237 6.82953 25
 264.000000 -0.667696 1.23938 -0.394965 -14.8379 -0.980244 0.0194237 6.82953 25
 264.500000 -0.718612 1.31861 -0.449473 -13.9002 -0.980244 0.0194237 6.82953 25
 265.000000 -0.514558 1.52804 -0.645581 -13.1556 -0.990501 0.0194237 6.82953 25
 265.500000 -0.47597 1.46165 -0.591385 -12.7217 -0.990501 0.0194237 6.82953 25
 266.000000 -0.388808 1.66712 -0.765728 -15.2833 -0.990501 0.0194237 6.82953 25
 266.500000 -0.561823 1.52819 -0.642907 -12.9056 -0.990501 0.0194237 6.82953 25
 267.000000 -0.475376 1.54575 -0.661841 -13.1222 -0.990501 0.0194237 6.82953 25
 267.500000 -0.347804 1.63818 -0.74074 -14.9474 -1.00065 0.0194237 6.82953 25
 268.000000 -0.476505 1.47783 -0.604891 -12.7015 -1.00065 0.0194237 6.82953 25
 268.500000 -0.336333 1.64871 -0.749553 -14.8584 -1.00065 0.0194237 6.82953 25
 269.000000 -0.572594 1.41728 -0.550264 -12.7946 -1.00065 0.0194237 6.82953 25
 269.500000 -0.405785 1.61341 -0.72001 -14.3647 -1.00065 0.0194237 6.82953 25
 270.000000 -0.416591 1.60599 -0.713653 -14.2162 -1.0107 0.0194237 6.82953 25
 270.500000 -0.494998 1.51845 -0.638352 -12.8619 -1.0107 0.0194237 6.82953 25
 271.000000 -0.487453 1.59631 -0.703903 -13.7948 -1.0107 0.0194237 6.82953 25
 271.500000 -0.381268 1.63888 -0.74167 -14.4719 -1.0107 0.0194237 6.82953 25
 272.000000 -0.757196 1.24931 -0.382652 -14.7737 -1.0107 0.0194237 6.82953 25
 272.500000 -0.598603 1.45222 -0.576912 -12.7715 -1.02065 0.0194237 6.82953 25
 273.000000 -0.582117 1.48346 -0.6042 -12.5893 -1.02065 0.0194237 6.82953 25
 273.500000 -0.633513 1.44989 -0.571288 -12.5986 -1.02065 0.0194237 6.82953 25
 274.000000 -0.27655 1.73527 -0.822669 -15.4851 -1.02065 0.0194237 6.82953 25
 274.500000 -0.46357 1.64986 -0.749797 -14.6283 -1.02065 0.0194237 6.82953 25
 275.000000 -0.534865 1.54892 -0.661943 -13.1073 -1.03051 0.0194237 6.82953 25
 275.500000 -0.395835 1.54849 -0.664851 -12.9475 -1.03051 0.0194237 6.82953 25
 276.000000 -0.55345 1.39531 -0.533455 -12.6866 -1.03051 0.0194237 6.82953 25
 276.500000 -0.793747 1.24585 -0.367772 -14.6567 -1.03051 0.0194237 6.82953 25
 277.000000 -0.538664 1.48784 -0.610854 -12.5974 -1.03051 0.0194237 6.82953 25
 277.500000 -0.411514 1.6348 -0.738127 -14.3978 -1.04026 0.0194237 6.82953 25
 278.000000 -0.526316 1.40442 -0.542352 -12.6812 -1.04026 0.0194237 6.82953 25
 278.500000 -0.60657 1.48301 -0.601599 -12.5692 -1.04026 0.0194237 6.82953 25
 279.000000 -0.806723 1.09443 -0.236606 -15.7338 -1.04026 0.0194237 6.82953 25
 279.500000 -0.860517 1.22409 -0.319395 -14.8129 -1.04026 0.0194237 6.82953 25
 280.000000 -0.900245 1.11367 -0.196339 -15.756 -1.04992 0.0194237 6.82953 25
 280.500000 -0.687434 1.28431 -0.42769 -14.4992 -1.04992 0.0194237 6.82953 25
 281.000000 -0.789121 1.27117 -0.390715 -14.8232 -1.04992 0.0194237 6.82953 25
 281.500000 -0.570124 1.38244 -0.521798 -12.6958 -1.04992 0.0194237 6.82953 25
 282.000000 -0.543671 1.54795 -0.6606 -12.9026 -1.04992 0.0194237 6.82953 25
 282.500000 -0.562544 1.49197 -0.612766 -12.6049 -1.05949 0.0194237 6.82953 25
 283.000000 -0.55223 1.35506 -0.500531 -12.8035 -1.05949 0.0194237 6.82953 25
 283.500000 -0.447779 1.50657 -0.629426 -12.5172 -1.05949 0.0194237 6.82953 25
 284.000000 -0.454636 1.67967 -0.775218 -14.9326 -1.05949 0.0194237 6.82953 25
 284.500000 -0.689889 1.2821 -0.425441 -14.5492 -1.05949 0.0194237 6.82953 25
 285.000000 -0.723173 1.21415 -0.363231 -14.626 -1.06897 0.0194237 6.82953 25
 285.500000 -0.528144 1.54512 -0.659155 -12.82 -1.06897 0.0194237 6.82953 25
 286.000000 -0.462164 1.55536 -0.670239 -12.9725 -1.06897 0.0194237 6.82953 25
 286.500000 -0.594266 1.39295 -0.528495 -12.6899 -1.06897 0.0194237 6.82953 25
 287.000000 -0.94756 1.10586 -0.15165 -15.8495 -1.06897 0.0194237 6.82953 25
 287.500000 -0.43498 1.58208 -0.693237 -13.389 -1.07836 0.0194237 6.82953 25
 288.000000 -0.489164 1.45741 -0.587555 -12.4323 -1.07836 0.0194237 6.82953 25
 288.500000 -0.354269 1.65186 -0.752545 -14.3597 -1.07836 0.0194237 6.82953 25
 289.000000 -0.658184 1.25428 -0.408421 -14.719 -1.07836 0.0194237 6.82953 25
 289.500000 -0.647904 1.27519 -0.426733 -14.4998 -1.07836 0.0194237 6.82953 25
 290.000000 -0.539641 1.40297 -0.540531 -12.679 -1.08766 0.0194237 6.82953 25
 290.500000 -0.656153 1.29675 -0.442942 -14.0912 -1.08766 0.0194237 6.82953 25
 291.000000 -0.633939 1.35325 -0.49186 -12.8455 -1.08766 0.0194237 6.82953 25
 291.500000 -0.430628 1.54581 -0.662635 -12.7583 -1.08766 0.0194237 6.82953 25
 292.000000 -0.726355 1.28023 -0.416215 -14.6662 -1.08766 0.0194237 6.82953 25
 292.500000 -0.586534 1.40935 -0.542641 -12.4831 -1.09688 0.0194237 6.82953 25
 293.000000 -0.483279 1.57794 -0.688626 -13.0668 -1.09688 0.0194237 6.82953 25
 293.500000 -0.715763 1.27154 -0.411547 -14.7056 -1.09688 0.0194237 6.82953 25
 294.000000 -0.52881 1.35222 -0.499355 -12.6528 -1.09688 0.0194237 6.82953 25
 294.500000 -0.733827 1.2019 -0.350563 -14.368 -1.09688 0.0194237 6.82953 25
 295.000000 -0.538169 1.33247 -0.48283 -12.982 -1.10601 0.0194237 6.82953 25
 295.500000 -0.675901 1.26061 -0.410594 -14.6632 -1.10601 0.0194237 6.82953 25
 296.000000 -0.886984 1.16851 -0.254353 -15.6697 -1.10601 0.0194237 6.82953 25
 296.500000 -0.718986 1.29821 -0.432644 -14.2001 -1.10601 0.0194237 6.82953 25
 297.000000 -0.673447 1.45812 -0.572702 -12.33 -1.10601 0.0194237 6.82953 25
 297.500000 -0.775354 1.19544 -0.332377 -14.4944 -1.11506 0.0194237 6.82953 25
 298.000000 -0.517462 1.43311 -0.566441 -12.3206 -1.11506 0.0194237 6.82953 25
 298.500000 -0.388324 1.61456 -0.72098 -13.679 -1.11506 0.0194237 6.82953 25
 299.000000 -0.424725 1.64965 -0.75056 -14.3128 -1.11506 0.0194237 6.82953 25
 299.500000 -0.552384 1.43663 -0.567597 -12.3226 -1.11506 0.0194237 6.82953 25
 300.000000 -0.440423 1.50513 -0.628272 -12.4914 -1.12403 0.0194237 6.82954 25
 300.500000 -0.552785 1.58343 -0.689561 -13.0389 -1.12403 0.0194237 6.82954 25
 301.000000 -0.655954 1.29234 -0.439404 -13.9881 -1.12403 0.0194237 6.82954 25
 301.500000 -0.570433 1.28766 -0.444728 -13.8133 -1.12403 0.0194237 6.82954 25
 302.000000 -0.785386 1.3153 -0.429122 -14.3057 -1.12403 0.0194237 6.82954 25
 302.500000 -0.652937 1.2718 -0.423275 -14.4579 -1.13292 0.0194237 6.82954 25
 303.000000 -0.84592 1.24629 -0.34627 -14.1883 -1.13292 0.0194237 6.82954 25
 303.500000 -0.647118 1.28496 -0.434709 -13.9684 -1.13292 0.0194237 6.82954 25
 304.000000 -0.387308 1.7257 -0.815598 -15.4295 -1.13292 0.0194237 6.82954 25
 304.500000 -0.535698 1.51542 -0.633968 -12.3272 -1.13292 0.0194237 6.82954 25
 305.000000 -0.45302 1.44479 -0.577578 -12.2922 -1.14173 0.0194237 6.82954 25
 305.500000 -0.32565 1.66896 -0.766734 -14.7079 -1.14173 0.0194237 6.82954 25
 306.000000 -0.396633 1.54734 -0.663884 -12.6425 -1.14173 0.0194237 6.82954 25
 306.500000 -0.411339 1.62637 -0.73098 -13.8819 -1.14173 0.0194237 6.82954 25
 307.000000 -0.44414 1.44879 -0.580959 -12.1038 -1.14173 0.0194237 6.82954 25
 307.500000 -0.758111 1.24896 -0.382094 -14.4136 -1.15046 0.0194237 6.82954 25
 308.000000 -0.623999 1.42606 -0.552735 -12.1669 -1.15046 0.0194237 6.82954 25
 308.500000 -0.538223 1.43164 -0.564274 -12.1364 -1.15046 0.0194237 6.82954 25
 309.000000 -0.655368 1.62539 -0.71392 -13.5261 -1.15046 0.0194237 6.82954 25
 309.500000 -0.754193 1.33329 -0.453152 -13.4756 -1.15046 0.0194237 6.82954 25
 310.000000 -0.54333 1.43486 -0.566661 -12.1307 -1.15912 0.0194237 6.82954 25
 310.500000 -0.45855 1.51802 -0.638913 -12.3435 -1.15912 0.0194237 6.82954 25
 311.000000 -0.620503 1.37176 -0.508539 -12.3917 -1.15912 0.0194237 6.82954 25
 311.500000 -0.668807 1.26939 -0.418869 -14.2101 -1.15912 0.0194237 6.82954 25
 312.000000 -0.621136 1.28955 -0.441672 -13.7794 -1.15912 0.0194237 6.82954 25
 312.500000 -0.52814 1.40619 -0.543731 -12.0534 -1.16771 0.0194237 6.82954 25
 313.000000 -0.289909 1.65194 -0.751052 -14.324 -1.16771 0.0194237 6.82954 25
 313.500000 -0.434568 1.61148 -0.718103 -13.6135 -1.16771 0.0194237 6.82954 25
 314.000000 -0.563124 1.51957 -0.635651 -12.3074 -1.16771 0.0194237 6.82954 25
 314.500000 -0.655692 1.3668 -0.50008 -12.4104 -1.16771 0.0194237 6.82954 25
 315.000000 -0.770265 1.25018 -0.379376 -14.1834 -1.17622 0.0194237 6.82954 25
 315.500000 -0.294665 1.75748 -0.842283 -15.6213 -1.17622 0.0194237 6.82954 25
 316.000000 -0.708094 1.46832 -0.575386 -11.8508 -1.17622 0.0194237 6.82954 25
 316.500000 -0.533471 1.432 -0.56481 -11.8241 -1.17622 0.0194237 6.82954 25
 317.000000 -0.72333 1.26464 -0.404181 -14.1274 -1.17622 0.0194237 6.82954 25
 317.500000 -0.542001 1.47426 -0.599386 -11.9875 -1.18466 0.0194237 6.82954 25
 318.000000 -0.548308 1.42031 -0.554359 -11.7806 -1.18466 0.0194237 6.82954 25
 318.500000 -0.379316 1.64401 -0.746036 -14.2083 -1.18466 0.0194237 6.82954 25
 319.000000 -0.470908 1.60893 -0.715087 -13.5543 -1.18466 0.0194237 6.82954 25
 319.500000 -0.503504 1.59814 -0.704754 -13.3417 -1.18466 0.0194237 6.82954 25
 320.000000 -0.505445 1.49602 -0.619235 -11.9617 -1.19302 0.0194237 6.82955 25
 320.500000 -0.803912 1.2136 -0.336723 -14.115 -1.19302 0.0194237 6.82955 25
 321.000000 -0.43458 1.59093 -0.700723 -13.2473 -1.19302 0.0194237 6.82955 25
 321.500000 -0.52522 1.51035 -0.630305 -11.9077 -1.19302 0.0194237 6.82955 25
 322.000000 -0.510491 1.43211 -0.565869 -11.7214 -1.19302 0.0194237 6.82955 25
 322.500000 -0.446394 1.57329 -0.685655 -12.9396 -1.20132 0.0194237 6.82955 25
 323.000000 -0.302892 1.74454 -0.831297 -15.5363 -1.20132 0.0194237 6.82955 25
 323.500000 -0.792131 1.24566 -0.368196 -13.9398 -1.20132 0.0194237 6.82955 25
 324.000000 -0.759438 1.32128 -0.441747 -13.7689 -1.20132 0.0194237 6.82955 25
 324.500000 -0.714885 1.33987 -0.467767 -13.0894 -1.20132 0.0194237 6.82955 25
 325.000000 -0.705563 1.303 -0.439411 -13.8237 -1.20955 0.0194237 6.82955 25
 325.500000 -0.819678 1.16755 -0.291012 -15.1402 -1.20955 0.0194237 6.82955 25
 326.000000 -0.631234 1.38851 -0.52104 -12.0797 -1.20955 0.0194237 6.82955 25
 326.500000 -0.714311 1.24257 -0.388327 -13.9804 -1.20955 0.0194237 6.82955 25
 327.000000 -0.663688 1.23569 -0.392677 -13.9926 -1.20955 0.0194237 6.82955 25
 327.500000 -0.703601 1.28106 -0.421906 -13.8874 -1.21772 0.0194237 6.82955 25
 328.000000 -0.697434 1.24205 -0.391574 -13.8539 -1.21772 0.0194237 6.82955 25
 328.500000 -0.62511 1.3475 -0.488205 -12.6162 -1.21772 0.0194237 6.82955 25
 329.000000 -0.740692 1.34772 -0.468514 -12.9898 -1.21772 0.0194237 6.82955 25
 329.500000 -0.612569 1.35993 -0.499712 -12.4116 -1.21772 0.0194237 6.82955 25
 330.000000 -0.729436 1.30182 -0.433219 -13.5505 -1.22581 0.0194237 6.82955 25
 330.500000 -0.600424 1.38684 -0.522923 -12.0547 -1.22581 0.0194237 6.82955 25
 331.000000 -0.522915 1.54277 -0.657474 -12.3043 -1.22581 0.0194237 6.82955 25
 331.500000 -0.638507 1.34475 -0.48435 -12.6726 -1.22581 0.0194237 6.82955 25
 332.000000 -0.615776 1.31789 -0.465164 -12.9902 -1.22581 0.0194237 6.82955 25
 332.500000 -0.623073 1.30568 -0.454475 -13.1368 -1.23385 0.0194237 6.82955 25
 333.000000 -0.638993 1.30693 -0.453551 -12.9266 -1.23385 0.0194237 6.82955 25
 333.500000 -0.556482 1.56557 -0.674412 -12.5584 -1.23385 0.0194237 6.82955 25
 334.000000 -0.488774 1.39242 -0.533601 -11.9295 -1.23385 0.0194237 6.82955 25
 334.500000 -0.626905 1.35117 -0.490992 -12.5068 -1.23385 0.0194237 6.82955 25
 335.000000 -0.608755 1.39479 -0.528641 -11.9825 -1.24181 0.0194237 6.82955 25
 335.500000 -0.50746 1.53102 -0.648385 -12.1623 -1.24181 0.0194237 6.82955 25
 336.000000 -0.729036 1.30151 -0.433061 -13.1348 -1.24181 0.0194237 6.82955 25
 336.500000 -0.668994 1.25704 -0.408905 -13.4915 -1.24181 0.0194237 6.82955 25
 337.000000 -0.802271 1.20754 -0.332283 -14.1757 -1.24181 0.0194237 6.82955 25
 337.500000 -0.666525 1.28001 -0.427816 -13.2034 -1.24972 0.0194237 6.82955 25
 338.000000 -0.475518 1.43897 -0.572477 -11.6584 -1.24972 0.0194237 6.82955 25
 338.500000 -0.579617 1.34513 -0.490597 -12.38 -1.24972 0.0194237 6.82955 25
 339.000000 -0.924037 1.06391 -0.134036 -15.9531 -1.24972 0.0194237 6.82955 25
 339.500000 -0.690364 1.31637 -0.453263 -12.8071 -1.24972 0.0194237 6.82955 25
 340.000000 -0.824669 1.10742 -0.238211 -15.6534 -1.25756 0.0194237 6.82955 25
 340.500000 -0.759249 1.21689 -0.355352 -13.9178 -1.25756 0.0194237 6.82955 25
 341.000000 -0.775405 1.24421 -0.372753 -13.7914 -1.25756 0.0194237 6.82955 25
 341.500000 -0.843931 1.11423 -0.233378 -15.4087 -1.25756 0.0194237 6.82955 25
 342.000000 -0.872346 1.18346 -0.276775 -15.3626 -1.25756 0.0194237 6.82955 25
 342.500000 -0.670064 1.32642 -0.464923 -12.7254 -1.26534 0.0194237 6.82955 25
 343.000000 -0.926314 1.12861 -0.189965 -15.4981 -1.26534 0.0194237 6.82955 25
 343.500000 -0.658517 1.17059 -0.342171 -14.0397 -1.26534 0.0194237 6.82955 25
 344.000000 -0.525177 1.63698 -0.736112 -13.8505 -1.26534 0.0194237 6.82955 25
 344.500000 -0.544814 1.49924 -0.619969 -11.7809 -1.26534 0.0194237 6.82955 25
 345.000000 -0.449078 1.54449 -0.661328 -12.3632 -1.27307 0.0194237 6.82956 25
 345.500000 -0.528606 1.42711 -0.560997 -11.6631 -1.27307 0.0194237 6.82956 25
 346.000000 -0.78325 1.23665 -0.363793 -13.8567 -1.27307 0.0194237 6.82956 25
 346.500000 -0.812074 1.1365 -0.268592 -15.4248 -1.27307 0.0194237 6.82956 25
 347.000000 -0.757541 1.36103 -0.475429 -12.4113 -1.27307 0.0194237 6.82956 25
 347.500000 -0.723357 1.23422 -0.379422 -13.7235 -1.28073 0.0194237 6.82956 25
 348.000000 -0.689412 1.38109 -0.506531 -12.0483 -1.28073 0.0194237 6.82956 25
 348.500000 -0.80373 1.15691 -0.289337 -15.1478 -1.28073 0.0194237 6.82956 25
 349.000000 -0.838766 1.16486 -0.279293 -15.3301 -1.28073 0.0194237 6.82956 25
 349.500000 -0.648005 1.31705 -0.460565 -12.5285 -1.28073 0.0194237 6.82956 25
 350.000000 -0.716148 1.35169 -0.477248 -12.3952 -1.28833 0.0194237 6.82956 25
 350.500000 -0.847654 1.26673 -0.363347 -13.665 -1.28833 0.0194237 6.82956 25
 351.000000 -0.592161 1.35132 -0.494624 -12.0752 -1.28833 0.0194237 6.82956 25
 351.500000 -0.489615 1.72123 -0.808721 -15.3826 -1.28833 0.0194237 6.82956 25
 352.000000 -0.521143 1.51509 -0.634464 -11.8723 -1.28833 0.0194237 6.82956 25
 352.500000 -0.47022 1.57064 -0.682892 -12.4822 -1.29588 0.0194237 6.82956 25
 353.000000 -0.305515 1.69916 -0.792267 -15.2174 -1.29588 0.0194237 6.82956 25
 353.500000 -0.399251 1.58365 -0.69473 -12.4976 -1.29588 0.0194237 6.82956 25
 354.000000 -0.849409 1.20294 -0.306673 -14.702 -1.29588 0.0194237 6.82956 25
 354.500000 -0.823349 1.00212 -0.154529 -15.8224 -1.29588 0.0194237 6.82956 25
 355.000000 -0.812381 1.134 -0.266372 -15.4325 -1.30337 0.0194237 6.82956 25
 355.500000 -0.721417 1.10587 -0.278055 -15.1426 -1.30337 0.0194237 6.82956 25
 356.000000 -0.618466 1.4326 -0.55873 -11.6651 -1.30337 0.0194237 6.82956 25
 356.500000 -0.674371 1.38079 -0.508771 -11.9465 -1.30337 0.0194237 6.82956 25
 357.000000 -0.690035 1.28147 -0.424902 -12.8473 -1.30337 0.0194237 6.82956 25
 357.500000 -0.555799 1.43336 -0.564677 -11.6614 -1.31081 0.0194236 6.82956 25
 358.000000 -0.762244 1.25715 -0.387635 -13.44 -1.31081 0.0194236 6.82956 25
 358.500000 -0.642458 1.27928 -0.430771 -12.7468 -1.31081 0.0194236 6.82956 25
 359.000000 -0.487179 1.49107 -0.615699 -11.6773 -1.31081 0.0194236 6.82956 25
 359.500000 -0.437823 1.63613 -0.738881 -13.7924 -1.31081 0.0194236 6.82956 25
 360.000000 -0.853295 1.19569 -0.298299 -14.8508 -1.31819 0.0186766 6.82956 26
 360.500000 -0.606494 1.27777 -0.433756 -12.6623 -1.31819 0.0186766 6.82956 26
 361.000000 -0.699664 1.27934 -0.421308 -12.8758 -1.31819 0.0186766 6.82956 26
 361.500000 -0.803569 1.14046 -0.275774 -14.922 -1.31819 0.0186766 6.82956 26
 362.000000 -0.752443 1.26882 -0.400121 -13.2428 -1.31819 0.0186766 6.82956 26
 362.500000 -0.606566 1.48471 -0.603003 -11.5576 -1.32551 0.0186766 6.82957 26
 363.000000 -0.782585 1.21833 -0.348765 -13.7811 -1.32551 0.0186766 6.82957 26
 363.500000 -0.559375 1.47979 -0.60288 -11.3726 -1.32551 0.0186766 6.82957 26
 364.000000 -0.39416 1.6104 -0.717459 -13.0661 -1.32551 0.0186766 6.82957 26
 364.500000 -0.481903 1.56383 -0.676821 -12.1645 -1.32551 0.0186766 6.82957 26
 365.000000 -0.648991 1.23367 -0.393344 -13.3377 -1.33278 0.0186766 6.82957 26
 365.500000 -0.854572 1.12779 -0.238745 -15.1963 -1.33278 0.0186766 6.82957 26
 366.000000 -0.632298 1.43279 -0.557329 -11.41 -1.33278 0.0186766 6.82957 26
 366.500000 -0.646025 1.30967 -0.454844 -12.3682 -1.33278 0.0186766 6.82957 26
 367.000000 -0.423685 1.6432 -0.745113 -13.9617 -1.33278 0.0186766 6.82957 26
 367.500000 -0.674763 1.2724 -0.420298 -12.8091 -1.34 0.0186766 6.82957 26
 368.000000 -0.744386 1.307 -0.433841 -12.4584 -1.34 0.0186766 6.82957 26
 368.500000 -0.668617 1.34996 -0.484385 -12.1066 -1.34 0.0186766 6.82957 26
 369.000000 -0.839452 1.17933 -0.291359 -14.722 -1.34 0.0186766 6.82957 26
 369.500000 -0.507517 1.64504 -0.743865 -13.9214 -1.34 0.0186766 6.82957 26
 370.000000 -0.398764 1.46579 -0.594856 -11.3477 -1.34717 0.0186766 6.82957 26
 370.500000 -0.322492 1.62846 -0.731838 -13.5288 -1.34717 0.0186766 6.82957 26
 371.000000 -0.234737 1.75487 -0.83821 -15.5756 -1.34717 0.0186766 6.82957 26
 371.500000 -0.559558 1.43676 -0.567246 -11.2505 -1.34717 0.0186766 6.82957 26
 372.000000 -0.588738 1.41278 -0.545273 -11.4346 -1.34717 0.0186766 6.82957 26
 372.500000 -0.665056 1.31314 -0.454896 -12.2953 -1.35429 0.0186766 6.82957 26
 373.000000 -0.422544 1.62865 -0.732803 -13.5604 -1.35429 0.0186766 6.82957 26
 373.500000 -0.397849 1.58377 -0.69483 -12.4677 -1.35429 0.0186766 6.82957 26
 374.000000 -0.774216 1.25256 -0.38009 -13.1235 -1.35429 0.0186766 6.82957 26
 374.500000 -0.568524 1.41638 -0.549815 -11.3905 -1.35429 0.0186766 6.82957 26
 375.000000 -0.666179 1.21672 -0.377168 -13.1723 -1.36136 0.0186766 6.82957 26
 375.500000 -0.567475 1.31889 -0.470152 -12.0338 -1.36136 0.0186766 6.82957 26
 376.000000 -0.586131 1.38337 -0.521335 -11.7056 -1.36136 0.0186766 6.82957 26
 376.500000 -0.447496 1.66782 -0.765432 -14.5919 -1.36136 0.0186766 6.82957 26
 377.000000 -0.598987 1.46053 -0.583738 -11.1677 -1.36136 0.0186766 6.82957 26
 377.500000 -0.304961 1.64888 -0.748909 -14.0836 -1.36837 0.0186766 6.82957 26
 378.000000 -0.583182 1.32981 -0.477856 -12.0199 -1.36837 0.0186766 6.82957 26
 378.500000 -0.303272 1.70917 -0.800843 -15.1429 -1.36837 0.0186766 6.82957 26
 379.000000 -0.494482 1.6011 -0.707637 -12.7559 -1.36837 0.0186766 6.82957 26
 379.500000 -0.632693 1.32096 -0.465723 -12.0433 -1.36837 0.0186766 6.82957 26
 380.000000 -0.671733 1.34397 -0.478991 -12.0177 -1.37534 0.0186766 6.82958 26
 380.500000 -0.858352 1.20922 -0.307448 -14.4062 -1.37534 0.0186766 6.82958 26
 381.000000 -0.852726 1.23913 -0.33667 -13.7329 -1.37534 0.0186766 6.82958 26
 381.500000 -0.942852 1.16969 -0.214828 -15.3411 -1.37534 0.0186766 6.82958 26
 382.000000 -0.782389 1.22823 -0.357076 -13.2927 -1.37534 0.0186766 6.82958 26
 382.500000 -0.57778 1.34321 -0.489175 -11.8191 -1.38226 0.0186766 6.82958 26
 383.000000 -0.850866 0.977056 -0.117929 -15.9873 -1.38226 0.0186766 6.82958 26
 383.500000 -0.689725 1.14977 -0.32 -14.1252 -1.38226 0.0186766 6.82958 26
 384.000000 -0.825352 1.13009 -0.25674 -15.0752 -1.38226 0.0186766 6.82958 26
 384.500000 -0.624444 1.29076 -0.442274 -12.0053 -1.38226 0.0186766 6.82958 26
 385.000000 -0.60391 1.44476 -0.570252 -11.2292 -1.38914 0.0186766 6.82958 26
 385.500000 -0.62433 1.41468 -0.543332 -11.2891 -1.38914 0.0186766 6.82958 26
 386.000000 -0.548261 1.42316 -0.556714 -11.1502 -1.38914 0.0186766 6.82958 26
 386.500000 -0.675232 1.31377 -0.45378 -11.8502 -1.38914 0.0186766 6.82958 26
 387.000000 -0.821442 1.13984 -0.266863 -15.0015 -1.38914 0.0186766 6.82958 26
 387.500000 -0.907283 1.20709 -0.275954 -14.9183 -1.39596 0.0186766 6.82958 26
 388.000000 -0.704669 1.25075 -0.397078 -12.7111 -1.39596 0.0186766 6.82958 26
 388.500000 -0.538582 1.54939 -0.662115 -11.9777 -1.39596 0.0186766 6.82958 26
 389.000000 -0.601538 1.43379 -0.561429 -11.1105 -1.39596 0.0186766 6.82958 26
 389.500000 -0.520166 1.5096 -0.629933 -11.4588 -1.39596 0.0186766 6.82958 26
 390.000000 -0.610355 1.30783 -0.457584 -11.8067 -1.40274 0.0186766 6.82959 26
 390.500000 -0.406701 1.51316 -0.635001 -11.5493 -1.40274 0.0186766 6.82959 26
 391.000000 -0.531938 1.53879 -0.653665 -11.8631 -1.40274 0.0186766 6.82959 26
 391.500000 -0.657587 1.37511 -0.506623 -11.5645 -1.40274 0.0186766 6.82959 26
 392.000000 -0.488514 1.62367 -0.726831 -13.2752 -1.40274 0.0186766 6.82959 26
 392.500000 -0.516122 1.55901 -0.671387 -12.0921 -1.40947 0.0186766 6.82959 26
 393.000000 -0.602869 1.42007 -0.549996 -11.2154 -1.40947 0.0186766 6.82959 26
 393.500000 -0.754856 1.20026 -0.343116 -13.5847 -1.40947 0.0186766 6.82959 26
 394.000000 -0.82077 1.05464 -0.197264 -15.4225 -1.40947 0.0186766 6.82959 26
 394.500000 -0.903286 1.02992 -0.12176 -15.9833 -1.40947 0.0186766 6.82959 26
 395.000000 -0.650738 1.31678 -0.459962 -11.5906 -1.41616 0.0186766 6.82959 26
 395.500000 -0.719905 1.25406 -0.396363 -12.6257 -1.41616 0.0186766 6.82959 26
 396.000000 -0.631041 1.52516 -0.633851 -11.4843 -1.41616 0.0186766 6.82959 26
 396.500000 -0.291394 1.70888 -0.800286 -15.1339 -1.41616 0.0186766 6.82959 26
 397.000000 -0.500725 1.57848 -0.688404 -12.1397 -1.41616 0.0186766 6.82959 26
 397.500000 -0.343457 1.67222 -0.769834 -14.4036 -1.42281 0.0179848 6.82959 27
 398.000000 -0.413937 1.68298 -0.778979 -14.3674 -1.42281 0.0179848 6.82959 27
 398.500000 -0.435513 1.50042 -0.624334 -11.306 -1.42281 0.0179848 6.82959 27
 399.000000 -0.752566 1.21763 -0.357998 -13.2536 -1.42281 0.0179848 6.82959 27
 399.500000 -0.7037 1.1701 -0.332792 -13.7846 -1.42281 0.0179848 6.82959 27
 400.000000 -0.628698 1.34872 -0.488786 -11.3955 -1.42941 0.0179848 6.8296 27
 400.500000 -0.639606 1.33174 -0.473617 -11.1849 -1.42941 0.0179848 6.8296 27
 401.000000 -0.538099 1.43765 -0.569252 -11.0216 -1.42941 0.0179848 6.8296 27
 401.500000 -0.451337 1.68491 -0.779745 -14.3851 -1.42941 0.0179848 6.8296 27
 402.000000 -0.355091 1.68673 -0.782388 -14.4464 -1.42941 0.0179848 6.8296 27
 402.500000 -0.566982 1.41171 -0.546081 -11.2 -1.43597 0.0179848 6.8296 27
 403.000000 -0.494306 1.5425 -0.658506 -11.7525 -1.43597 0.0179848 6.8296 27
 403.500000 -0.490935 1.51776 -0.637914 -11.5079 -1.43597 0.0179848 6.8296 27
 404.000000 -0.85383 1.25066 -0.346261 -13.488 -1.43597 0.0179848 6.8296 27
 404.500000 -0.634393 1.3383 -0.479614 -11.1726 -1.43597 0.0179848 6.8296 27
 405.000000 -0.509919 1.46824 -0.595908 -10.9793 -1.44248 0.0179848 6.82961 27
 405.500000 -0.609448 1.38728 -0.522408 -11.1819 -1.44248 0.0179848 6.82961 27
 406.000000 -0.756446 1.07939 -0.246118 -14.9232 -1.44248 0.0179848 6.82961 27
 406.500000 -0.71652 1.29758 -0.432664 -11.6889 -1.44248 0.0179848 6.82961 27
 407.000000 -0.727816 1.19616 -0.347554 -13.4607 -1.44248 0.0179848 6.82961 27
 407.500000 -0.689375 1.1847 -0.347465 -13.4625 -1.44895 0.0179848 6.82961 27
 408.000000 -0.509621 1.51622 -0.635922 -11.358 -1.44895 0.0179848 6.82961 27
 408.500000 -0.469265 1.63454 -0.736705 -13.4108 -1.44895 0.0179848 6.82961 27
 409.000000 -0.446092 1.56019 -0.674609 -11.9015 -1.44895 0.0179848 6.82961 27
 409.500000 -0.348458 1.67569 -0.772871 -14.2289 -1.44895 0.0179848 6.82961 27
 410.000000 -0.656492 1.36025 -0.494603 -11.2029 -1.45538 0.0179848 6.82961 27
 410.500000 -0.893401 1.07816 -0.170296 -15.6441 -1.45538 0.0179848 6.82961 27
 411.000000 -0.612419 1.37374 -0.511019 -11.0648 -1.45538 0.0179848 6.82961 27
 411.500000 -0.569271 1.29973 -0.454529 -11.2308 -1.45538 0.0179848 6.82961 27
 412.000000 -0.578678 1.5117 -0.627905 -11.2046 -1.45538 0.0179848 6.82961 27
 412.500000 -0.74354 1.28431 -0.415306 -12.1115 -1.46177 0.0173425 6.82961 28
 413.000000 -0.448445 1.61379 -0.719793 -12.8847 -1.46177 0.0173425 6.82961 28
 413.500000 -0.408174 1.54706 -0.663716 -11.7458 -1.46177 0.0173425 6.82961 28
 414.000000 -0.761789 1.2304 -0.365667 -12.8606 -1.46177 0.0173425 6.82961 28
 414.500000 -0.716089 1.26138 -0.403199 -12.1523 -1.46177 0.0173425 6.82961 28
 415.000000 -0.535208 1.39762 -0.536342 -10.9747 -1.46812 0.0173425 6.82962 28
 415.500000 -0.412109 1.55707 -0.672208 -11.8397 -1.46812 0.0173425 6.82962 28
 416.000000 -0.50407 1.52388 -0.642552 -11.4471 -1.46812 0.0173425 6.82962 28
 416.500000 -0.577856 1.27545 -0.43439 -11.4919 -1.46812 0.0173425 6.82962 28
 417.000000 -0.689292 1.23454 -0.387169 -12.4792 -1.46812 0.0173425 6.82962 28
 417.500000 -0.672184 1.30444 -0.446689 -11.2773 -1.47443 0.0173425 6.82963 28
 418.000000 -0.51491 1.4017 -0.540549 -10.7695 -1.47443 0.0173425 6.82963 28
 418.500000 -0.385735 1.65086 -0.751889 -13.7444 -1.47443 0.0173425 6.82963 28
 419.000000 -0.580487 1.39144 -0.528408 -10.8309 -1.47443 0.0173425 6.82963 28
 419.500000 -0.850314 1.12216 -0.236431 -15.0223 -1.47443 0.0173425 6.82963 28
 420.000000 -0.883597 1.10114 -0.197168 -15.3906 -1.4807 0.0173425 6.82963 28
 420.500000 -0.656747 1.18918 -0.356993 -13.0053 -1.4807 0.0173425 6.82963 28
 421.000000 -0.754155 1.30262 -0.427654 -11.4132 -1.4807 0.0173425 6.82963 28
 421.500000 -0.812896 1.01224 -0.168273 -15.4661 -1.4807 0.0173425 6.82963 28
 422.000000 -0.589298 1.41678 -0.548519 -10.7338 -1.4807 0.0173425 6.82963 28
 422.500000 -0.438121 1.49596 -0.62057 -11.0373 -1.48693 0.0173425 6.82963 28
 423.000000 -0.634997 1.52733 -0.635179 -11.0812 -1.48693 0.0173425 6.82963 28
 423.500000 -0.452708 1.62699 -0.730833 -13.2144 -1.48693 0.0173425 6.82963 28
 424.000000 -0.784953 1.07243 -0.229103 -15.0141 -1.48693 0.0173425 6.82963 28
 424.500000 -0.854207 1.14554 -0.254228 -14.7913 -1.48693 0.0173425 6.82963 28
 425.000000 -0.70334 1.24184 -0.390162 -12.3346 -1.49312 0.0173425 6.82963 28
 425.500000 -0.860437 1.1682 -0.270317 -14.6483 -1.49312 0.0173425 6.82963 28
 426.000000 -0.835903 1.19716 -0.308479 -14.0401 -1.49312 0.0173425 6.82963 28
 426.500000 -0.89182 1.17171 -0.254064 -14.7928 -1.49312 0.0173425 6.82963 28
 427.000000 -0.849028 1.11943 -0.234855 -14.9703 -1.49312 0.0173425 6.82963 28
 427.500000 -0.793219 1.20135 -0.330674 -13.4585 -1.49928 0.0173425 6.82963 28
 428.000000 -0.470998 1.5321 -0.650492 -11.3795 -1.49928 0.0173425 6.82963 28
 428.500000 -0.458894 1.62066 -0.725328 -13.051 -1.49928 0.0173425 6.82963 28
 429.000000 -0.605812 1.3302 -0.476173 -10.8815 -1.49928 0.0173425 6.82963 28
 429.500000 -0.75537 1.12468 -0.282072 -14.3599 -1.49928 0.0173425 6.82963 28
 430.000000 -0.879605 1.15022 -0.242848 -14.8871 -1.50539 0.0173425 6.82963 28
 430.500000 -0.824086 1.14903 -0.273281 -14.3949 -1.50539 0.0173425 6.82963 28
 431.000000 -0.681816 1.29744 -0.439369 -11.1822 -1.50539 0.0173425 6.82963 28
 431.500000 -0.828675 1.20788 -0.321131 -13.4425 -1.50539 0.0173425 6.82963 28
 432.000000 -0.463835 1.55791 -0.672351 -11.7497 -1.50539 0.0173425 6.82963 28
 432.500000 -0.34911 1.72081 -0.811496 -15.0775 -1.51147 0.0173425 6.82963 28
 433.000000 -0.359801 1.79545 -0.875236 -15.8127 -1.51147 0.0173425 6.82963 28
 433.500000 -0.324072 1.65014 -0.750515 -13.7078 -1.51147 0.0173425 6.82963 28
 434.000000 -0.472149 1.35935 -0.506529 -10.8934 -1.51147 0.0173425 6.82963 28
 434.500000 -0.595521 1.50891 -0.624118 -10.8868 -1.51147 0.0173425 6.82963 28
 435.000000 -0.755666 1.10185 -0.263934 -14.4732 -1.51751 0.0173425 6.82963 28
 435.500000 -0.440044 1.64857 -0.749352 -13.6824 -1.51751 0.0173425 6.82963 28
 436.000000 -0.362525 1.65575 -0.755959 -13.8226 -1.51751 0.0173425 6.82963 28
 436.500000 -0.44071 1.6056 -0.713028 -12.6726 -1.51751 0.0173425 6.82963 28
 437.000000 -0.53875 1.45427 -0.582983 -10.6236 -1.51751 0.0173425 6.82963 28
 437.500000 -0.753879 1.29253 -0.419354 -11.5415 -1.52352 0.0173425 6.82964 28
 438.000000 -0.561839 1.39248 -0.530605 -10.8192 -1.52352 0.0173425 6.82964 28
 438.500000 -0.78019 1.19123 -0.32717 -13.2942 -1.52352 0.0173425 6.82964 28
 439.000000 -0.681957 1.30435 -0.444964 -11.0214 -1.52352 0.0173425 6.82964 28
 439.500000 -0.838276 1.16639 -0.280856 -14.1438 -1.52352 0.0173425 6.82964 28
 440.000000 -0.841706 1.08856 -0.213135 -14.8285 -1.52949 0.0173425 6.82964 28
 440.500000 -0.898868 1.1166 -0.199929 -14.7293 -1.52949 0.0173425 6.82964 28
 441.000000 -0.724691 1.33593 -0.462416 -10.9024 -1.52949 0.0173425 6.82964 28
 441.500000 -0.44766 1.43988 -0.573496 -10.6402 -1.52949 0.0173425 6.82964 28
 442.000000 -0.571967 1.49977 -0.618535 -10.8064 -1.52949 0.0173425 6.82964 28
 442.500000 -0.795758 1.15795 -0.293602 -13.9902 -1.53542 0.0173425 6.82964 28
 443.000000 -0.85753 1.15183 -0.257748 -14.1097 -1.53542 0.0173425 6.82964 28
 443.500000 -0.576471 1.4565 -0.582339 -10.6243 -1.53542 0.0173425 6.82964 28
 444.000000 -0.522616 1.41951 -0.554972 -10.7 -1.53542 0.0173425 6.82964 28
 444.500000 -0.646255 1.41257 -0.538945 -10.7752 -1.53542 0.0173425 6.82964 28
 445.000000 -0.564065 1.43666 -0.566854 -10.6583 -1.54132 0.0173425 6.82965 28
 445.500000 -0.48173 1.50592 -0.628273 -10.9301 -1.54132 0.0173425 6.82965 28
 446.000000 -0.391103 1.67994 -0.776633 -14.232 -1.54132 0.0173425 6.82965 28
 446.500000 -0.44224 1.63435 -0.737291 -13.3923 -1.54132 0.0173425 6.82965 28
 447.000000 -0.363787 1.67543 -0.772781 -14.1571 -1.54132 0.0173425 6.82965 28
 447.500000 -0.436966 1.57137 -0.684169 -11.9514 -1.54719 0.0173425 6.82965 28
 448.000000 -0.325893 1.62254 -0.726837 -12.8759 -1.54719 0.0173425 6.82965 28
 448.500000 -0.498137 1.553 -0.667161 -11.5328 -1.54719 0.0173425 6.82965 28
 449.000000 -0.358371 1.65841 -0.758193 -13.8042 -1.54719 0.0173425 6.82965 28
 449.500000 -0.415515 1.63319 -0.736727 -13.2028 -1.54719 0.0173425 6.82965 28
 450.000000 -0.420037 1.59711 -0.706107 -12.2195 -1.55302 0.0173425 6.82965 28
 450.500000 -0.395872 1.70934 -0.801591 -14.6914 -1.55302 0.0173425 6.82965 28
 451.000000 -0.397271 1.53711 -0.655209 -11.3618 -1.55302 0.0173425 6.82965 28
 451.500000 -0.280959 1.6547 -0.753106 -13.3678 -1.55302 0.0173425 6.82965 28
 452.000000 -0.431018 1.62054 -0.725819 -12.5028 -1.55302 0.0173425 6.82965 28
 452.500000 -0.405246 1.65954 -0.759187 -13.5699 -1.55882 0.0173425 6.82965 28
 453.000000 -0.529055 1.46905 -0.595745 -10.5254 -1.55882 0.0173425 6.82965 28
 453.500000 -0.623163 1.41951 -0.547438 -10.5786 -1.55882 0.0173425 6.82965 28
 454.000000 -0.382031 1.63619 -0.739378 -12.828 -1.55882 0.0173425 6.82965 28
 454.500000 -0.418552 1.688 -0.783156 -13.988 -1.55882 0.0173425 6.82965 28
 455.000000 -0.366782 1.67921 -0.776029 -13.7995 -1.56458 0.0173425 6.82965 28
 455.500000 -0.431807 1.53972 -0.657485 -11.3894 -1.56458 0.0173425 6.82965 28
 456.000000 -0.629784 1.32699 -0.470971 -10.8745 -1.56458 0.0173425 6.82965 28
 456.500000 -0.402298 1.58119 -0.69265 -11.7566 -1.56458 0.0173425 6.82965 28
 457.000000 -0.493494 1.50671 -0.628582 -10.9225 -1.56458 0.0173425 6.82965 28
 457.500000 -0.445861 1.53201 -0.650857 -11.303 -1.57031 0.0173425 6.82966 28
 458.000000 -0.569499 1.42198 -0.554362 -10.5321 -1.57031 0.0173425 6.82966 28
 458.500000 -0.613917 1.39892 -0.531508 -10.7144 -1.57031 0.0173425 6.82966 28
 459.000000 -0.622765 1.38722 -0.520956 -10.8007 -1.57031 0.0173425 6.82966 28
 459.500000 -0.489378 1.50826 -0.63001 -10.8348 -1.57031 0.0173425 6.82966 28
 460.000000 -0.46983 1.6452 -0.745661 -12.9268 -1.57601 0.0173424 6.82966 28
 460.500000 -0.64037 1.3659 -0.501395 -10.8741 -1.57601 0.0173424 6.82966 28
 461.000000 -0.561405 1.38027 -0.520611 -10.8031 -1.57601 0.0173424 6.82966 28
 461.500000 -0.552475 1.40619 -0.542472 -10.6178 -1.57601 0.0173424 6.82966 28
 462.000000 -0.870105 1.08848 -0.195399 -14.7894 -1.57601 0.0173424 6.82966 28
 462.500000 -0.745414 1.26887 -0.402089 -11.6734 -1.58167 0.0179848 6.82966 27
 463.000000 -0.831093 1.12577 -0.250146 -14.2114 -1.58167 0.0179848 6.82966 27
 463.500000 -0.783385 1.14376 -0.287004 -13.8763 -1.58167 0.0179848 6.82966 27
 464.000000 -0.602257 1.41872 -0.548944 -10.6014 -1.58167 0.0179848 6.82966 27
 464.500000 -0.6352 1.31797 -0.462983 -10.9183 -1.58167 0.0179848 6.82966 27
 465.000000 -0.431449 1.6511 -0.75167 -12.8422 -1.58731 0.0179848 6.82966 27
 465.500000 -0.564717 1.38741 -0.526252 -10.7938 -1.58731 0.0179848 6.82966 27
 466.000000 -0.803901 1.28651 -0.398491 -11.5044 -1.58731 0.0179848 6.82966 27
 466.500000 -0.37124 1.57721 -0.688997 -11.5669 -1.58731 0.0179848 6.82966 27
 467.000000 -0.446566 1.53753 -0.6555 -11.1718 -1.58731 0.0179848 6.82966 27
 467.500000 -0.518158 1.63336 -0.733494 -12.3883 -1.59291 0.0179848 6.82966 27
 468.000000 -0.364829 1.59443 -0.703592 -11.7565 -1.59291 0.0179848 6.82966 27
 468.500000 -0.659078 1.33573 -0.474191 -10.8956 -1.59291 0.0179848 6.82966 27
 469.000000 -0.565855 1.41249 -0.546794 -10.6172 -1.59291 0.0179848 6.82966 27
 469.500000 -0.624824 1.36358 -0.501368 -10.9071 -1.59291 0.0179848 6.82966 27
 470.000000 -0.691521 1.31534 -0.45221 -10.965 -1.59848 0.0179847 6.82967 27
 470.500000 -0.725477 1.2783 -0.41484 -11.1709 -1.59848 0.0179847 6.82967 27
 471.000000 -0.383319 1.67093 -0.768988 -12.774 -1.59848 0.0179847 6.82967 27
 471.500000 -0.531222 1.50504 -0.625572 -10.8128 -1.59848 0.0179847 6.82967 27
 472.000000 -0.544508 1.38282 -0.523695 -10.8072 -1.59848 0.0179847 6.82967 27
 472.500000 -0.455007 1.64288 -0.744176 -12.3262 -1.60402 0.0186765 6.82967 26
 473.000000 -0.576938 1.4482 -0.575446 -10.5352 -1.60402 0.0186765 6.82967 26
 473.500000 -0.58981 1.42062 -0.551636 -10.618 -1.60402 0.0186765 6.82967 26
 474.000000 -0.75588 1.41048 -0.517189 -10.8813 -1.60402 0.0186765 6.82967 26
 474.500000 -0.896072 1.22017 -0.295239 -13.8112 -1.60402 0.0186765 6.82967 26
 475.000000 -0.750766 1.17966 -0.327656 -13.2454 -1.60953 0.0186765 6.82967 26
 475.500000 -0.761229 1.18786 -0.330969 -12.9818 -1.60953 0.0186765 6.82967 26
 476.000000 -0.763939 1.14832 -0.29799 -13.5681 -1.60953 0.0186765 6.82967 26
 476.500000 -0.906986 1.14573 -0.22014 -14.553 -1.60953 0.0186765 6.82967 26
 477.000000 -0.588886 1.36678 -0.507523 -10.9069 -1.60953 0.0186765 6.82967 26
 477.500000 -0.673174 1.40544 -0.529244 -10.7995 -1.61501 0.0186765 6.82968 26
 478.000000 -0.454104 1.65677 -0.755917 -12.2471 -1.61501 0.0186765 6.82968 26
 478.500000 -0.531798 1.49204 -0.614722 -10.7214 -1.61501 0.0186765 6.82968 26
 479.000000 -0.311028 1.76045 -0.845125 -15.2442 -1.61501 0.0186765 6.82968 26
 479.500000 -0.496301 1.47859 -0.605008 -10.6317 -1.61501 0.0186765 6.82968 26
 480.000000 -0.668879 1.24094 -0.39601 -11.5308 -1.62046 0.0186765 6.82968 26
 480.500000 -0.871858 1.07691 -0.184399 -15.0146 -1.62046 0.0186765 6.82968 26
 481.000000 -0.774104 1.18411 -0.323501 -13.0662 -1.62046 0.0186765 6.82968 26
 481.500000 -0.657135 1.43847 -0.558827 -10.4946 -1.62046 0.0186765 6.82968 26
 482.000000 -0.710332 1.37194 -0.495138 -10.7905 -1.62046 0.0186765 6.82968 26
 482.500000 -0.717236 1.20081 -0.353982 -12.3422 -1.62588 0.0186765 6.82968 26
 483.000000 -0.860287 1.0925 -0.205171 -14.7143 -1.62588 0.0186765 6.82968 26
 483.500000 -0.784426 1.14128 -0.28457 -13.742 -1.62588 0.0186765 6.82968 26
 484.000000 -0.897454 1.09975 -0.186105 -14.9848 -1.62588 0.0186765 6.82968 26
 484.500000 -0.317027 1.64903 -0.749383 -12.1473 -1.62588 0.0186765 6.82968 26
 485.000000 -0.401904 1.55347 -0.669123 -11.3349 -1.63127 0.0186764 6.82969 26
 485.500000 -0.378358 1.58783 -0.69814 -11.5052 -1.63127 0.0186764 6.82969 26
 486.000000 -0.472995 1.61024 -0.716126 -11.7591 -1.63127 0.0186764 6.82969 26
 486.500000 -0.638238 1.3908 -0.522068 -10.6786 -1.63127 0.0186764 6.82969 26
 487.000000 -0.322737 1.7225 -0.81268 -14.0806 -1.63127 0.0186764 6.82969 26
 487.500000 -0.559267 1.52205 -0.637984 -10.9353 -1.63663 0.0186764 6.82969 26
 488.000000 -0.456311 1.54299 -0.659951 -10.8866 -1.63663 0.0186764 6.82969 26
 488.500000 -0.360962 1.5678 -0.680775 -11.1378 -1.63663 0.0186764 6.82969 26
 489.000000 -0.474042 1.59677 -0.704761 -11.5481 -1.63663 0.0186764 6.82969 26
 489.500000 -0.435835 1.48341 -0.610014 -10.5697 -1.63663 0.0186764 6.82969 26
 490.000000 -0.346955 1.65631 -0.756257 -12.2418 -1.64196 0.0186764 6.8297 26
 490.500000 -0.589019 1.51495 -0.629716 -10.6736 -1.64196 0.0186764 6.8297 26
 491.000000 -0.327315 1.72919 -0.818488 -14.0962 -1.64196 0.0186764 6.8297 26
 491.500000 -0.533083 1.39683 -0.535794 -10.5847 -1.64196 0.0186764 6.8297 26
 492.000000 -0.517684 1.41411 -0.550707 -10.5117 -1.64196 0.0186764 6.8297 26
 492.500000 -0.531773 1.35884 -0.504644 -10.7726 -1.64727 0.0186764 6.8297 26
 493.000000 -0.605003 1.30573 -0.456427 -10.7415 -1.64727 0.0186764 6.8297 26
 493.500000 -0.588902 1.37493 -0.514188 -10.5637 -1.64727 0.0186764 6.8297 26
 494.000000 -0.476316 1.60493 -0.711549 -11.6148 -1.64727 0.0186764 6.8297 26
 494.500000 -0.424144 1.73638 -0.824013 -14.3385 -1.64727 0.0186764 6.8297 26
 495.000000 -0.32101 1.65646 -0.75588 -12.04 -1.65254 0.0186764 6.82971 26
 495.500000 -0.545203 1.43571 -0.56726 -10.4705 -1.65254 0.0186764 6.82971 26
 496.000000 -0.332855 1.75435 -0.840116 -14.8743 -1.65254 0.0186764 6.82971 26
 496.500000 -0.649649 1.43102 -0.5537 -10.4703 -1.65254 0.0186764 6.82971 26
 497.000000 -0.569992 1.48194 -0.603899 -10.545 -1.65254 0.0186764 6.82971 26
 497.500000 -0.492511 1.47298 -0.600445 -10.533 -1.65779 0.0186764 6.82972 26
 498.000000 -0.56501 1.5144 -0.631211 -10.5694 -1.65779 0.0186764 6.82972 26
 498.500000 -0.530708 1.45733 -0.585935 -10.3553 -1.65779 0.0186764 6.82972 26
 499.000000 -0.559188 1.48184 -0.604593 -10.3819 -1.65779 0.0186764 6.82972 26
 499.500000 -0.562904 1.24904 -0.414323 -11.0944 -1.65779 0.0186764 6.82972 26
 500.000000 -0.536925 1.48531 -0.608848 -10.4007 -1.66301 0.0186764 6.82973 26
