#! FIELDS time cv.node-0 sigma_cv.node-0 height logweight
#! SET action OPES_METAD_kernels
#! SET biasfactor                      16
#! SET epsilon   3.872940653519386e-08
#! SET kernel_cutoff       5.842373946721771
#! SET compression_threshold                       1
                     25      0.497497022151947    0.03349653168234763  1.062430625987056e-07                    -16
                   27.5     0.6913338899612427    0.03282498532717525  1.467990055704612e-07     -15.69691709878365
                     30     0.5881276726722717      0.031218512587593    0.03769276092857261     -3.291181526896387
                   32.5      0.425542414188385    0.03101380667744577  9.999656566755782e-06     -11.53243290399699
                     35     0.4556215703487396    0.02999447737780082   0.001829661341828922     -6.356516688193661
                   37.5     0.4965037405490875    0.02770801730198099     0.1569382329372423     -1.984086744364688
                     40     0.3114424645900726    0.02763640845934907  1.005336921173531e-06     -13.94495935433438
                   42.5     0.5347588658332825    0.02466701467531429      1.735180980148657      0.302673055040098
                     45     0.4141424894332886     0.0243586254103998    0.01023674335577888     -4.842791305649502
                   47.5     0.3880283534526825    0.02377519336418133    0.02615177756846436     -3.929100950583761
                     50     0.4866675734519958    0.02163182411303876      1.679466265511751     0.1387360356575517
                   52.5     0.5247828364372253    0.02111218665895881      4.587342446608128      1.119245732118344
                     55     0.4854406714439392    0.01972224669387122       3.32160933505416     0.7282911002100276
                   57.5     0.5354536771774292    0.01877223486891309      5.081373328996454      1.104054897785462
                     60     0.4406552612781525    0.01840851808363309     0.3533841000800257      -1.58129179171257
                   62.5     0.4343808889389038    0.01804903076232941     0.4469612363588602     -1.366096998863562
                     65     0.5710583925247192    0.01747886937624716      1.303874346161537    -0.3275727914400779
                   67.5     0.4878711402416229    0.01673674064820296      3.672735607699139     0.6646375461459563
                     70     0.3840371668338776    0.01647312522012592    0.02755961615791585     -4.243579059105751
                   72.5     0.6826456189155579    0.01731987283681514  3.857136760267251e-07     -15.37022153069871
                     75     0.6666479110717773    0.01801593354855401  2.402659196476207e-06     -13.50158344911261
                   77.5     0.7268320322036743    0.01852717633281892  2.620231662052819e-07     -15.68949984846638
                     80     0.6878697872161865     0.0188179961058444  2.632866029992084e-06     -13.36652948536382
                   82.5     0.6628871560096741    0.01936749458300509   9.88859403077833e-06     -12.01443803643519
                     85     0.6859467625617981    0.01936207151798408  1.210406401286124e-05     -11.81255879403993
                   87.5     0.6592466235160828    0.01939774945668556  3.341181625472936e-05     -10.79534946565153
                     90     0.4932081997394562    0.01913351035030345      4.934798761489307      1.093847583474149
                   92.5     0.4718275964260101    0.01868222044974468      3.770948032407858     0.8009931536865226
                     95     0.6780634522438049    0.01860440044727525    4.0472758453197e-05     -10.64538888216878
                   97.5     0.5617640614509583    0.01828530694322417      1.944372117687325     0.1171313672184652
                    100     0.4519983232021332    0.01802703088846214      1.817071292215268    0.03519279520140394
                  102.5     0.4983245730400085     0.0175923816871545      5.376898836840908      1.095672156108842
                    105     0.5712279677391052     0.0172766954950704      1.466099994491409    -0.2219412547696063
                  107.5     0.4329724013805389    0.01704610085042164     0.7810296563505802    -0.8651262462709328
                    110     0.2802767157554626    0.01769706070129099   6.35146921008153e-07     -14.84991650657241
                  112.5     0.4883037209510803    0.01787650283259652      6.821568545117332      1.349671019822048
                    115     0.2768705785274506       0.01812465693886  9.388658756922979e-07     -14.43522550941711
                  117.5     0.4316159784793854    0.01810445883776799     0.9113347959114638    -0.6505922700671782
                    120     0.6470964550971985    0.01808131313886529   0.000253646123871864     -8.838597070922493
                  122.5     0.6402063965797424    0.01827952335239234   0.001165883838410962     -7.302399906288106
                    125      0.424973338842392    0.01841924125410009     0.9740992749105262    -0.5667517941510626
                  127.5     0.6399136781692505    0.01838381364889418   0.001709251103079212     -6.914134948487633
                    130      0.554681658744812     0.0180225789911179      2.799609113140244      0.467199588050926
                  132.5     0.4195716977119446    0.01780702518271213      1.007314512677227    -0.5670246331524662
                    135     0.4451000094413757    0.01747277615784447      2.272668208618356     0.2276930079148094
                  137.5     0.5116379261016846    0.01713897306684956      5.628328033354615      1.115261843324966
                    140     0.3332122266292572    0.01709021443986232  0.0007610262913804798     -7.796242184645539
                  142.5      0.662045955657959    0.01708527736150631  0.0006641711006584942     -7.932659217459099
                    145     0.5401386618614197    0.01680866456116597       4.05142439343767     0.7670574453759035
                  147.5     0.5336030721664429    0.01651064311024352       5.27089664848423      1.012300122913403
                    150     0.5084308385848999    0.01625742158579374       6.80213134361344      1.251879936303834
                  152.5     0.4755742251873016    0.01597673638876358      5.118367546834847     0.9500636610531429
                    155     0.5453103184700012    0.01585431086422281      4.645615269369011     0.8454596869360068
                  157.5     0.7499252557754517    0.01600006826761866   2.79370493314003e-07     -15.77203959120515
                    160      0.512525200843811    0.01593346711151722      7.424305035615451      1.319275252186904
                  162.5     0.4894512295722961    0.01574119747943145      7.334038516134719      1.294902063058802
                    165     0.6143032312393188    0.01571598911824993    0.03744171420875431     -3.984196810772908
                  167.5     0.6203088760375977    0.01564208217234693    0.02507315152617444     -4.389898385309609
                    170     0.4839763641357422    0.01549431983233701      8.088851980211846      1.377054732162903
                  172.5      0.243236780166626    0.01558362263729215  3.345979291468892e-07     -15.61802128273841
                    175     0.4165215194225311    0.01546508564735152     0.9756734030717316     -0.739948009445778
                  177.5     0.5345901846885681    0.01527109583656516       7.46748584212096      1.282614678708943
                    180     0.5099028944969177    0.01514624303204293      9.979996946109495      1.564429723701956
                  182.5     0.3581247925758362    0.01507257883413417   0.006844227289642929     -5.725378168886767
                    185     0.4515122473239899    0.01497698417294915      2.796099667120655     0.2808345271736434
                  187.5     0.4488468766212463    0.01481547494726902      3.002529277792201     0.3412216879753946
                    190     0.4729511737823486     0.0148028212236009      7.372670129890524      1.238692146404516
                  192.5      0.531116783618927    0.01472498732820284      9.149268718948028      1.449314246502128
                    195     0.5483721494674683    0.01454286842003727      6.296606945126844      1.063206061539151
                  197.5     0.3786246776580811     0.0146587958217481    0.03383001086728565     -4.155271999410513
                    200     0.4965366423130035    0.01454630821124545      10.35898748611607       1.56128615215242
                  202.5     0.6280727982521057    0.01450904062369188    0.01147737688454791     -5.246511039289985
                    205     0.4755404591560364    0.01446708792601835      7.883632051695871      1.282759412130184
                  207.5      0.577082633972168    0.01439400093495345      1.366487259906124    -0.4748506559131321
                    210     0.5082865953445435    0.01429674964027033      10.50852577195171      1.558313542376381
                  212.5     0.2485394328832626    0.01427023843968038  4.880186598613622e-07      -15.3286416310354
                    215     0.4834833443164825     0.0142228880819068      10.24653566922331       1.52788659157247
                  217.5    0.02670142985880375    0.01426786922387406  2.494257591324412e-07                    -16
                    220    -0.1546232253313065    0.01738777112573622  2.046710924955599e-07                    -16
                  222.5    -0.2881503701210022    0.01964871249469039  1.811199646454626e-07                    -16
                    225    -0.2952327728271484    0.02122866114443657  2.118189297092416e-07      -15.7660874001097
                  227.5   -0.07654818892478943    0.02200741737126943  1.617101061986609e-07     -15.99998659999819
                    230     -0.218547910451889    0.02267369842846486  1.572204702598939e-07     -15.99831673144599
                  232.5    -0.3416865766048431    0.02326353294366201  1.590035134358393e-07     -15.96135809023442
                    235    -0.2168176621198654    0.02389021677518188   1.91487544038921e-07     -15.74887961657868
                  237.5    -0.3103406429290771    0.02427197251001921  2.336342360050295e-07     -15.53409232560344
                    240    -0.1318512856960297    0.02460175149539231  1.693828612963394e-07      -15.8421921705671
                  242.5    -0.1128272041678429    0.02477372026577847   1.92228928133375e-07     -15.70870099367035
                    245    -0.2429506331682205    0.02496093070125585  2.056320844203557e-07      -15.6337710095343
                  247.5    -0.3904009461402893    0.02513859524722307  1.467000579830325e-07     -15.96437700928515
                    250    -0.2374677509069443    0.02514621050365192  2.760205828859108e-07     -15.33198876608119
                  252.5    -0.3069937825202942    0.02516248811261998   3.21820798632068e-07     -15.17782223090486
                    255     -0.211427703499794    0.02515025987408866  3.193790492438098e-07     -15.18592454509958
                  257.5    -0.2172874510288239    0.02519420839753643  4.403263748003586e-07     -14.86304105862277
                    260    -0.2922967672348022    0.02524820927999548  4.014627379271443e-07     -14.95330145855821
                  262.5    -0.2689714431762695    0.02519253783093817  4.260656658432073e-07     -14.89603010167719
                    265    -0.3834914267063141     0.0251506784347214  1.933869346854889e-07     -15.68759351754828
                  267.5    -0.3385747969150543    0.02511806833257877  3.173989031436123e-07     -15.19342462069826
                    270    -0.2604396939277649    0.02510522567056359   5.46680186283172e-07     -14.65023143272033
                  272.5    -0.3573413491249084    0.02506250823521974  3.243667658361045e-07     -15.17392351153883
                    275    -0.1443327069282532      0.024995055434966   2.72639370943198e-07     -15.35034345502155
                  277.5    -0.3330818116664886    0.02493657653414885  5.095166226957797e-07     -14.72737327369535
                    280    -0.0361042283475399     0.0248652783316155  1.526052590278408e-07     -15.93584444718406
                  282.5   -0.05510791018605232    0.02480219199665946  2.141625151531148e-07     -15.59950423444376
                    285    -0.3730982840061188    0.02471470926547919  4.316133953765574e-07       -14.902242561424
                  287.5    -0.4069026112556458    0.02466786790042515  2.954154348674481e-07     -15.28328729260061
                    290    -0.4033700823783875    0.02459570746741494  4.192472402984945e-07     -14.93613866135772
                  292.5    -0.1801539808511734    0.02452659684321106  3.525633665948764e-07     -15.11218293043254
                    295    -0.2483732402324677    0.02446467212010344  7.662416505916109e-07     -14.33844370069615
                  297.5    -0.2880040407180786    0.02439199828139654  8.707997472492389e-07     -14.21350423574777
                    300    -0.2879765331745148    0.02434942882703924  1.138889561945933e-06     -13.94685402341973
                  302.5    -0.2479445487260818    0.02427119398847798    1.1763930563078e-06     -13.91767289532267
                    305     -0.196465939283371    0.02418718518633097  6.448856180104949e-07     -14.52227549428012
                  307.5     -0.313274472951889    0.02413141438165103  1.173176123829053e-06     -13.92618693552132
                    310    -0.2179348468780518    0.02407780757746109  1.159685092188026e-06     -13.93997707024382
                  312.5    -0.1953270584344864    0.02400667581400375  1.065684456246048e-06     -14.02746690986632
                    315    -0.2315597087144852    0.02394939125123813  1.764996867796606e-06     -13.52532431328979
                  317.5    -0.2325048595666885    0.02388015467848426  2.293160168735905e-06     -13.26643751666853
                    320    -0.2748091220855713    0.02380789824749584  2.083685710753284e-06     -13.36526044840118
                  322.5    -0.3247022032737732    0.02373238590541419  1.449028711778806e-06      -13.7316820478313
                    325    -0.2434965521097183    0.02368105983279382  3.185612258745909e-06     -12.94609606714107
                  327.5    -0.1001146510243416    0.02361570150371653  3.000437391160744e-07     -15.31133134424298
                    330    -0.1984383016824722    0.02355002175286825   2.13576925076262e-06     -13.35146250435913
                  332.5     -0.382639080286026    0.02349861860355198  7.626120122438431e-07      -14.3834803784944
                    335   -0.04837260022759438    0.02347665058992277  3.125953322623004e-07     -15.27625559289942
                  337.5    -0.1397287547588348    0.02342502383096877  5.285100746038174e-07     -14.75330470086473
                    340    -0.2960571944713593    0.02335680869358448  2.679961516592116e-06     -13.13272516568097
                  342.5   -0.08319130539894104    0.02330370406136834  4.259929198351389e-07     -14.97413636753147
                    345    -0.4463538825511932    0.02326733316882336  2.320319499311215e-07     -15.58324596976597
                  347.5    -0.1001881211996078    0.02322284396834732  5.898032475303939e-07     -14.65224596353711
                    350    -0.2218683212995529     0.0231723042542329  4.218212302265127e-06      -12.6870469384636
                  352.5    -0.2091271579265594    0.02311642814013028    4.6599613482726e-06     -12.58986544170187
                    355    -0.1616318076848984    0.02304917630976607  1.313755144017966e-06     -13.85889654250905
                  357.5    -0.4211042821407318    0.02301288250014851  5.782328472358182e-07     -14.68114060881715
                    360   -0.01609690301120281    0.02296498625913477  2.752507520288954e-07     -15.42551818688125
                  362.5    -0.2085837721824646    0.02292024092091348  6.550564432932311e-06     -12.25784451302685
                    365    -0.1623247116804123    0.02286577656750303   2.33853782660346e-06     -13.29024894177924
                  367.5    -0.2132610827684402    0.02282203572254676  9.575994564503351e-06     -11.88243018618486
                    370    -0.1224900558590889    0.02279138798935234  1.138636929781695e-06     -14.01320151887608
                  372.5     -0.357902854681015    0.02276135177595864  1.328982641848238e-06     -13.85993841640824
                    375    -0.2940301895141602    0.02276043888155292  3.811866774725332e-06     -12.80627320674663
                  377.5     -0.184293732047081    0.02275372293837345  7.053593401219663e-06     -12.19115016818104
                    380     -0.161835715174675    0.02271715778971072  4.913996389128133e-06     -12.55420810707372
                  382.5    -0.2813170850276947    0.02269173882008051  5.285345717011309e-06     -12.48247717354096
                    385    -0.2184854447841644    0.02268598335532345  1.369083837705616e-05     -11.53094199713301
                  387.5     -0.277563750743866      0.022629463033704  7.254000087002756e-06     -12.16861035095782
                    390    -0.1654883921146393    0.02259120547652969  7.079421868282082e-06     -12.19466319541617
                  392.5    -0.2571098506450653     0.0225332487867536  1.018960878061849e-05     -11.83305573877982
                    395    -0.4760981202125549    0.02249619802642294  2.126486704168829e-07     -15.70418372652453
                  397.5    -0.3669637143611908    0.02246280073590491  1.732144081514133e-06     -13.60819550010735
                    400    -0.3959265649318695    0.02242291188583165  1.628692374884664e-06     -13.67155537808505
                  402.5    -0.3280576467514038    0.02238698352182067   3.97025363835371e-06     -12.78210645650538
                    405    -0.4634808301925659    0.02239302916813309  3.620686508503412e-07     -15.17658786442874
                  407.5    -0.4897705614566803    0.02235535055722432  3.223069759833953e-07     -15.29460129017705
                    410    -0.2109728157520294    0.02230672352419388  1.832660803847652e-05     -11.25617400375359
                  412.5    -0.2878020405769348    0.02231401985657985  1.198662856012376e-05     -11.68040921920882
                    415    -0.1368380635976791    0.02229224894619597  4.365341166949767e-06     -12.69148075204027
                  417.5    -0.1512841284275055    0.02228654310721074  8.377854869937862e-06     -12.03984118727488
                    420    -0.3065868020057678    0.02222390117018724  1.114653892078753e-05     -11.75711875705971
                  422.5    -0.2928121089935303    0.02219628398241643  1.793871308073885e-05     -11.28253012898756
                    425   -0.07639438658952713    0.02219131199945053  8.826247137322931e-07     -14.29457045568126
                  427.5    -0.1479448676109314    0.02224659201424738  1.091851336167954e-05     -11.77676748411253
                    430   -0.05137212947010994      0.022254110130731  7.528819411218372e-07     -14.45073626674669
                  432.5    -0.2512891292572021    0.02223529288829501  1.914655539870854e-05     -11.21561251412181
                    435    -0.2700334191322327    0.02220543372647045  2.698770204815581e-05     -10.87369783117662
                  437.5   -0.06790526956319809    0.02221306370159535  1.273808721812954e-06     -13.92672415825615
                    440    0.01057561952620745    0.02221084743061181  2.963581301064264e-07     -15.38502199954948
                  442.5    -0.3682639896869659     0.0221993466201946  3.449943294821204e-06     -12.93099548355621
                    445    -0.3930612802505493    0.02222145617859602  3.390935290382369e-06     -12.94725203824081
                  447.5    -0.2405105531215668    0.02218232254077074  3.033232003938501e-05     -10.75790663337718
                    450    -0.3888911604881287    0.02215361818886084  4.988369792862745e-06     -12.56430614099776
                  452.5    -0.1831443160772324    0.02217207799145939  2.092412841093466e-05     -11.12967942348021
                    455    -0.3348918557167053    0.02215340701896792  9.166103692318714e-06     -11.95591253595057
                  457.5    -0.3354795873165131    0.02213357507132705  1.201030132323961e-05     -11.68655572031178
                    460   -0.05887414515018463     0.0221054371938915  1.653658991522408e-06     -13.67060212661465
                  462.5    -0.2803657054901123    0.02207641319823591  3.750792979350385e-05     -10.55035400084025
                    465    -0.4482297897338867    0.02205806398261218  8.479043545606878e-07     -14.34072532555452
                  467.5    -0.2511089444160461    0.02204078279753986  4.485288005978816e-05     -10.37313383249632
                    470   -0.01149331871420145    0.02202068877798377  6.149936211543354e-07     -14.66357710797977
                  472.5    -0.3292190432548523    0.02201223552157596  1.834770592634195e-05     -11.26831312722561
                    475    -0.1539151519536972    0.02200052219209226  2.091371379056093e-05     -11.13794484000398
                  477.5     0.0682218000292778     0.0219748275813006  1.683213180530916e-07     -15.96139905651709
                    480    -0.3217973411083221    0.02197955640629741  2.809362203718062e-05      -10.8437607912169
                  482.5   -0.01685138419270515    0.02194993202384526  9.651780169988019e-07     -14.21609481353263
                    485    -0.4350941181182861    0.02194873443754676   1.68059804482992e-06     -13.66155694471279
                  487.5   -0.05437326058745384     0.0219291782163284  2.320897243372195e-06      -13.3396441926657
                    490    -0.3810571730136871    0.02189794249091155  8.263761592739454e-06     -12.07114357037374
                  492.5    -0.3487377166748047    0.02189196257879061  2.164294637583139e-05     -11.10861697231696
                    495    -0.1222947463393211    0.02188116558118253  1.045094525132842e-05     -11.83709745844068
                  497.5     -0.208265483379364    0.02185437823751326  3.478792329148251e-05     -10.63574456193436
                    500    -0.3536944389343262    0.02180495356782198  2.688595957682655e-05     -10.89567476171037
