#! FIELDS time p.x p.y cv.node-0 opes.bias opes.rct opes.zed opes.neff opes.nker
 0.000000 0.29939 0.532049 -0.431638 -16 -16 1 1 0
 0.500000 -0.0950935 0.460992 -0.292775 -16 -16 1 1 0
 1.000000 0.0470158 0.549254 -0.308964 -16 -16 1 1 0
 1.500000 0.241594 0.512036 -0.415877 -16 -16 1 1 0
 2.000000 0.111128 0.502919 -0.362029 -16 -16 1 1 0
 2.500000 0.152605 0.563018 -0.348407 -16 -16 1 1 0
 3.000000 0.160186 0.486879 -0.392051 -16 -16 1 1 0
 3.500000 -0.0558233 0.509376 -0.285338 -16 -16 1 1 0
 4.000000 0.0269884 0.478924 -0.336945 -16 -16 1 1 0
 4.500000 0.170082 0.5552 -0.360611 -16 -16 1 1 0
 5.000000 0.235945 0.488347 -0.425324 -16 -16 1 1 0
 5.500000 0.207939 0.45879 -0.427187 -16 -16 1 1 0
 6.000000 0.10155 0.484022 -0.367341 -16 -16 1 1 0
 6.500000 0.0858893 0.496382 -0.354154 -16 -16 1 1 0
 7.000000 -0.289057 0.510984 -0.187093 -16 -16 1 1 0
 7.500000 -0.0233527 0.490716 -0.309003 -16 -16 1 1 0
 8.000000 0.0993763 0.517349 -0.349315 -16 -16 1 1 0
 8.500000 0.295029 0.431871 -0.478907 -16 -16 1 1 0
 9.000000 0.243117 0.586361 -0.376125 -16 -16 1 1 0
 9.500000 0.183077 0.520287 -0.385222 -16 -16 1 1 0
 10.000000 0.154876 0.564945 -0.34835 -16 -16 1 1 0
 10.500000 -0.0424319 0.413226 -0.338037 -16 -16 1 1 0
 11.000000 0.0337409 0.448898 -0.354569 -16 -16 1 1 0
 11.500000 -0.0708782 0.578598 -0.241066 -16 -16 1 1 0
 12.000000 0.173508 0.390444 -0.443243 -16 -16 1 1 0
 12.500000 0.179042 0.48634 -0.400761 -16 -16 1 1 0
 13.000000 0.338565 0.528585 -0.451275 -16 -16 1 1 0
 13.500000 0.0854496 0.616544 -0.287125 -16 -16 1 1 0
 14.000000 0.263747 0.541264 -0.410552 -16 -16 1 1 0
 14.500000 -0.019477 0.481321 -0.315421 -16 -16 1 1 0
 15.000000 0.216138 0.460131 -0.430219 -16 -16 1 1 0
 15.500000 0.0520063 0.458469 -0.357997 -16 -16 1 1 0
 16.000000 0.0722355 0.48442 -0.354147 -16 -16 1 1 0
 16.500000 -0.000764456 0.412679 -0.356406 -16 -16 1 1 0
 17.000000 0.0893687 0.538874 -0.333402 -16 -16 1 1 0
 17.500000 0.159773 0.556244 -0.355396 -16 -16 1 1 0
 18.000000 0.205683 0.516299 -0.397475 -16 -16 1 1 0
 18.500000 -0.00443902 0.524759 -0.299591 -16 -16 1 1 0
 19.000000 -0.140814 0.561874 -0.22078 -16 -16 1 1 0
 19.500000 0.258202 0.485614 -0.436709 -16 -16 1 1 0
 20.000000 -0.00196316 0.398801 -0.362177 -16 -16 1 1 0
 20.500000 -0.0703276 0.418156 -0.323715 -16 -16 1 1 0
 21.000000 0.169712 0.48598 -0.396762 -16 -16 1 1 0
 21.500000 0.0662023 0.458907 -0.364046 -16 -16 1 1 0
 22.000000 -0.0885535 0.47437 -0.289009 -16 -16 1 1 0
 22.500000 0.00842701 0.486588 -0.324966 -16 -16 1 1 0
 23.000000 0.0729745 0.462532 -0.365278 -16 -16 1 1 0
 23.500000 -0.10125 0.457969 -0.291607 -16 -16 1 1 0
 24.000000 0.268071 0.506769 -0.430541 -16 -16 1 1 0
 24.500000 -0.109654 0.456241 -0.28885 -16 -16 1 1 0
 25.000000 0.358898 0.54193 -0.453518 -16 -16 0.472044 1 1
 25.500000 -0.470242 0.50599 -0.120304 -12.7408 -16 0.472044 1 1
 26.000000 -0.181157 0.547325 -0.211922 -6.69775 -16 0.472044 1 1
 26.500000 -0.548627 0.614333 -0.037314 -16 -16 0.472044 1 1
 27.000000 -0.560191 0.559949 -0.0620358 -16 -16 0.472044 1 1
 27.500000 -0.414599 0.603888 -0.0891571 -15.234 -15.6752 0.358489 1 2
 28.000000 0.0501558 0.498817 -0.337102 -1.97615 -15.6752 0.358489 1 2
 28.500000 -0.0429011 0.503525 -0.293962 -3.1134 -15.6752 0.358489 1 2
 29.000000 -0.116877 0.430063 -0.298219 -3.02759 -15.6752 0.358489 1 2
 29.500000 0.0406578 0.551173 -0.3051 -2.86055 -15.6752 0.358489 1 2
 30.000000 -0.118714 0.490956 -0.267808 -3.10003 -4.48632 0.340345 1.08991 3
 30.500000 0.620883 0.404139 -0.637931 -14.7521 -4.48632 0.340345 1.08991 3
 31.000000 0.414917 0.281288 -0.595778 -12.4853 -4.48632 0.340345 1.08991 3
 31.500000 0.539207 0.405169 -0.600733 -12.8296 -4.48632 0.340345 1.08991 3
 32.000000 0.555715 0.375317 -0.62087 -14.202 -4.48632 0.340345 1.08991 3
 32.500000 0.0432049 0.481117 -0.342984 0.282979 -1.29308 0.418664 2.03643 4
 33.000000 -0.430021 0.637129 -0.0647088 -7.68125 -1.29308 0.418664 2.03643 4
 33.500000 -0.612687 1.39781 0.503659 -16 -1.29308 0.418664 2.03643 4
 34.000000 -0.579124 1.30451 0.436831 -16 -1.29308 0.418664 2.03643 4
 34.500000 -0.500441 1.5039 0.583277 -16 -1.29308 0.418664 2.03643 4
 35.000000 -0.473344 1.44526 0.539963 -16 -1.4754 0.334931 2.03643 5
 35.500000 -0.583339 1.4118 0.514169 -14.2868 -1.4754 0.334931 2.03643 5
 36.000000 -0.437718 1.64287 0.688971 -15.6136 -1.4754 0.334931 2.03643 5
 36.500000 -0.70286 1.27133 0.416206 -15.3166 -1.4754 0.334931 2.03643 5
 37.000000 -0.642546 1.42084 0.518713 -14.2686 -1.4754 0.334931 2.03643 5
 37.500000 -0.768305 1.28023 0.421974 -15.2409 -1.62955 0.279109 2.03643 6
 38.000000 -0.556009 1.55724 0.618545 -14.4871 -1.62955 0.279109 2.03643 6
 38.500000 -0.353767 1.7914 0.805397 -15.9968 -1.62955 0.279109 2.03643 6
 39.000000 -0.637591 1.38395 0.493441 -13.4902 -1.62955 0.279109 2.03643 6
 39.500000 -0.514048 1.4826 0.567171 -13.8882 -1.62955 0.279109 2.03643 6
 40.000000 -0.406841 1.57248 0.638107 -14.7794 -1.76308 0.239236 2.03643 7
 40.500000 -0.632961 1.32568 0.452914 -13.1878 -1.76308 0.239236 2.03643 7
 41.000000 -0.449457 1.53556 0.608626 -12.9452 -1.76308 0.239236 2.03643 7
 41.500000 -0.675786 1.28235 0.423351 -13.2762 -1.76308 0.239236 2.03643 7
 42.000000 -0.678326 1.30743 0.440451 -13.2209 -1.76308 0.239236 2.03643 7
 42.500000 -0.69107 1.31632 0.446427 -13.2044 -1.88086 0.239236 2.03643 7
 43.000000 -0.455629 1.53368 0.606997 -12.3935 -1.88086 0.239236 2.03643 7
 43.500000 -0.345446 1.63987 0.692401 -13.1357 -1.88086 0.239236 2.03643 7
 44.000000 -0.521084 1.36854 0.482572 -11.5926 -1.88086 0.239236 2.03643 7
 44.500000 -0.756017 1.35094 0.467696 -11.5622 -1.88086 0.239236 2.03643 7
 45.000000 -0.521599 1.4017 0.507302 -11.6833 -1.98622 0.279108 2.03645 6
 45.500000 -0.544996 1.47856 0.563163 -10.4492 -1.98622 0.279108 2.03645 6
 46.000000 -0.635512 1.32466 0.45221 -10.3365 -1.98622 0.279108 2.03645 6
 46.500000 -0.58379 1.39163 0.49974 -10.2436 -1.98622 0.279108 2.03645 6
 47.000000 -0.648429 1.37711 0.488473 -10.2463 -1.98622 0.279108 2.03645 6
 47.500000 -0.367482 1.57154 0.638593 -11.1583 -2.08152 0.279107 2.03647 6
 48.000000 -0.637599 1.35852 0.475798 -10.0019 -2.08152 0.279107 2.03647 6
 48.500000 -0.799354 1.20035 0.371396 -10.9326 -2.08152 0.279107 2.03647 6
 49.000000 -0.809228 1.25872 0.407889 -10.5169 -2.08152 0.279107 2.03647 6
 49.500000 -0.583808 1.39709 0.503651 -9.87119 -2.08152 0.279107 2.03647 6
 50.000000 -0.694097 1.27475 0.418409 -10.4164 -2.16851 0.279103 2.03652 6
 50.500000 -0.646894 1.30007 0.435179 -8.98254 -2.16851 0.279103 2.03652 6
 51.000000 -0.488752 1.59308 0.648972 -9.70248 -2.16851 0.279103 2.03652 6
 51.500000 -0.543735 1.55918 0.620806 -9.5565 -2.16851 0.279103 2.03652 6
 52.000000 -0.754755 1.30926 0.440873 -8.97755 -2.16851 0.279103 2.03652 6
 52.500000 -0.632125 1.41848 0.517484 -9.10542 -2.24847 0.279093 2.03671 6
 53.000000 -0.501492 1.44643 0.540676 -7.81496 -2.24847 0.279093 2.03671 6
 53.500000 -0.638979 1.4582 0.544465 -7.82681 -2.24847 0.279093 2.03671 6
 54.000000 -0.570485 1.31964 0.447591 -7.87559 -2.24847 0.279093 2.03671 6
 54.500000 -0.431194 1.59887 0.656871 -8.63903 -2.24847 0.279093 2.03671 6
 55.000000 -0.797772 1.13999 0.333572 -8.91833 -2.32248 0.239213 2.03694 7
 55.500000 -0.348701 1.62815 0.6832 -8.79935 -2.32248 0.239213 2.03694 7
 56.000000 -0.646621 1.43051 0.525158 -7.52465 -2.32248 0.239213 2.03694 7
 56.500000 -0.60455 1.33907 0.462183 -7.37521 -2.32248 0.239213 2.03694 7
 57.000000 -0.435145 1.43127 0.528878 -7.53878 -2.32248 0.239213 2.03694 7
 57.500000 -0.637487 1.5019 0.574311 -7.76899 -2.39116 0.279023 2.03767 6
 58.000000 -0.621544 1.37829 0.489807 -6.62969 -2.39116 0.279023 2.03767 6
 58.500000 -0.61532 1.37 0.484065 -6.65441 -2.39116 0.279023 2.03767 6
 59.000000 -0.545336 1.42958 0.527668 -6.5162 -2.39116 0.279023 2.03767 6
 59.500000 -0.548808 1.52434 0.595766 -6.57292 -2.39116 0.279023 2.03767 6
 60.000000 -0.552177 1.47969 0.563694 -6.50119 -2.45461 0.278839 2.04025 6
 60.500000 -0.614671 1.39856 0.50414 -5.46208 -2.45461 0.278839 2.04025 6
 61.000000 -0.776211 1.26111 0.409687 -6.30503 -2.45461 0.278839 2.04025 6
 61.500000 -1.00519 0.964034 0.24437 -8.18788 -2.45461 0.278839 2.04025 6
 62.000000 -0.727513 1.23597 0.393046 -6.5055 -2.45461 0.278839 2.04025 6
 62.500000 -0.554717 1.43239 0.529534 -5.35831 -2.51181 0.278296 2.04833 6
 63.000000 -0.622226 1.28676 0.425361 -4.83341 -2.51181 0.278296 2.04833 6
 63.500000 -0.470967 1.53944 0.610694 -4.45783 -2.51181 0.278296 2.04833 6
 64.000000 -0.393928 1.61004 0.667238 -5.02896 -2.51181 0.278296 2.04833 6
 64.500000 -0.383545 1.66633 0.7103 -5.68087 -2.51181 0.278296 2.04833 6
 65.000000 -0.431605 1.45371 0.546293 -4.20071 -2.55816 0.276551 2.07405 6
 65.500000 -0.434193 1.63279 0.681826 -4.10774 -2.55816 0.276551 2.07405 6
 66.000000 -0.406791 1.69048 0.726401 -4.86291 -2.55816 0.276551 2.07405 6
 66.500000 -0.671921 1.38468 0.492993 -3.24042 -2.55816 0.276551 2.07405 6
 67.000000 -0.606194 1.36197 0.478452 -3.32967 -2.55816 0.276551 2.07405 6
 67.500000 -0.468244 1.58264 0.642706 -3.6183 -2.59317 0.236157 2.12024 7
 68.000000 -0.55834 1.4579 0.547827 -2.45723 -2.59317 0.236157 2.12024 7
 68.500000 -0.457561 1.55525 0.623033 -2.35902 -2.59317 0.236157 2.12024 7
 69.000000 -0.399617 1.53231 0.607432 -2.34282 -2.59317 0.236157 2.12024 7
 69.500000 -0.701496 1.33879 0.461356 -3.11399 -2.59317 0.236157 2.12024 7
 70.000000 -0.507323 1.39605 0.502975 -2.72419 -2.59933 0.231697 2.23323 7
 70.500000 -0.775284 1.21661 0.38131 -2.59773 -2.59933 0.231697 2.23323 7
 71.000000 -0.622179 1.46361 0.549091 -1.57336 -2.59933 0.231697 2.23323 7
 71.500000 -0.611726 1.3996 0.504933 -1.58371 -2.59933 0.231697 2.23323 7
 72.000000 -0.725402 1.1986 0.368319 -2.79506 -2.59933 0.231697 2.23323 7
 72.500000 -0.707713 1.26609 0.412744 -2.19309 -2.57574 0.228364 2.42722 7
 73.000000 -0.415989 1.53358 0.608085 -1.74158 -2.57574 0.228364 2.42722 7
 73.500000 -0.548277 1.45324 0.544776 -1.32028 -2.57574 0.228364 2.42722 7
 74.000000 -0.353862 1.73374 0.762946 -3.46685 -2.57574 0.228364 2.42722 7
 74.500000 -0.67257 1.29812 0.434086 -1.06775 -2.57574 0.228364 2.42722 7
 75.000000 -0.601198 1.37703 0.489167 -1.09754 -2.43262 0.239158 2.97177 6
 75.500000 -0.411443 1.54708 0.618551 -1.17178 -2.43262 0.239158 2.97177 6
 76.000000 -0.4966 1.52259 0.597163 -0.902337 -2.43262 0.239158 2.97177 6
 76.500000 -0.565126 1.34263 0.464246 -0.188843 -2.43262 0.239158 2.97177 6
 77.000000 -0.478598 1.46817 0.557234 -0.503008 -2.43262 0.239158 2.97177 6
 77.500000 -0.467073 1.69202 0.721803 -2.8151 -2.44654 0.231138 3.09061 6
 78.000000 -0.592699 1.39397 0.501301 -0.199988 -2.44654 0.231138 3.09061 6
 78.500000 -0.576672 1.39333 0.501034 -0.199381 -2.44654 0.231138 3.09061 6
 79.000000 -0.527471 1.50646 0.584044 -0.691485 -2.44654 0.231138 3.09061 6
 79.500000 -0.558072 1.39206 0.50023 -0.197594 -2.44654 0.231138 3.09061 6
 80.000000 -0.539549 1.49862 0.577838 -0.637964 -2.2538 0.210037 3.9025 7
 80.500000 -0.605124 1.36912 0.483525 0.0806713 -2.2538 0.210037 3.9025 7
 81.000000 -0.852936 1.16412 0.350043 -1.1829 -2.2538 0.210037 3.9025 7
 81.500000 -0.889882 0.788991 0.140624 -6.63045 -2.2538 0.210037 3.9025 7
 82.000000 -0.998422 0.939324 0.231212 -3.68631 -2.2538 0.210037 3.9025 7
 82.500000 -0.7427 1.26753 0.413908 -0.411556 -2.06117 0.18873 4.84063 7
 83.000000 -0.348514 1.69084 0.731182 -1.52661 -2.06117 0.18873 4.84063 7
 83.500000 -0.466837 1.54392 0.614199 -0.110027 -2.06117 0.18873 4.84063 7
 84.000000 -0.521004 1.41574 0.517725 0.414349 -2.06117 0.18873 4.84063 7
 84.500000 -0.501148 1.45001 0.543351 0.319955 -2.06117 0.18873 4.84063 7
 85.000000 -0.569263 1.50835 0.583243 0.113871 -1.79873 0.183228 5.77521 7
 85.500000 -0.443092 1.51238 0.591289 0.670657 -1.79873 0.183228 5.77521 7
 86.000000 -0.302812 1.74095 0.772511 -2.0839 -1.79873 0.183228 5.77521 7
 86.500000 -0.61662 1.42732 0.524186 0.661829 -1.79873 0.183228 5.77521 7
 87.000000 -0.760428 1.3102 0.441352 0.341884 -1.79873 0.183228 5.77521 7
 87.500000 -0.515007 1.52811 0.600326 0.632116 -1.47374 0.181087 6.13798 7
 88.000000 -0.547759 1.46334 0.552086 0.933923 -1.47374 0.181087 6.13798 7
 88.500000 -0.609746 1.4291 0.525671 0.769474 -1.47374 0.181087 6.13798 7
 89.000000 -0.597245 1.46963 0.554545 0.945317 -1.47374 0.181087 6.13798 7
 89.500000 -0.566674 1.45869 0.548105 0.913906 -1.47374 0.181087 6.13798 7
 90.000000 -0.48952 1.50125 0.581683 1.01584 -1.14094 0.178042 6.16899 7
 90.500000 -0.380878 1.6583 0.70445 -0.137778 -1.14094 0.178042 6.16899 7
 91.000000 -0.340134 1.6992 0.738091 -0.976536 -1.14094 0.178042 6.16899 7
 91.500000 -0.47463 1.49732 0.579185 1.21345 -1.14094 0.178042 6.16899 7
 92.000000 -0.769982 1.13146 0.326824 -1.28955 -1.14094 0.178042 6.16899 7
 92.500000 -0.539446 1.50651 0.583522 1.21536 -0.856234 0.176201 6.47235 7
 93.000000 -0.528192 1.40421 0.509179 0.825891 -0.856234 0.176201 6.47235 7
 93.500000 -0.787458 1.17207 0.353326 -1.22172 -0.856234 0.176201 6.47235 7
 94.000000 -0.572626 1.39574 0.502808 0.743216 -0.856234 0.176201 6.47235 7
 94.500000 -0.862047 1.08911 0.30557 -1.91226 -0.856234 0.176201 6.47235 7
 95.000000 -0.614539 1.37392 0.486832 0.517975 -0.762381 0.189034 7.44158 7
 95.500000 -0.550316 1.40274 0.508041 0.872698 -0.762381 0.189034 7.44158 7
 96.000000 -0.401584 1.50856 0.58895 1.19218 -0.762381 0.189034 7.44158 7
 96.500000 -0.207831 1.89061 0.894359 -5.60092 -0.762381 0.189034 7.44158 7
 97.000000 -0.387787 1.54959 0.621059 1.03414 -0.762381 0.189034 7.44158 7
 97.500000 -0.453085 1.51704 0.594567 1.17793 -0.586506 0.189227 8.16435 7
 98.000000 -0.395986 1.62903 0.681486 0.301814 -0.586506 0.189227 8.16435 7
 98.500000 -0.656487 1.29618 0.432604 -0.0792582 -0.586506 0.189227 8.16435 7
 99.000000 -0.853415 1.16246 0.349054 -1.39261 -0.586506 0.189227 8.16435 7
 99.500000 -0.474168 1.57207 0.634605 1.00943 -0.586506 0.189227 8.16435 7
 100.000000 -0.660163 1.31816 0.447776 0.112354 -0.555388 0.183736 8.92249 7
 100.500000 -0.627712 1.3651 0.480495 0.644809 -0.555388 0.183736 8.92249 7
 101.000000 -0.554994 1.45822 0.548168 1.16721 -0.555388 0.183736 8.92249 7
 101.500000 -0.730299 1.34794 0.466661 0.517192 -0.555388 0.183736 8.92249 7
 102.000000 -0.316138 1.6425 0.695692 -0.0355839 -0.555388 0.183736 8.92249 7
 102.500000 -0.617266 1.32839 0.454713 0.404699 -0.507697 0.18084 9.83166 7
 103.000000 -0.625086 1.36332 0.479276 0.762192 -0.507697 0.18084 9.83166 7
 103.500000 -0.637034 1.33843 0.46182 0.645377 -0.507697 0.18084 9.83166 7
 104.000000 -0.603204 1.37724 0.489298 0.825811 -0.507697 0.18084 9.83166 7
 104.500000 -0.606732 1.44739 0.538566 1.10555 -0.507697 0.18084 9.83166 7
 105.000000 -0.778987 1.31333 0.442872 0.501273 -0.457709 0.177416 10.7852 7
 105.500000 -0.521554 1.47361 0.560359 1.13969 -0.457709 0.177416 10.7852 7
 106.000000 -0.663733 1.26128 0.408668 0.378979 -0.457709 0.177416 10.7852 7
 106.500000 -0.623519 1.41918 0.518273 1.0148 -0.457709 0.177416 10.7852 7
 107.000000 -0.784795 1.29161 0.428954 0.582875 -0.457709 0.177416 10.7852 7
 107.500000 -0.5872 1.39388 0.501311 0.952171 -0.372962 0.185831 11.7342 7
 108.000000 -0.603337 1.28831 0.425908 0.607982 -0.372962 0.185831 11.7342 7
 108.500000 -0.591916 1.33745 0.460905 0.898611 -0.372962 0.185831 11.7342 7
 109.000000 -0.476323 1.55525 0.622126 0.853305 -0.372962 0.185831 11.7342 7
 109.500000 -0.699289 1.31103 0.442813 0.771314 -0.372962 0.185831 11.7342 7
 110.000000 -0.572744 1.3549 0.473284 0.962047 -0.29806 0.185522 12.69 7
 110.500000 -0.634905 1.30088 0.43557 0.822592 -0.29806 0.185522 12.69 7
 111.000000 -0.528777 1.37256 0.485708 1.10214 -0.29806 0.185522 12.69 7
 111.500000 -0.606085 1.4224 0.521092 1.12135 -0.29806 0.185522 12.69 7
 112.000000 -0.581328 1.49482 0.573038 1.0384 -0.29806 0.185522 12.69 7
 112.500000 -0.518926 1.56346 0.625576 0.729693 -0.250692 0.187229 13.6876 7
 113.000000 -0.778688 1.12996 0.326347 -1.60779 -0.250692 0.187229 13.6876 7
 113.500000 -0.432791 1.63512 0.683643 0.0616912 -0.250692 0.187229 13.6876 7
 114.000000 -0.41328 1.53478 0.609068 0.968136 -0.250692 0.187229 13.6876 7
 114.500000 -0.508214 1.41733 0.518922 1.07028 -0.250692 0.187229 13.6876 7
 115.000000 -0.356258 1.5999 0.661 0.451626 -0.224244 0.211526 14.613 7
 115.500000 -0.15161 1.9962 0.979567 -16 -0.224244 0.211526 14.613 7
 116.000000 -0.352579 1.66205 0.709043 -0.353416 -0.224244 0.211526 14.613 7
 116.500000 -0.414114 1.49086 0.575116 0.935002 -0.224244 0.211526 14.613 7
 117.000000 -0.695067 1.37907 0.48843 0.866541 -0.224244 0.211526 14.613 7
 117.500000 -0.469927 1.53628 0.60839 0.873867 -0.174271 0.215768 15.6005 7
 118.000000 -0.199053 1.79198 0.81913 -4.49308 -0.174271 0.215768 15.6005 7
 118.500000 -0.0946536 1.93746 0.940788 -12.8894 -0.174271 0.215768 15.6005 7
 119.000000 -0.23866 1.88905 0.889915 -8.88712 -0.174271 0.215768 15.6005 7
 119.500000 -0.232153 1.96521 0.946561 -13.4158 -0.174271 0.215768 15.6005 7
 120.000000 -0.131487 1.87478 0.888834 -8.81003 -0.199584 0.188799 15.6007 8
 120.500000 -0.557885 1.4193 0.519999 0.984949 -0.199584 0.188799 15.6007 8
 121.000000 -0.670027 1.36907 0.482461 0.889943 -0.199584 0.188799 15.6007 8
 121.500000 -0.485991 1.50998 0.588272 1.10143 -0.199584 0.188799 15.6007 8
 122.000000 -0.541264 1.42876 0.527131 1.00132 -0.199584 0.188799 15.6007 8
 122.500000 -0.522 1.43334 0.530741 1.00976 -0.143819 0.197206 16.5354 8
 123.000000 -0.611825 1.4339 0.528946 1.09074 -0.143819 0.197206 16.5354 8
 123.500000 -0.298919 1.69626 0.738421 -1.13237 -0.143819 0.197206 16.5354 8
 124.000000 -0.193204 1.84279 0.859192 -6.77778 -0.143819 0.197206 16.5354 8
 124.500000 -0.304357 1.73606 0.768667 -2.18373 -0.143819 0.197206 16.5354 8
 125.000000 -0.507533 1.4437 0.538581 1.10126 -0.0866023 0.206654 17.4173 8
 125.500000 -0.505326 1.50064 0.5807 1.09611 -0.0866023 0.206654 17.4173 8
 126.000000 -0.55407 1.4057 0.510172 1.1162 -0.0866023 0.206654 17.4173 8
 126.500000 -0.67539 1.34961 0.469132 0.910052 -0.0866023 0.206654 17.4173 8
 127.000000 -0.568476 1.41761 0.518608 1.13462 -0.0866023 0.206654 17.4173 8
 127.500000 -0.470369 1.55322 0.620921 0.889746 -0.0488418 0.209402 18.4123 8
 128.000000 -0.481933 1.56178 0.62662 0.916308 -0.0488418 0.209402 18.4123 8
 128.500000 -0.345402 1.70775 0.744175 -1.39482 -0.0488418 0.209402 18.4123 8
 129.000000 -0.594096 1.29792 0.432526 0.435265 -0.0488418 0.209402 18.4123 8
 129.500000 -0.489918 1.59844 0.65276 0.653796 -0.0488418 0.209402 18.4123 8
 130.000000 -0.536247 1.56482 0.625345 0.926033 -0.0120095 0.212687 19.4014 8
 130.500000 -0.596654 1.41934 0.519207 1.01909 -0.0120095 0.212687 19.4014 8
 131.000000 -0.584664 1.41825 0.518733 1.0175 -0.0120095 0.212687 19.4014 8
 131.500000 -0.751637 1.31718 0.446056 0.532016 -0.0120095 0.212687 19.4014 8
 132.000000 -0.76867 1.32658 0.451625 0.593863 -0.0120095 0.212687 19.4014 8
 132.500000 -0.509663 1.49583 0.577019 1.13185 0.0344254 0.216644 20.2876 8
 133.000000 -0.536615 1.5235 0.595854 1.15647 0.0344254 0.216644 20.2876 8
 133.500000 -0.518637 1.52828 0.600257 1.1445 0.0344254 0.216644 20.2876 8
 134.000000 -0.610996 1.43164 0.527399 1.04303 0.0344254 0.216644 20.2876 8
 134.500000 -0.684599 1.34375 0.465004 0.657924 0.0344254 0.216644 20.2876 8
 135.000000 -0.453585 1.59733 0.654408 0.693808 0.0545178 0.190501 21.2668 7
 135.500000 -0.521716 1.54172 0.609787 1.29199 0.0545178 0.190501 21.2668 7
 136.000000 -0.562619 1.52251 0.593629 1.32158 0.0545178 0.190501 21.2668 7
 136.500000 -0.478047 1.46539 0.555145 1.25199 0.0545178 0.190501 21.2668 7
 137.000000 -0.648212 1.28702 0.426132 0.270776 0.0545178 0.190501 21.2668 7
 137.500000 -0.666742 1.29626 0.432766 0.368866 0.0623459 0.187914 22.1252 7
 138.000000 -0.807932 1.29401 0.429903 0.474447 0.0623459 0.187914 22.1252 7
 138.500000 -0.94248 1.04663 0.285036 -3.5382 0.0623459 0.187914 22.1252 7
 139.000000 -1.0964 0.616526 0.0950869 -15.9909 0.0623459 0.187914 22.1252 7
 139.500000 -0.848467 0.648735 0.0624663 -15.9351 0.0623459 0.187914 22.1252 7
 140.000000 -0.929483 0.629155 0.0705301 -15.962 0.0412925 0.164425 22.1252 8
 140.500000 -1.22119 0.603668 0.107926 -14.5316 0.0412925 0.164425 22.1252 8
 141.000000 -1.07281 0.624311 0.0944733 -15.6535 0.0412925 0.164425 22.1252 8
 141.500000 -0.743431 0.583738 0.00518164 -14.2439 0.0412925 0.164425 22.1252 8
 142.000000 -0.863036 0.6765 0.0790444 -15.6057 0.0412925 0.164425 22.1252 8
 142.500000 -1.12433 0.575914 0.0836805 -15.6182 0.0206732 0.164425 22.1252 8
 143.000000 -0.829278 0.568764 0.0205636 -14.8968 0.0206732 0.164425 22.1252 8
 143.500000 -0.982123 0.633432 0.0826218 -15.2492 0.0206732 0.164425 22.1252 8
 144.000000 -0.629542 0.679369 0.023075 -14.9734 0.0206732 0.164425 22.1252 8
 144.500000 -0.738017 0.753906 0.0923419 -15.2755 0.0206732 0.164425 22.1252 8
 145.000000 -0.787784 0.626436 0.0374162 -15.2243 0.000470527 0.164425 22.1252 8
 145.500000 -1.10942 0.577392 0.0818291 -14.9544 0.000470527 0.164425 22.1252 8
 146.000000 -0.710725 0.632783 0.0206541 -14.6203 0.000470527 0.164425 22.1252 8
 146.500000 -0.33059 0.561203 -0.14425 -6.61727 0.000470527 0.164425 22.1252 8
 147.000000 -0.609211 0.746417 0.0561555 -14.8592 0.000470527 0.164425 22.1252 8
 147.500000 -0.868515 0.729121 0.10624 -14.4839 -0.0193321 0.164425 22.1252 8
 148.000000 -0.895336 0.704272 0.099024 -14.4253 -0.0193321 0.164425 22.1252 8
 148.500000 -0.871779 0.666694 0.0761267 -14.4143 -0.0193321 0.164425 22.1252 8
 149.000000 -0.679446 0.637421 0.0144681 -14.3821 -0.0193321 0.164425 22.1252 8
 149.500000 -0.768499 0.572775 0.00672833 -14.1316 -0.0193321 0.164425 22.1252 8
 150.000000 -0.517263 0.725422 0.0169148 -14.439 -0.0387502 0.146155 22.1252 9
 150.500000 -0.41002 0.598816 -0.0936546 -8.63489 -0.0387502 0.146155 22.1252 9
 151.000000 -0.573411 0.622708 -0.0248625 -12.2961 -0.0387502 0.146155 22.1252 9
 151.500000 -1.04673 0.669428 0.109221 -13.8098 -0.0387502 0.146155 22.1252 9
 152.000000 -0.924022 0.700299 0.102456 -14.1337 -0.0387502 0.146155 22.1252 9
 152.500000 -0.774234 0.822325 0.13848 -11.8314 -0.0577982 0.13154 22.1252 10
 153.000000 -1.02235 0.895926 0.211249 -6.93555 -0.0577982 0.13154 22.1252 10
 153.500000 -0.400655 0.543177 -0.127138 -7.08822 -0.0577982 0.13154 22.1252 10
 154.000000 -0.339134 0.66184 -0.0829138 -9.04507 -0.0577982 0.13154 22.1252 10
 154.500000 -0.183075 0.509866 -0.231 -3.24966 -0.0577982 0.13154 22.1252 10
 155.000000 -0.240879 0.598058 -0.159026 -5.8388 -0.0764321 0.119608 22.1278 11
 155.500000 -0.134146 0.53514 -0.238217 -2.93447 -0.0764321 0.119608 22.1278 11
 156.000000 0.0393948 0.590533 -0.282197 -1.85295 -0.0764321 0.119608 22.1278 11
 156.500000 -0.427646 0.518357 -0.129799 -6.32874 -0.0764321 0.119608 22.1278 11
 157.000000 -0.761216 0.734622 0.0869264 -12.8177 -0.0764321 0.119608 22.1278 11
 157.500000 -0.76144 1.31866 0.446768 1.0953 -0.0367293 0.117718 23.046 11
 158.000000 -0.709262 1.20167 0.369732 -0.021696 -0.0367293 0.117718 23.046 11
 158.500000 -0.758738 1.13828 0.330561 -1.14803 -0.0367293 0.117718 23.046 11
 159.000000 -0.549448 1.57407 0.63087 1.54053 -0.0367293 0.117718 23.046 11
 159.500000 -0.593963 1.45364 0.543478 1.62055 -0.0367293 0.117718 23.046 11
 160.000000 -0.547374 1.51041 0.585911 1.68588 0.0421993 0.120203 22.6664 11
 160.500000 -0.581273 1.39863 0.504785 1.48231 0.0421993 0.120203 22.6664 11
 161.000000 -0.54052 1.47598 0.561471 1.69794 0.0421993 0.120203 22.6664 11
 161.500000 -0.138365 1.87886 0.891527 -9.01049 0.0421993 0.120203 22.6664 11
 162.000000 -0.396589 1.75914 0.777353 -2.39936 0.0421993 0.120203 22.6664 11
 162.500000 -0.247351 1.75905 0.790301 -3.02435 0.0253312 0.110593 22.7031 12
 163.000000 -0.501735 1.56658 0.628941 1.67193 0.0253312 0.110593 22.7031 12
 163.500000 -0.538443 1.49302 0.573856 1.80765 0.0253312 0.110593 22.7031 12
 164.000000 -0.51871 1.496 0.576807 1.81306 0.0253312 0.110593 22.7031 12
 164.500000 -0.803467 1.15474 0.342997 -0.7876 0.0253312 0.110593 22.7031 12
 165.000000 -0.687853 1.1218 0.314756 -1.7301 0.010967 0.10343 22.8341 13
 165.500000 -0.656255 1.28491 0.42481 1.03764 0.010967 0.10343 22.8341 13
 166.000000 -0.566 1.45945 0.548678 1.79045 0.010967 0.10343 22.8341 13
 166.500000 -0.521757 1.46069 0.550883 1.7987 0.010967 0.10343 22.8341 13
 167.000000 -0.783232 1.28351 0.423855 1.02502 0.010967 0.10343 22.8341 13
 167.500000 -0.866802 1.08022 0.300564 -1.8979 -0.00357465 0.103127 22.9457 13
 168.000000 -0.676836 1.31566 0.446053 1.27584 -0.00357465 0.103127 22.9457 13
 168.500000 -0.471996 1.43495 0.532125 1.72603 -0.00357465 0.103127 22.9457 13
 169.000000 -0.57325 1.43017 0.527518 1.70786 -0.00357465 0.103127 22.9457 13
 169.500000 -0.575341 1.39142 0.499671 1.59982 -0.00357465 0.103127 22.9457 13
 170.000000 -0.508577 1.56258 0.625617 1.7576 0.073684 0.102354 22.7108 13
 170.500000 -0.394782 1.72442 0.752337 -1.0921 0.073684 0.102354 22.7108 13
 171.000000 -0.135614 1.80017 0.829033 -4.21387 0.073684 0.102354 22.7108 13
 171.500000 -0.295374 1.73986 0.772224 -1.9178 0.073684 0.102354 22.7108 13
 172.000000 -0.198083 2.00776 0.981987 -11.2789 0.073684 0.102354 22.7108 13
 172.500000 -0.287892 1.66873 0.717419 0.151263 0.0750056 0.104046 23.3567 14
 173.000000 -0.721833 1.31071 0.442374 1.1199 0.0750056 0.104046 23.3567 14
 173.500000 -0.829831 1.18245 0.360784 -0.29339 0.0750056 0.104046 23.3567 14
 174.000000 -0.503238 1.51917 0.594369 1.90621 0.0750056 0.104046 23.3567 14
 174.500000 -0.572215 1.49617 0.574484 1.86059 0.0750056 0.104046 23.3567 14
 175.000000 -0.302717 1.71287 0.751021 -0.664729 0.0665382 0.102061 23.6852 14
 175.500000 -0.428742 1.67747 0.714989 0.422289 0.0665382 0.102061 23.6852 14
 176.000000 -0.482323 1.55395 0.620859 1.86146 0.0665382 0.102061 23.6852 14
 176.500000 -0.608599 1.41137 0.513276 1.55486 0.0665382 0.102061 23.6852 14
 177.000000 -0.392715 1.61479 0.670899 1.31606 0.0665382 0.102061 23.6852 14
 177.500000 -0.452972 1.59864 0.655411 1.54696 0.119022 0.103713 24.3018 14
 178.000000 -0.811506 1.25954 0.40837 0.611696 0.119022 0.103713 24.3018 14
 178.500000 -0.821206 1.07552 0.295091 -1.99432 0.119022 0.103713 24.3018 14
 179.000000 -0.977556 0.570188 0.0547369 -13.5543 0.119022 0.103713 24.3018 14
 179.500000 -0.911609 0.635459 0.0697433 -13.2294 0.119022 0.103713 24.3018 14
 180.000000 -0.883706 0.627639 0.0602468 -13.4475 0.103274 0.103713 24.3018 14
 180.500000 -0.866687 0.698478 0.0905772 -12.3838 0.103274 0.103713 24.3018 14
 181.000000 -0.747392 0.571159 0.000256127 -12.4709 0.103274 0.103713 24.3018 14
 181.500000 -0.658238 0.564826 -0.0285006 -10.7436 0.103274 0.103713 24.3018 14
 182.000000 -0.671408 0.671824 0.0305583 -13.3507 0.103274 0.103713 24.3018 14
 182.500000 -0.299021 0.458016 -0.209321 -4.0612 0.0880124 0.103476 24.3134 14
 183.000000 0.137211 0.546457 -0.350643 -1.49122 0.0880124 0.103476 24.3134 14
 183.500000 0.49278 0.33366 -0.609812 -13.0882 0.0880124 0.103476 24.3134 14
 184.000000 0.679795 0.471438 -0.6346 -15.058 0.0880124 0.103476 24.3134 14
 184.500000 0.509626 0.48674 -0.550129 -8.50122 0.0880124 0.103476 24.3134 14
 185.000000 0.50291 0.28928 -0.631891 -14.8694 0.072745 0.096578 24.3134 15
 185.500000 0.65247 0.449787 -0.632104 -14.4577 0.072745 0.096578 24.3134 15
 186.000000 0.562897 0.364259 -0.628695 -14.2803 0.072745 0.096578 24.3134 15
 186.500000 0.394842 0.443233 -0.518632 -6.46708 0.072745 0.096578 24.3134 15
 187.000000 0.602186 0.445422 -0.61134 -13.0871 0.072745 0.096578 24.3134 15
 187.500000 0.536139 0.354328 -0.620798 -13.7865 0.0577071 0.096578 24.3134 15
 188.000000 -0.0314147 0.484233 -0.308767 -1.58713 0.0577071 0.096578 24.3134 15
 188.500000 -0.0919606 0.408628 -0.318777 -1.49917 0.0577071 0.096578 24.3134 15
 189.000000 0.352097 0.390147 -0.523156 -6.73005 0.0577071 0.096578 24.3134 15
 189.500000 0.500494 0.358643 -0.60305 -12.3372 0.0577071 0.096578 24.3134 15
 190.000000 0.63591 0.427571 -0.634519 -13.904 0.042892 0.096578 24.3134 15
 190.500000 0.717118 0.519902 -0.628555 -13.4278 0.042892 0.096578 24.3134 15
 191.000000 0.607944 0.405317 -0.631603 -13.4921 0.042892 0.096578 24.3134 15
 191.500000 0.491157 0.422609 -0.571428 -9.94316 0.042892 0.096578 24.3134 15
 192.000000 0.77008 0.358469 -0.723824 -15.1438 0.042892 0.096578 24.3134 15
 192.500000 0.991668 0.0590996 -0.930335 -16 0.0282932 0.0905419 24.3134 16
 193.000000 0.948652 -0.00183049 -0.931451 -15.5891 0.0282932 0.0905419 24.3134 16
 193.500000 0.996444 -0.0030899 -0.952951 -15.6225 0.0282932 0.0905419 24.3134 16
 194.000000 0.952971 0.0115175 -0.928992 -15.5892 0.0282932 0.0905419 24.3134 16
 194.500000 0.975388 0.0795665 -0.916301 -15.6022 0.0282932 0.0905419 24.3134 16
 195.000000 0.957569 0.0585716 -0.915468 -15.6038 0.0139045 0.0905419 24.3134 16
 195.500000 0.963902 0.0627921 -0.916854 -15.2063 0.0139045 0.0905419 24.3134 16
 196.000000 0.967153 0.0276535 -0.929947 -15.2112 0.0139045 0.0905419 24.3134 16
 196.500000 0.958487 0.0961455 -0.903251 -15.2379 0.0139045 0.0905419 24.3134 16
 197.000000 0.941464 0.0334859 -0.916686 -15.2065 0.0139045 0.0905419 24.3134 16
 197.500000 0.948452 0.0671785 -0.90857 -15.2212 -0.00028014 0.0905419 24.3134 16
 198.000000 0.967888 0.0323686 -0.928716 -14.8568 -0.00028014 0.0905419 24.3134 16
 198.500000 0.979198 0.0441066 -0.929821 -14.8604 -0.00028014 0.0905419 24.3134 16
 199.000000 0.990639 -0.00129434 -0.949805 -14.9732 -0.00028014 0.0905419 24.3134 16
 199.500000 0.926882 0.039367 -0.908304 -14.8427 -0.00028014 0.0905419 24.3134 16
 200.000000 0.990964 -0.0507818 -0.965977 -15.1217 -0.0142664 0.0905419 24.3134 16
 200.500000 0.966044 0.0604688 -0.918575 -14.5743 -0.0142664 0.0905419 24.3134 16
 201.000000 0.98201 0.0131067 -0.941285 -14.5626 -0.0142664 0.0905419 24.3134 16
 201.500000 0.94232 -0.0506858 -0.944471 -14.57 -0.0142664 0.0905419 24.3134 16
 202.000000 0.940716 0.0689161 -0.904574 -14.6369 -0.0142664 0.0905419 24.3134 16
 202.500000 0.948263 0.0952058 -0.899057 -14.6726 -0.0280597 0.0905419 24.3134 16
 203.000000 0.942761 0.0668124 -0.906181 -14.2622 -0.0280597 0.0905419 24.3134 16
 203.500000 0.939774 -0.00820479 -0.92961 -14.2454 -0.0280597 0.0905419 24.3134 16
 204.000000 0.933297 -0.00995615 -0.92732 -14.2415 -0.0280597 0.0905419 24.3134 16
 204.500000 0.970552 -0.0540119 -0.958005 -14.3902 -0.0280597 0.0905419 24.3134 16
 205.000000 0.971595 0.00211494 -0.940288 -14.2791 -0.0416653 0.0905419 24.3134 16
 205.500000 1.04506 0.00221735 -0.972656 -14.1533 -0.0416653 0.0905419 24.3134 16
 206.000000 0.946483 -0.0108573 -0.933435 -13.9122 -0.0416653 0.0905419 24.3134 16
 206.500000 0.966478 0.0749375 -0.913925 -13.9301 -0.0416653 0.0905419 24.3134 16
 207.000000 0.975953 0.0144432 -0.938175 -13.9219 -0.0416653 0.0905419 24.3134 16
 207.500000 0.96106 -0.0198292 -0.942784 -13.9365 -0.0550883 0.0905419 24.3134 16
 208.000000 0.933593 0.0302263 -0.914287 -13.6244 -0.0550883 0.0905419 24.3134 16
 208.500000 0.995338 -0.0446972 -0.96595 -13.7272 -0.0550883 0.0905419 24.3134 16
 209.000000 0.937406 -0.0207572 -0.932643 -13.5828 -0.0550883 0.0905419 24.3134 16
 209.500000 0.975437 0.0396599 -0.929635 -13.5837 -0.0550883 0.0905419 24.3134 16
 210.000000 0.950058 0.023399 -0.923804 -13.592 -0.0683336 0.0905419 24.3134 16
 210.500000 0.933402 -0.00930213 -0.927154 -13.2603 -0.0683336 0.0905419 24.3134 16
 211.000000 0.910963 0.0145342 -0.909458 -13.3142 -0.0683336 0.0905419 24.3134 16
 211.500000 0.954903 0.0842675 -0.90568 -13.3365 -0.0683336 0.0905419 24.3134 16
 212.000000 0.921086 0.0304324 -0.908698 -13.3184 -0.0683336 0.0905419 24.3134 16
 212.500000 0.957832 0.0289555 -0.925404 -13.2619 -0.0814056 0.0905419 24.3134 16
 213.000000 0.939274 0.00636821 -0.924633 -12.9428 -0.0814056 0.0905419 24.3134 16
 213.500000 0.966909 0.0482673 -0.923018 -12.9449 -0.0814056 0.0905419 24.3134 16
 214.000000 0.955242 0.026359 -0.925118 -12.9423 -0.0814056 0.0905419 24.3134 16
 214.500000 0.955155 0.0211888 -0.926781 -12.9412 -0.0814056 0.0905419 24.3134 16
 215.000000 0.971553 0.0394164 -0.928002 -12.9409 -0.094309 0.0905419 24.3134 16
 215.500000 0.98742 0.0646172 -0.926619 -12.6279 -0.094309 0.0905419 24.3134 16
 216.000000 0.955563 0.00371882 -0.932689 -12.6302 -0.094309 0.0905419 24.3134 16
 216.500000 0.949643 0.00152432 -0.930794 -12.6284 -0.094309 0.0905419 24.3134 16
 217.000000 0.869697 0.0491983 -0.87979 -12.9578 -0.094309 0.0905419 24.3134 16
 217.500000 0.95355 0.0253121 -0.924715 -12.6293 -0.107048 0.0905419 24.3134 16
 218.000000 0.97297 0.0324272 -0.930938 -12.3219 -0.107048 0.0905419 24.3134 16
 218.500000 0.936965 0.051692 -0.908666 -12.3695 -0.107048 0.0905419 24.3134 16
 219.000000 0.931056 0.0267362 -0.914318 -12.344 -0.107048 0.0905419 24.3134 16
 219.500000 1.00305 -0.10214 -0.987702 -12.8401 -0.107048 0.0905419 24.3134 16
 220.000000 0.96732 -0.0268664 -0.947827 -12.3805 -0.119627 0.0905419 24.3134 16
 220.500000 1.03118 -0.00479244 -0.968828 -12.2157 -0.119627 0.0905419 24.3134 16
 221.000000 0.959467 0.0434333 -0.921339 -12.0508 -0.119627 0.0905419 24.3134 16
 221.500000 1.02807 0.061188 -0.94569 -12.0559 -0.119627 0.0905419 24.3134 16
 222.000000 1.00165 0.0222375 -0.946948 -12.0607 -0.119627 0.0905419 24.3134 16
 222.500000 0.899928 -0.0405593 -0.922489 -12.0473 -0.132049 0.0905419 24.3134 16
 223.000000 0.918771 0.0839629 -0.889834 -11.9673 -0.132049 0.0905419 24.3134 16
 223.500000 0.996219 0.00551808 -0.95004 -11.795 -0.132049 0.0905419 24.3134 16
 224.000000 0.945723 0.0253371 -0.921253 -11.7483 -0.132049 0.0905419 24.3134 16
 224.500000 0.957239 0.0431437 -0.920452 -11.7504 -0.132049 0.0905419 24.3134 16
 225.000000 0.986657 0.0251622 -0.939372 -11.7501 -0.144319 0.0905419 24.3135 16
 225.500000 0.946216 0.0116431 -0.92597 -11.4525 -0.144319 0.0905419 24.3135 16
 226.000000 0.984154 0.00224646 -0.945787 -11.4718 -0.144319 0.0905419 24.3135 16
 226.500000 0.921257 -0.0231757 -0.926295 -11.4519 -0.144319 0.0905419 24.3135 16
 227.000000 0.96463 0.0542082 -0.920038 -11.4688 -0.144319 0.0905419 24.3135 16
 227.500000 0.929668 0.0247461 -0.914361 -11.4938 -0.15644 0.0905419 24.3135 16
 228.000000 0.962016 -0.0114897 -0.940496 -11.1908 -0.15644 0.0905419 24.3135 16
 228.500000 1.00445 -0.0568938 -0.973894 -11.4719 -0.15644 0.0905419 24.3135 16
 229.000000 0.977463 -0.0265443 -0.9522 -11.253 -0.15644 0.0905419 24.3135 16
 229.500000 0.897872 0.0686536 -0.885747 -11.4212 -0.15644 0.0905419 24.3135 16
 230.000000 0.960446 0.033361 -0.925104 -11.1688 -0.168416 0.0905419 24.3135 16
 230.500000 0.935326 -0.000254983 -0.925054 -10.8821 -0.168416 0.0905419 24.3135 16
 231.000000 0.929531 0.0367577 -0.910337 -10.9224 -0.168416 0.0905419 24.3135 16
 231.500000 0.988172 0.0512275 -0.931415 -10.8842 -0.168416 0.0905419 24.3135 16
 232.000000 0.954564 0.0807125 -0.906727 -10.942 -0.168416 0.0905419 24.3135 16
 232.500000 0.944764 0.0717272 -0.905419 -10.95 -0.180251 0.0905419 24.3135 16
 233.000000 0.973679 0.0102876 -0.938534 -10.6557 -0.180251 0.0905419 24.3135 16
 233.500000 0.962552 0.0582784 -0.917764 -10.6172 -0.180251 0.0905419 24.3135 16
 234.000000 0.96284 0.0244524 -0.929099 -10.6228 -0.180251 0.0905419 24.3135 16
 234.500000 0.968116 0.0100699 -0.93615 -10.645 -0.180251 0.0905419 24.3135 16
 235.000000 0.998462 0.0620739 -0.932339 -10.6312 -0.191946 0.0905419 24.3135 16
 235.500000 0.9343 0.129273 -0.881278 -10.6107 -0.191946 0.0905419 24.3135 16
 236.000000 0.927561 0.114507 -0.883359 -10.5852 -0.191946 0.0905419 24.3135 16
 236.500000 0.956359 0.091803 -0.903781 -10.4016 -0.191946 0.0905419 24.3135 16
 237.000000 0.982008 -0.0397724 -0.95848 -10.5084 -0.191946 0.0905419 24.3135 16
 237.500000 0.935122 0.0468211 -0.909471 -10.372 -0.203507 0.0905419 24.3135 16
 238.000000 0.926288 0.0247867 -0.912855 -10.0801 -0.203507 0.0905419 24.3135 16
 238.500000 0.980004 0.00810196 -0.94204 -10.1378 -0.203507 0.0905419 24.3135 16
 239.000000 0.931742 -0.0166861 -0.928821 -10.0807 -0.203507 0.0905419 24.3135 16
 239.500000 0.942128 -0.006999 -0.930256 -10.0844 -0.203507 0.0905419 24.3135 16
 240.000000 0.886366 -0.0404507 -0.916462 -10.0737 -0.214935 0.0905419 24.3135 16
 240.500000 0.890309 0.0635278 -0.884121 -9.98689 -0.214935 0.0905419 24.3135 16
 241.000000 0.923666 0.0601658 -0.899973 -9.85646 -0.214935 0.0905419 24.3135 16
 241.500000 0.987827 -0.0052951 -0.949869 -9.93524 -0.214935 0.0905419 24.3135 16
 242.000000 0.968246 0.0217005 -0.93239 -9.82312 -0.214935 0.0905419 24.3135 16
 242.500000 0.946914 0.0435889 -0.915747 -9.80108 -0.226233 0.0905419 24.3136 16
 243.000000 0.968107 0.0364097 -0.927476 -9.5415 -0.226233 0.0905419 24.3136 16
 243.500000 0.923486 0.0444902 -0.905107 -9.55756 -0.226233 0.0905419 24.3136 16
 244.000000 0.945767 0.0228916 -0.922078 -9.53149 -0.226233 0.0905419 24.3136 16
 244.500000 0.9859 0.00239645 -0.946508 -9.64727 -0.226233 0.0905419 24.3136 16
 245.000000 0.987196 0.0671038 -0.925689 -9.53721 -0.237406 0.0905418 24.3136 16
 245.500000 1.0266 0.0570788 -0.946411 -9.36881 -0.237406 0.0905418 24.3136 16
 246.000000 0.973412 0.054961 -0.923661 -9.26658 -0.237406 0.0905418 24.3136 16
 246.500000 0.954727 0.0807092 -0.906801 -9.29327 -0.237406 0.0905418 24.3136 16
 247.000000 0.996638 -0.0135673 -0.95645 -9.4644 -0.237406 0.0905418 24.3136 16
 247.500000 0.963385 0.0131638 -0.933048 -9.28952 -0.248454 0.0905418 24.3137 16
 248.000000 0.962428 0.0177648 -0.931116 -9.01613 -0.248454 0.0905418 24.3137 16
 248.500000 0.967859 0.0289907 -0.929818 -9.01332 -0.248454 0.0905418 24.3137 16
 249.000000 0.983669 0.0247016 -0.938206 -9.04066 -0.248454 0.0905418 24.3137 16
 249.500000 0.926889 0.0351291 -0.909709 -9.03608 -0.248454 0.0905418 24.3137 16
 250.000000 1.0061 0.0393119 -0.943275 -9.06769 -0.259382 0.0905418 24.3138 16
 250.500000 0.959355 -0.00643879 -0.937678 -8.77411 -0.259382 0.0905418 24.3138 16
 251.000000 0.980947 0.013112 -0.940814 -8.78486 -0.259382 0.0905418 24.3138 16
 251.500000 1.0327 0.011532 -0.964159 -8.95924 -0.259382 0.0905418 24.3138 16
 252.000000 0.902709 0.0363338 -0.898635 -8.89196 -0.259382 0.0905418 24.3138 16
 252.500000 0.924159 -0.0353592 -0.931516 -8.76176 -0.27019 0.0905417 24.3139 16
 253.000000 0.96977 0.0122366 -0.93617 -8.51067 -0.27019 0.0905417 24.3139 16
 253.500000 0.967721 0.030343 -0.92931 -8.50241 -0.27019 0.0905417 24.3139 16
 254.000000 0.931032 -0.0448301 -0.937603 -8.51425 -0.27019 0.0905417 24.3139 16
 254.500000 0.94372 0.0350614 -0.917161 -8.52373 -0.27019 0.0905417 24.3139 16
 255.000000 1.02552 0.041832 -0.951004 -8.57861 -0.280883 0.0905417 24.314 16
 255.500000 0.951159 -0.0265837 -0.940602 -8.2708 -0.280883 0.0905417 24.314 16
 256.000000 0.968243 -0.00664542 -0.941668 -8.27319 -0.280883 0.0905417 24.314 16
 256.500000 0.959581 0.0416523 -0.921979 -8.28543 -0.280883 0.0905417 24.314 16
 257.000000 0.952949 0.0434776 -0.918448 -8.30023 -0.280883 0.0905417 24.314 16
 257.500000 0.997827 0.0292599 -0.942948 -8.27652 -0.291462 0.0905416 24.3142 16
 258.000000 0.943339 -0.00902185 -0.931449 -8.01716 -0.291462 0.0905416 24.3142 16
 258.500000 0.965697 0.049836 -0.921962 -8.04464 -0.291462 0.0905416 24.3142 16
 259.000000 1.01885 -0.0026116 -0.962679 -8.12537 -0.291462 0.0905416 24.3142 16
 259.500000 0.975618 0.078068 -0.916906 -8.07078 -0.291462 0.0905416 24.3142 16
 260.000000 0.944017 -0.0370889 -0.940843 -8.01766 -0.301928 0.0905415 24.3144 16
 260.500000 0.917069 0.0933483 -0.885915 -8.18192 -0.301928 0.0905415 24.3144 16
 261.000000 0.950939 0.0326752 -0.921135 -7.80541 -0.301928 0.0905415 24.3144 16
 261.500000 0.963634 0.0537804 -0.91974 -7.81281 -0.301928 0.0905415 24.3144 16
 262.000000 0.955051 0.0805701 -0.90699 -7.90918 -0.301928 0.0905415 24.3144 16
 262.500000 0.98642 -0.0339649 -0.958553 -7.83794 -0.312286 0.0905414 24.3147 16
 263.000000 0.978433 -0.0202728 -0.950595 -7.54504 -0.312286 0.0905414 24.3147 16
 263.500000 0.945885 0.0115216 -0.925864 -7.57295 -0.312286 0.0905414 24.3147 16
 264.000000 0.978896 -0.0242243 -0.95208 -7.5495 -0.312286 0.0905414 24.3147 16
 264.500000 0.965346 0.0806159 -0.911518 -7.67747 -0.312286 0.0905414 24.3147 16
 265.000000 0.932793 0.0438746 -0.90942 -7.69818 -0.322536 0.0905413 24.315 16
 265.500000 0.966824 0.0224789 -0.931506 -7.32345 -0.322536 0.0905413 24.315 16
 266.000000 0.965062 0.0620093 -0.917627 -7.36853 -0.322536 0.0905413 24.315 16
 266.500000 0.984066 0.120164 -0.906366 -7.44808 -0.322536 0.0905413 24.315 16
 267.000000 0.935697 0.0489426 -0.90902 -7.42587 -0.322536 0.0905413 24.315 16
 267.500000 0.961478 0.0287413 -0.927084 -7.33147 -0.332679 0.0905411 24.3154 16
 268.000000 0.959842 0.0101984 -0.932457 -7.08064 -0.332679 0.0905411 24.3154 16
 268.500000 0.980041 0.00204748 -0.944037 -7.0981 -0.332679 0.0905411 24.3154 16
 269.000000 0.990136 0.0369449 -0.937018 -7.08253 -0.332679 0.0905411 24.3154 16
 269.500000 0.960662 -0.0121509 -0.940114 -7.0875 -0.332679 0.0905411 24.3154 16
 270.000000 0.996961 0.0316941 -0.941764 -7.09137 -0.342717 0.0905409 24.316 16
 270.500000 0.944395 0.0259227 -0.920474 -6.87729 -0.342717 0.0905409 24.316 16
 271.000000 0.995467 0.0618213 -0.931103 -6.84507 -0.342717 0.0905409 24.316 16
 271.500000 0.942234 0.0437675 -0.913623 -6.91716 -0.342717 0.0905409 24.316 16
 272.000000 0.932607 -0.0057857 -0.925658 -6.85707 -0.342717 0.0905409 24.316 16
 272.500000 0.936175 0.0224211 -0.917999 -6.88996 -0.352653 0.0905407 24.3167 16
 273.000000 0.944933 0.0458781 -0.914114 -6.66279 -0.352653 0.0905407 24.3167 16
 273.500000 0.909267 0.0559202 -0.89503 -6.82804 -0.352653 0.0905407 24.3167 16
 274.000000 0.938603 0.0684416 -0.9038 -6.73758 -0.352653 0.0905407 24.3167 16
 274.500000 0.955692 0.110865 -0.89702 -6.80536 -0.352653 0.0905407 24.3167 16
 275.000000 0.858701 0.144862 -0.842495 -7.88673 -0.3625 0.085216 24.3169 17
 275.500000 0.962431 -0.000408136 -0.937069 -6.54864 -0.3625 0.085216 24.3169 17
 276.000000 0.940477 0.0213506 -0.92025 -6.55396 -0.3625 0.085216 24.3169 17
 276.500000 1.00803 0.0245913 -0.948988 -6.59708 -0.3625 0.085216 24.3169 17
 277.000000 1.00207 0.0510553 -0.9376 -6.54987 -0.3625 0.085216 24.3169 17
 277.500000 0.981153 0.045709 -0.930152 -6.5405 -0.372236 0.085216 24.3179 17
 278.000000 1.01676 0.0148088 -0.956055 -6.40101 -0.372236 0.085216 24.3179 17
 278.500000 0.942969 0.0675201 -0.906036 -6.38016 -0.372236 0.085216 24.3179 17
 279.000000 0.950147 -0.023293 -0.939089 -6.30518 -0.372236 0.085216 24.3179 17
 279.500000 0.914526 0.00110463 -0.915427 -6.3244 -0.372236 0.085216 24.3179 17
 280.000000 0.964859 -0.0272979 -0.946881 -6.33769 -0.381873 0.0852158 24.3191 17
 280.500000 1.01433 0.0424748 -0.945856 -6.0801 -0.381873 0.0852158 24.3191 17
 281.000000 0.950449 0.0505406 -0.915 -6.11305 -0.381873 0.0852158 24.3191 17
 281.500000 0.948247 0.0516936 -0.913645 -6.12143 -0.381873 0.0852158 24.3191 17
 282.000000 0.978642 0.0975726 -0.911661 -6.13473 -0.381873 0.0852158 24.3191 17
 282.500000 0.94719 0.015948 -0.924987 -6.06908 -0.39141 0.0852159 24.3207 17
 283.000000 0.963834 -0.00214984 -0.938256 -5.82209 -0.39141 0.0852159 24.3207 17
 283.500000 0.932866 0.0272167 -0.914959 -5.86147 -0.39141 0.0852159 24.3207 17
 284.000000 0.923019 0.108739 -0.883319 -6.19423 -0.39141 0.0852159 24.3207 17
 284.500000 0.942788 0.00183853 -0.927665 -5.81791 -0.39141 0.0852159 24.3207 17
 285.000000 0.917492 -0.0371224 -0.92914 -5.81627 -0.400847 0.085216 24.3227 17
 285.500000 0.963361 0.111091 -0.900326 -5.73393 -0.400847 0.085216 24.3227 17
 286.000000 0.923544 0.0129965 -0.915518 -5.61549 -0.400847 0.085216 24.3227 17
 286.500000 0.924545 0.0250474 -0.912 -5.63611 -0.400847 0.085216 24.3227 17
 287.000000 0.955117 0.097969 -0.901146 -5.7256 -0.400847 0.085216 24.3227 17
 287.500000 0.947806 0.0641217 -0.909307 -5.65467 -0.410187 0.0852168 24.325 17
 288.000000 0.987109 -0.0155487 -0.95289 -5.46863 -0.410187 0.0852168 24.325 17
 288.500000 0.953019 0.0029226 -0.931827 -5.356 -0.410187 0.0852168 24.325 17
 289.000000 0.948023 -0.0167911 -0.936043 -5.36657 -0.410187 0.0852168 24.325 17
 289.500000 0.992408 0.00704489 -0.947859 -5.4281 -0.410187 0.0852168 24.325 17
 290.000000 0.983212 0.0133802 -0.941726 -5.39028 -0.419425 0.0852166 24.3281 17
 290.500000 1.01041 0.0344421 -0.946788 -5.1723 -0.419425 0.0852166 24.3281 17
 291.000000 1.00703 0.0492962 -0.940374 -5.14224 -0.419425 0.0852166 24.3281 17
 291.500000 0.989852 0.025274 -0.940745 -5.1436 -0.419425 0.0852166 24.3281 17
 292.000000 0.975335 0.0173088 -0.936961 -5.13196 -0.419425 0.0852166 24.3281 17
 292.500000 0.914882 0.013546 -0.911513 -5.18009 -0.428563 0.0852178 24.3319 17
 293.000000 0.929593 0.0159144 -0.917231 -4.91316 -0.428563 0.0852178 24.3319 17
 293.500000 0.939538 0.0107637 -0.92331 -4.90149 -0.428563 0.0852178 24.3319 17
 294.000000 0.987264 -0.00449186 -0.949359 -4.99416 -0.428563 0.0852178 24.3319 17
 294.500000 0.962354 -0.0589007 -0.955954 -5.05444 -0.428563 0.0852178 24.3319 17
 295.000000 0.986301 -0.0661394 -0.968845 -5.21533 -0.437619 0.0852172 24.3356 17
 295.500000 0.938631 -0.00410371 -0.927769 -4.73107 -0.437619 0.0852172 24.3356 17
 296.000000 0.943864 0.00706965 -0.926429 -4.73368 -0.437619 0.0852172 24.3356 17
 296.500000 0.967365 0.0632167 -0.91824 -4.76202 -0.437619 0.0852172 24.3356 17
 297.000000 0.938798 0.0201436 -0.919905 -4.75454 -0.437619 0.0852172 24.3356 17
 297.500000 1.00492 -0.0191108 -0.961905 -4.85678 -0.446559 0.0852162 24.3408 17
 298.000000 0.92657 -0.0247841 -0.929162 -4.53662 -0.446559 0.0852162 24.3408 17
 298.500000 1.01629 0.0683469 -0.938105 -4.52171 -0.446559 0.0852162 24.3408 17
 299.000000 0.927415 0.0172306 -0.915837 -4.60548 -0.446559 0.0852162 24.3408 17
 299.500000 0.955973 0.0444474 -0.91946 -4.58124 -0.446559 0.0852162 24.3408 17
 300.000000 0.981209 0.0223849 -0.937884 -4.52178 -0.455375 0.085216 24.3482 17
 300.500000 0.915331 0.0531625 -0.898626 -4.55712 -0.455375 0.085216 24.3482 17
 301.000000 0.984456 0.0269206 -0.937822 -4.29341 -0.455375 0.085216 24.3482 17
 301.500000 0.972961 -0.0253963 -0.949841 -4.31375 -0.455375 0.085216 24.3482 17
 302.000000 0.928491 0.0697214 -0.898908 -4.55342 -0.455375 0.085216 24.3482 17
 302.500000 0.943335 -0.00917622 -0.931498 -4.30183 -0.464073 0.0852164 24.3573 17
 303.000000 0.955094 0.0856577 -0.905296 -4.24164 -0.464073 0.0852164 24.3573 17
 303.500000 0.964305 0.0154479 -0.932705 -4.07228 -0.464073 0.0852164 24.3573 17
 304.000000 0.887931 0.0290665 -0.894508 -4.37812 -0.464073 0.0852164 24.3573 17
 304.500000 0.903811 0.0348854 -0.8996 -4.30881 -0.464073 0.0852164 24.3573 17
 305.000000 0.975389 0.0114934 -0.938893 -4.0694 -0.472643 0.0852159 24.3688 17
 305.500000 0.944121 -0.0129711 -0.933079 -3.84868 -0.472643 0.0852159 24.3688 17
 306.000000 0.978835 -0.0427945 -0.958054 -3.91929 -0.472643 0.0852159 24.3688 17
 306.500000 0.926747 0.0363182 -0.909253 -3.98574 -0.472643 0.0852159 24.3688 17
 307.000000 0.938417 -0.00183461 -0.926935 -3.86495 -0.472643 0.0852159 24.3688 17
 307.500000 0.891043 -0.0178092 -0.91121 -3.96697 -0.481111 0.0852206 24.3816 17
 308.000000 0.961377 0.0786549 -0.910426 -3.73065 -0.481111 0.0852206 24.3816 17
 308.500000 0.966983 -0.0425303 -0.952737 -3.71743 -0.481111 0.0852206 24.3816 17
 309.000000 0.850713 0.194148 -0.821655 -5.7516 -0.481111 0.0852206 24.3816 17
 309.500000 0.904374 0.0817259 -0.88423 -4.04874 -0.481111 0.0852206 24.3816 17
 310.000000 1.00088 0.0218869 -0.946724 -3.68152 -0.489414 0.085219 24.3985 17
 310.500000 0.986408 -0.0114892 -0.951261 -3.478 -0.489414 0.085219 24.3985 17
 311.000000 0.990156 0.0668537 -0.927078 -3.44578 -0.489414 0.085219 24.3985 17
 311.500000 0.974677 0.00218724 -0.941625 -3.44044 -0.489414 0.085219 24.3985 17
 312.000000 0.930606 0.0307988 -0.91278 -3.52369 -0.489414 0.085219 24.3985 17
 312.500000 0.962563 0.0293552 -0.92736 -3.44496 -0.49755 0.0852212 24.42 17
 313.000000 0.993745 0.000392722 -0.950624 -3.26978 -0.49755 0.0852212 24.42 17
 313.500000 0.946105 0.0763855 -0.904448 -3.37324 -0.49755 0.0852212 24.42 17
 314.000000 0.982408 0.0576567 -0.926732 -3.22711 -0.49755 0.0852212 24.42 17
 314.500000 0.964624 0.058874 -0.91848 -3.26031 -0.49755 0.0852212 24.42 17
 315.000000 0.921722 -0.00206951 -0.91964 -3.25416 -0.505518 0.0852268 24.446 17
 315.500000 0.944471 0.0349415 -0.917532 -3.04248 -0.505518 0.0852268 24.446 17
 316.000000 0.947269 0.189463 -0.866023 -3.77948 -0.505518 0.0852268 24.446 17
 316.500000 1.00527 0.0140504 -0.951237 -3.08529 -0.505518 0.0852268 24.446 17
 317.000000 0.944598 0.0193271 -0.922734 -3.02194 -0.505518 0.0852268 24.446 17
 317.500000 0.927183 -0.0192831 -0.927651 -3.01163 -0.513265 0.0852301 24.4791 17
 318.000000 1.00119 0.0911947 -0.923762 -2.80469 -0.513265 0.0852301 24.4791 17
 318.500000 0.984979 0.0240431 -0.939001 -2.81114 -0.513265 0.0852301 24.4791 17
 319.000000 0.936849 0.0736883 -0.901268 -2.95434 -0.513265 0.0852301 24.4791 17
 319.500000 0.927032 0.0907537 -0.89119 -3.0829 -0.513265 0.0852301 24.4791 17
 320.000000 0.961872 0.0125352 -0.932587 -2.79781 -0.520778 0.0852319 24.52 17
 320.500000 0.967243 0.0450462 -0.924235 -2.59397 -0.520778 0.0852319 24.52 17
 321.000000 0.949683 0.0102841 -0.927945 -2.58738 -0.520778 0.0852319 24.52 17
 321.500000 0.913443 0.035554 -0.903632 -2.72659 -0.520778 0.0852319 24.52 17
 322.000000 0.993435 0.00706627 -0.948305 -2.64516 -0.520778 0.0852319 24.52 17
 322.500000 0.926964 0.0133367 -0.916916 -2.62245 -0.528059 0.0852448 24.5687 17
 323.000000 0.966667 0.0626191 -0.918132 -2.40277 -0.528059 0.0852448 24.5687 17
 323.500000 0.953376 0.0387149 -0.920214 -2.39565 -0.528059 0.0852448 24.5687 17
 324.000000 0.924186 0.0721867 -0.896182 -2.57955 -0.528059 0.0852448 24.5687 17
 324.500000 0.982616 0.0849749 -0.917669 -2.40458 -0.528059 0.0852448 24.5687 17
 325.000000 0.924878 0.00630509 -0.918298 -2.40214 -0.535022 0.0852595 24.6292 17
 325.500000 1.00659 0.0167358 -0.950935 -2.30097 -0.535022 0.0852595 24.6292 17
 326.000000 0.953349 0.00468465 -0.931396 -2.18605 -0.535022 0.0852595 24.6292 17
 326.500000 1.00288 -0.0181835 -0.960703 -2.4144 -0.535022 0.0852595 24.6292 17
 327.000000 0.901734 -0.0343216 -0.921276 -2.18521 -0.535022 0.0852595 24.6292 17
 327.500000 0.969936 0.034543 -0.9289 -2.18212 -0.541607 0.0852666 24.7045 17
 328.000000 0.965204 -0.0240736 -0.945989 -2.05074 -0.541607 0.0852666 24.7045 17
 328.500000 0.947416 -0.0189745 -0.936483 -1.99562 -0.541607 0.0852666 24.7045 17
 329.000000 0.94693 0.0946366 -0.898661 -2.13262 -0.541607 0.0852666 24.7045 17
 329.500000 0.918815 0.0208286 -0.910858 -2.02623 -0.541607 0.0852666 24.7045 17
 330.000000 0.981018 0.0564989 -0.926504 -1.97646 -0.54777 0.0852784 24.7967 17
 330.500000 0.97003 0.0426029 -0.926275 -1.7744 -0.54777 0.0852784 24.7967 17
 331.000000 0.924961 0.0385217 -0.907736 -1.84671 -0.54777 0.0852784 24.7967 17
 331.500000 0.976867 0.0323562 -0.932681 -1.78176 -0.54777 0.0852784 24.7967 17
 332.000000 0.985465 -0.0279036 -0.956171 -1.95097 -0.54777 0.0852784 24.7967 17
 332.500000 0.968293 -0.0262881 -0.94807 -1.86736 -0.55365 0.0852739 24.8994 17
 333.000000 0.942396 -0.00482184 -0.929665 -1.59074 -0.55365 0.0852739 24.8994 17
 333.500000 0.967948 0.116408 -0.900538 -1.76954 -0.55365 0.0852739 24.8994 17
 334.000000 0.926713 -0.100289 -0.953395 -1.69523 -0.55365 0.0852739 24.8994 17
 334.500000 0.984972 0.059199 -0.927348 -1.59258 -0.55365 0.0852739 24.8994 17
 335.000000 0.956617 0.0419934 -0.920558 -1.61029 -0.558841 0.0853038 25.0315 17
 335.500000 0.954809 0.035512 -0.921906 -1.40584 -0.558841 0.0853038 25.0315 17
 336.000000 0.915176 0.0483883 -0.900145 -1.56043 -0.558841 0.0853038 25.0315 17
 336.500000 1.00887 -0.0267176 -0.966113 -1.68089 -0.558841 0.0853038 25.0315 17
 337.000000 0.943218 0.00681008 -0.926229 -1.39791 -0.558841 0.0853038 25.0315 17
 337.500000 0.97804 0.0253445 -0.935511 -1.40638 -0.563351 0.0853107 25.1926 17
 338.000000 0.97491 0.0050853 -0.94078 -1.22765 -0.563351 0.0853107 25.1926 17
 338.500000 0.940588 -0.00334068 -0.928384 -1.20391 -0.563351 0.0853107 25.1926 17
 339.000000 0.952448 0.0168563 -0.92701 -1.20516 -0.563351 0.0853107 25.1926 17
 339.500000 0.968607 0.0230791 -0.932095 -1.2044 -0.563351 0.0853107 25.1926 17
 340.000000 0.950824 -0.0232468 -0.939373 -1.22178 -0.567126 0.0853134 25.3853 17
 340.500000 0.942891 0.0200573 -0.92174 -1.03468 -0.567126 0.0853134 25.3853 17
 341.000000 0.96186 0.0133598 -0.932311 -1.01427 -0.567126 0.0853134 25.3853 17
 341.500000 0.933079 -0.0437802 -0.938169 -1.02293 -0.567126 0.0853134 25.3853 17
 342.000000 0.971691 0.0220235 -0.933803 -1.01512 -0.567126 0.0853134 25.3853 17
 342.500000 0.970505 0.0606439 -0.920484 -1.04019 -0.570052 0.0853694 25.6147 17
 343.000000 0.912047 0.0349636 -0.903211 -0.975632 -0.570052 0.0853694 25.6147 17
 343.500000 1.00648 0.0194373 -0.950001 -0.916472 -0.570052 0.0853694 25.6147 17
 344.000000 0.911096 0.0773962 -0.888654 -1.18101 -0.570052 0.0853694 25.6147 17
 344.500000 0.938739 0.0161357 -0.921196 -0.844413 -0.570052 0.0853694 25.6147 17
 345.000000 0.96161 0.0181937 -0.930614 -0.82974 -0.571813 0.0853997 25.8946 17
 345.500000 0.992649 -0.0462123 -0.965251 -0.911041 -0.571813 0.0853997 25.8946 17
 346.000000 0.983151 0.0654053 -0.924473 -0.649329 -0.571813 0.0853997 25.8946 17
 346.500000 0.98034 -0.00841997 -0.947584 -0.710615 -0.571813 0.0853997 25.8946 17
 347.000000 0.875755 0.144805 -0.850054 -1.99882 -0.571813 0.0853997 25.8946 17
 347.500000 0.924018 0.00575373 -0.918099 -0.672491 -0.572545 0.0854944 26.2193 17
 348.000000 0.971538 0.0797878 -0.914528 -0.503026 -0.572545 0.0854944 26.2193 17
 348.500000 0.96528 0.0130611 -0.933918 -0.473994 -0.572545 0.0854944 26.2193 17
 349.000000 0.947585 0.0170074 -0.924814 -0.467522 -0.572545 0.0854944 26.2193 17
 349.500000 0.99107 0.0084516 -0.946808 -0.544014 -0.572545 0.0854944 26.2193 17
 350.000000 0.929207 0.0578453 -0.903193 -0.594764 -0.572711 0.0857047 26.5692 17
 350.500000 0.951218 0.131539 -0.887969 -0.576452 -0.572711 0.0857047 26.5692 17
 351.000000 0.962738 -0.005866 -0.938984 -0.3571 -0.572711 0.0857047 26.5692 17
 351.500000 0.936417 0.144631 -0.876917 -0.768037 -0.572711 0.0857047 26.5692 17
 352.000000 0.922352 0.0413505 -0.905648 -0.376654 -0.572711 0.0857047 26.5692 17
 352.500000 0.952885 0.0883012 -0.90343 -0.394516 -0.571246 0.0859548 26.9888 17
 353.000000 0.973559 0.0480018 -0.926041 -0.154765 -0.571246 0.0859548 26.9888 17
 353.500000 0.969811 0.00430367 -0.938786 -0.219201 -0.571246 0.0859548 26.9888 17
 354.000000 0.936536 0.0234631 -0.917815 -0.149248 -0.571246 0.0859548 26.9888 17
 354.500000 0.996895 -0.0436509 -0.9663 -0.589938 -0.571246 0.0859548 26.9888 17
 355.000000 0.905685 -0.0328128 -0.922534 -0.148953 -0.567332 0.0860725 27.5081 17
 355.500000 0.983588 -0.0311787 -0.956402 -0.250388 -0.567332 0.0860725 27.5081 17
 356.000000 0.945601 0.00562041 -0.92767 0.012383 -0.567332 0.0860725 27.5081 17
 356.500000 0.97424 0.0728073 -0.918064 0.02125 -0.567332 0.0860725 27.5081 17
 357.000000 1.0078 0.0354064 -0.945316 -0.107038 -0.567332 0.0860725 27.5081 17
 357.500000 0.959201 -0.0137078 -0.939976 -0.0568019 -0.562409 0.0861031 28.0711 17
 358.000000 1.00485 0.0478127 -0.939905 0.123214 -0.562409 0.0861031 28.0711 17
 358.500000 0.991579 -0.0188459 -0.955933 -0.041943 -0.562409 0.0861031 28.0711 17
 359.000000 0.976138 -0.0117506 -0.946814 0.0655188 -0.562409 0.0861031 28.0711 17
 359.500000 0.931895 0.0623343 -0.902882 0.0839899 -0.562409 0.0861031 28.0711 17
 360.000000 0.879012 0.0100239 -0.896825 0.0216797 -0.556593 0.0865912 28.6737 17
 360.500000 1.00903 0.00407013 -0.956166 0.0364739 -0.556593 0.0865912 28.6737 17
 361.000000 0.999085 0.0271887 -0.944186 0.189378 -0.556593 0.0865912 28.6737 17
 361.500000 0.904204 -0.0488034 -0.92703 0.303432 -0.556593 0.0865912 28.6737 17
 362.000000 0.945668 0.0374314 -0.917237 0.313133 -0.556593 0.0865912 28.6737 17
 362.500000 0.928408 0.0667269 -0.899874 0.231359 -0.54788 0.0871116 29.3818 17
 363.000000 0.949789 0.0122178 -0.927359 0.431179 -0.54788 0.0871116 29.3818 17
 363.500000 0.953199 0.0413621 -0.919259 0.454027 -0.54788 0.0871116 29.3818 17
 364.000000 1.00719 0.0218806 -0.94951 0.227346 -0.54788 0.0871116 29.3818 17
 364.500000 1.00067 0.046128 -0.938622 0.353405 -0.54788 0.0871116 29.3818 17
 365.000000 0.927827 -0.00377152 -0.922891 0.447205 -0.535601 0.0873156 30.2014 17
 365.500000 0.989163 -0.0196942 -0.955142 0.299372 -0.535601 0.0873156 30.2014 17
 366.000000 0.914153 0.0180921 -0.909699 0.590813 -0.535601 0.0873156 30.2014 17
 366.500000 1.02618 0.0209136 -0.958199 0.24757 -0.535601 0.0873156 30.2014 17
 367.000000 0.960992 0.101915 -0.902401 0.554002 -0.535601 0.0873156 30.2014 17
 367.500000 0.984848 0.00868233 -0.943987 0.454 -0.523515 0.0873643 31.0282 17
 368.000000 0.936029 0.00254096 -0.924452 0.729683 -0.523515 0.0873643 31.0282 17
 368.500000 0.932553 0.0342792 -0.91249 0.714419 -0.523515 0.0873643 31.0282 17
 369.000000 0.959127 0.0543798 -0.917552 0.728364 -0.523515 0.0873643 31.0282 17
 369.500000 0.956602 0.110406 -0.897577 0.609496 -0.523515 0.0873643 31.0282 17
 370.000000 0.985108 -0.0165993 -0.952348 0.526983 -0.510323 0.0873903 31.8935 17
 370.500000 0.96116 -0.0545431 -0.954029 0.679283 -0.510323 0.0873903 31.8935 17
 371.000000 0.950061 0.00637559 -0.929392 0.845324 -0.510323 0.0873903 31.8935 17
 371.500000 0.938843 0.00219876 -0.925806 0.848294 -0.510323 0.0873903 31.8935 17
 372.000000 0.932851 0.0253049 -0.915582 0.827186 -0.510323 0.0873903 31.8935 17
 372.500000 0.950829 -0.00558124 -0.933636 0.834851 -0.490389 0.0875384 32.8755 17
 373.000000 0.959259 0.0221394 -0.92828 0.980473 -0.490389 0.0875384 32.8755 17
 373.500000 0.967649 -0.0409916 -0.952535 0.838223 -0.490389 0.0875384 32.8755 17
 374.000000 0.98467 0.0512855 -0.929851 0.978982 -0.490389 0.0875384 32.8755 17
 374.500000 0.970382 0.046359 -0.925184 0.980279 -0.490389 0.0875384 32.8755 17
 375.000000 1.0361 -0.00635385 -0.971503 0.5493 -0.477596 0.0876114 33.7558 17
 375.500000 1.00258 -0.0242597 -0.962541 0.871624 -0.477596 0.0876114 33.7558 17
 376.000000 0.978718 0.046829 -0.928706 1.06488 -0.477596 0.0876114 33.7558 17
 376.500000 0.934399 0.0756836 -0.899517 0.856722 -0.477596 0.0876114 33.7558 17
 377.000000 0.963995 0.0163012 -0.932288 1.06651 -0.477596 0.0876114 33.7558 17
 377.500000 0.990319 0.00299041 -0.948263 1.01008 -0.453915 0.0876433 34.7543 17
 378.000000 1.00076 0.00194073 -0.953211 1.10737 -0.453915 0.0876433 34.7543 17
 378.500000 0.933022 0.0235884 -0.916222 1.11807 -0.453915 0.0876433 34.7543 17
 379.000000 0.959451 0.0333277 -0.924676 1.16611 -0.453915 0.0876433 34.7543 17
 379.500000 0.961405 -0.0147147 -0.941276 1.1734 -0.453915 0.0876433 34.7543 17
 380.000000 0.904256 0.0675668 -0.888929 0.758767 -0.437642 0.0902198 35.7182 16
 380.500000 0.970014 0.0544605 -0.922329 1.22656 -0.437642 0.0902198 35.7182 16
 381.000000 0.954203 0.10274 -0.899125 1.05448 -0.437642 0.0902198 35.7182 16
 381.500000 0.910725 0.0960016 -0.882215 0.794501 -0.437642 0.0902198 35.7182 16
 382.000000 0.9544 0.0764532 -0.908086 1.14626 -0.437642 0.0902198 35.7182 16
 382.500000 0.973433 0.011749 -0.937946 1.22209 -0.4087 0.0903732 36.6377 16
 383.000000 0.96375 -0.0651587 -0.958574 1.18156 -0.4087 0.0903732 36.6377 16
 383.500000 0.970597 -0.0134525 -0.944922 1.3011 -0.4087 0.0903732 36.6377 16
 384.000000 0.990814 -0.0289647 -0.958875 1.17807 -0.4087 0.0903732 36.6377 16
 384.500000 0.954677 0.0419685 -0.91971 1.31885 -0.4087 0.0903732 36.6377 16
 385.000000 0.984119 0.08347 -0.918839 1.31476 -0.377654 0.0905572 37.4847 16
 385.500000 0.939679 0.0770032 -0.901405 1.27788 -0.377654 0.0905572 37.4847 16
 386.000000 0.981525 -0.00768833 -0.947869 1.36548 -0.377654 0.0905572 37.4847 16
 386.500000 0.948942 0.0516956 -0.913951 1.39283 -0.377654 0.0905572 37.4847 16
 387.000000 0.932726 0.0357456 -0.912082 1.37999 -0.377654 0.0905572 37.4847 16
 387.500000 0.907765 0.0656032 -0.891136 1.13354 -0.35391 0.0907246 38.4624 16
 388.000000 0.919856 0.0149226 -0.913257 1.48224 -0.35391 0.0907246 38.4624 16
 388.500000 0.944744 0.00997686 -0.925866 1.51172 -0.35391 0.0907246 38.4624 16
 389.000000 0.986616 0.0294155 -0.937952 1.47782 -0.35391 0.0907246 38.4624 16
 389.500000 0.910772 -0.00100681 -0.914458 1.4879 -0.35391 0.0907246 38.4624 16
 390.000000 0.961324 0.0389343 -0.923648 1.51134 -0.317698 0.0909766 39.0397 16
 390.500000 0.958174 -0.0420281 -0.948686 1.47721 -0.317698 0.0909766 39.0397 16
 391.000000 0.964095 0.0602448 -0.917789 1.58821 -0.317698 0.0909766 39.0397 16
 391.500000 0.970316 0.0510714 -0.92359 1.59902 -0.317698 0.0909766 39.0397 16
 392.000000 0.945974 0.0842986 -0.901729 1.48193 -0.317698 0.0909766 39.0397 16
 392.500000 0.932864 0.0237717 -0.916092 1.58228 -0.280249 0.0912482 39.5217 16
 393.000000 0.943058 0.0441262 -0.913868 1.65575 -0.280249 0.0912482 39.5217 16
 393.500000 0.955491 -0.0651232 -0.954916 1.46172 -0.280249 0.0912482 39.5217 16
 394.000000 0.969787 -0.00276811 -0.941085 1.61176 -0.280249 0.0912482 39.5217 16
 394.500000 0.925609 -0.0278356 -0.929725 1.67063 -0.280249 0.0912482 39.5217 16
 395.000000 1.01265 -0.0316127 -0.969367 1.21302 -0.257499 0.0914454 40.4936 16
 395.500000 0.917936 0.0195275 -0.910898 1.6669 -0.257499 0.0914454 40.4936 16
 396.000000 0.96414 0.141513 -0.890236 1.42856 -0.257499 0.0914454 40.4936 16
 396.500000 0.947494 0.0129695 -0.926099 1.7254 -0.257499 0.0914454 40.4936 16
 397.000000 0.993609 0.0841129 -0.922809 1.72114 -0.257499 0.0914454 40.4936 16
 397.500000 0.993906 0.0130091 -0.946565 1.64769 -0.220314 0.09175 40.9028 16
 398.000000 0.956706 0.0784182 -0.908444 1.6925 -0.220314 0.09175 40.9028 16
 398.500000 0.975224 0.000782919 -0.942325 1.75437 -0.220314 0.09175 40.9028 16
 399.000000 0.973898 0.00647579 -0.939879 1.76673 -0.220314 0.09175 40.9028 16
 399.500000 0.949376 -0.0757838 -0.95562 1.64149 -0.220314 0.09175 40.9028 16
 400.000000 0.921112 -0.0133067 -0.923029 1.78068 -0.179093 0.0920844 41.0141 16
 400.500000 0.965007 0.00706059 -0.935764 1.84148 -0.179093 0.0920844 41.0141 16
 401.000000 0.910739 -0.0071662 -0.916451 1.81765 -0.179093 0.0920844 41.0141 16
 401.500000 0.94459 0.0751802 -0.904184 1.71483 -0.179093 0.0920844 41.0141 16
 402.000000 0.963622 0.061061 -0.917308 1.82229 -0.179093 0.0920844 41.0141 16
 402.500000 0.954075 0.039669 -0.920206 1.83551 -0.137501 0.0924215 41.0902 16
 403.000000 1.00573 0.0737409 -0.931638 1.90509 -0.137501 0.0924215 41.0902 16
 403.500000 0.960536 0.0439401 -0.921642 1.89912 -0.137501 0.0924215 41.0902 16
 404.000000 0.907871 0.0653739 -0.891259 1.5951 -0.137501 0.0924215 41.0902 16
 404.500000 0.975645 0.0808971 -0.915967 1.875 -0.137501 0.0924215 41.0902 16
 405.000000 0.95259 -0.0183951 -0.93858 1.88185 -0.0959518 0.0927583 41.1647 16
 405.500000 0.984705 0.0296642 -0.937027 1.943 -0.0959518 0.0927583 41.1647 16
 406.000000 0.958066 -0.0413177 -0.948409 1.8684 -0.0959518 0.0927583 41.1647 16
 406.500000 1.03512 0.108404 -0.932889 1.95479 -0.0959518 0.0927583 41.1647 16
 407.000000 0.920463 -0.0062914 -0.92046 1.94108 -0.0959518 0.0927583 41.1647 16
 407.500000 1.01573 -0.068905 -0.982718 1.26948 -0.0773048 0.108933 42.1632 17
 408.000000 0.974298 0.00143807 -0.941703 1.77451 -0.0773048 0.108933 42.1632 17
 408.500000 0.885067 -0.00491656 -0.90438 1.64645 -0.0773048 0.108933 42.1632 17
 409.000000 0.941072 -0.00843011 -0.930256 1.8029 -0.0773048 0.108933 42.1632 17
 409.500000 0.996897 0.0808491 -0.925357 1.7969 -0.0773048 0.108933 42.1632 17
 410.000000 0.912 -0.0282194 -0.923839 1.79282 -0.0427231 0.109552 42.6347 17
 410.500000 0.980164 0.000519556 -0.944591 1.78994 -0.0427231 0.109552 42.6347 17
 411.000000 0.977552 -0.016106 -0.948854 1.75673 -0.0427231 0.109552 42.6347 17
 411.500000 1.00911 0.0178027 -0.951698 1.72995 -0.0427231 0.109552 42.6347 17
 412.000000 0.908299 0.0288082 -0.903588 1.67707 -0.0427231 0.109552 42.6347 17
 412.500000 0.916663 0.075364 -0.891795 1.49679 -0.0196641 0.109429 43.5667 17
 413.000000 0.916507 0.0566385 -0.897988 1.66642 -0.0196641 0.109429 43.5667 17
 413.500000 0.961964 -0.0120919 -0.94067 1.83002 -0.0196641 0.109429 43.5667 17
 414.000000 0.977471 0.0491218 -0.927394 1.86901 -0.0196641 0.109429 43.5667 17
 414.500000 1.01914 0.0209484 -0.955084 1.69787 -0.0196641 0.109429 43.5667 17
 415.000000 0.991672 0.00135114 -0.949396 1.76107 0.0110873 0.111527 44.1855 17
 415.500000 0.962721 -0.000168391 -0.937118 1.8724 0.0110873 0.111527 44.1855 17
 416.000000 0.912901 0.0179623 -0.909189 1.79389 0.0110873 0.111527 44.1855 17
 416.500000 0.924123 -0.032833 -0.930684 1.88633 0.0110873 0.111527 44.1855 17
 417.000000 0.943904 -0.0106932 -0.932243 1.8847 0.0110873 0.111527 44.1855 17
 417.500000 0.943524 0.0197694 -0.922114 1.87523 0.0447922 0.112002 44.5998 17
 418.000000 0.988282 0.0671878 -0.92614 1.91613 0.0447922 0.112002 44.5998 17
 418.500000 0.975666 0.00753558 -0.940312 1.8854 0.0447922 0.112002 44.5998 17
 419.000000 0.972034 0.0272528 -0.932232 1.91452 0.0447922 0.112002 44.5998 17
 419.500000 0.937142 0.00817564 -0.9231 1.91035 0.0447922 0.112002 44.5998 17
 420.000000 0.939445 0.0437083 -0.912411 1.85503 0.076242 0.112096 45.1342 17
 420.500000 0.990748 -0.0705821 -0.972229 1.47348 0.076242 0.112096 45.1342 17
 421.000000 0.979782 0.0784884 -0.918602 1.92834 0.076242 0.112096 45.1342 17
 421.500000 0.973718 -0.0175427 -0.947628 1.85023 0.076242 0.112096 45.1342 17
 422.000000 0.917788 -0.0375088 -0.929395 1.94642 0.076242 0.112096 45.1342 17
 422.500000 1.0032 -0.023678 -0.962628 1.65378 0.0998312 0.121807 46.0109 17
 423.000000 0.980144 0.135096 -0.899512 1.66696 0.0998312 0.121807 46.0109 17
 423.500000 0.978217 0.0271191 -0.935004 1.86856 0.0998312 0.121807 46.0109 17
 424.000000 0.978462 -0.0587437 -0.963015 1.61497 0.0998312 0.121807 46.0109 17
 424.500000 1.01557 0.0126227 -0.956244 1.70918 0.0998312 0.121807 46.0109 17
 425.000000 0.935965 0.0462599 -0.910029 1.78862 0.126707 0.121974 46.7354 17
 425.500000 0.926784 0.0535358 -0.903558 1.75583 0.126707 0.121974 46.7354 17
 426.000000 0.932106 0.0544941 -0.905589 1.77862 0.126707 0.121974 46.7354 17
 426.500000 0.912236 0.0489126 -0.898673 1.69282 0.126707 0.121974 46.7354 17
 427.000000 0.927391 0.017439 -0.915758 1.86296 0.126707 0.121974 46.7354 17
 427.500000 0.917825 0.0407876 -0.903835 1.75905 0.151644 0.121955 47.5261 17
 428.000000 0.968176 0.0123336 -0.935435 1.90302 0.151644 0.121955 47.5261 17
 428.500000 0.949117 0.0540314 -0.913251 1.87789 0.151644 0.121955 47.5261 17
 429.000000 0.91147 -0.0712675 -0.937433 1.89386 0.151644 0.121955 47.5261 17
 429.500000 0.960615 -0.0922454 -0.965823 1.56363 0.151644 0.121955 47.5261 17
 430.000000 0.967818 0.0278197 -0.930185 1.91813 0.18079 0.123092 48.0682 17
 430.500000 0.995997 0.0194446 -0.945374 1.85556 0.18079 0.123092 48.0682 17
 431.000000 0.993936 0.0221978 -0.943559 1.87088 0.18079 0.123092 48.0682 17
 431.500000 0.944543 0.0251602 -0.920791 1.92886 0.18079 0.123092 48.0682 17
 432.000000 0.92721 0.0437833 -0.906986 1.84117 0.18079 0.123092 48.0682 17
 432.500000 0.944591 0.0533485 -0.911481 1.88002 0.207519 0.123278 48.7319 17
 433.000000 0.878942 0.118642 -0.86047 0.879895 0.207519 0.123278 48.7319 17
 433.500000 0.996212 -0.023932 -0.959627 1.68264 0.207519 0.123278 48.7319 17
 434.000000 0.969941 -0.0965273 -0.971302 1.46068 0.207519 0.123278 48.7319 17
 434.500000 0.913164 0.0209023 -0.908339 1.88109 0.207519 0.123278 48.7319 17
 435.000000 0.997403 0.0631583 -0.93151 1.9505 0.235523 0.124439 49.2956 17
 435.500000 0.981758 0.0529184 -0.928023 1.97117 0.235523 0.124439 49.2956 17
 436.000000 0.949497 0.012748 -0.927056 1.9718 0.235523 0.124439 49.2956 17
 436.500000 0.970985 0.0387585 -0.927969 1.97122 0.235523 0.124439 49.2956 17
 437.000000 0.924695 0.0179458 -0.914402 1.93648 0.235523 0.124439 49.2956 17
 437.500000 0.94601 0.0465828 -0.914355 1.9362 0.261982 0.124698 49.9318 17
 438.000000 0.981395 -0.00663953 -0.947469 1.86839 0.261982 0.124698 49.9318 17
 438.500000 0.969226 -0.00835898 -0.94266 1.91574 0.261982 0.124698 49.9318 17
 439.000000 0.975681 -0.0138929 -0.947309 1.87016 0.261982 0.124698 49.9318 17
 439.500000 0.980592 0.01038 -0.941553 1.92499 0.261982 0.124698 49.9318 17
 440.000000 0.995715 -0.0214401 -0.9586 1.71484 0.281291 0.129724 50.8599 17
 440.500000 1.00322 0.0294605 -0.945262 1.87184 0.281291 0.129724 50.8599 17
 441.000000 0.914916 0.106346 -0.880555 1.41037 0.281291 0.129724 50.8599 17
 441.500000 0.969522 -0.0341317 -0.951149 1.81002 0.281291 0.129724 50.8599 17
 442.000000 0.925902 0.035115 -0.909278 1.87711 0.281291 0.129724 50.8599 17
 442.500000 1.00704 0.0373332 -0.944345 1.87994 0.304373 0.131617 51.6292 17
 443.000000 0.909067 0.0281014 -0.90416 1.81929 0.304373 0.131617 51.6292 17
 443.500000 0.946617 0.084147 -0.902064 1.79295 0.304373 0.131617 51.6292 17
 444.000000 0.99062 -0.0138637 -0.953891 1.79025 0.304373 0.131617 51.6292 17
 444.500000 0.925673 0.0395611 -0.907706 1.85871 0.304373 0.131617 51.6292 17
 445.000000 0.965458 0.0369458 -0.92613 1.96008 0.32899 0.13244 52.2941 17
 445.500000 0.92115 0.0368509 -0.906606 1.8584 0.32899 0.13244 52.2941 17
 446.000000 0.955578 0.0426337 -0.919888 1.95736 0.32899 0.13244 52.2941 17
 446.500000 0.951483 0.0145812 -0.927331 1.97282 0.32899 0.13244 52.2941 17
 447.000000 0.930377 0.0134926 -0.918372 1.9507 0.32899 0.13244 52.2941 17
 447.500000 0.982994 -0.01399 -0.950567 1.8388 0.3494 0.098152 53.1502 16
 448.000000 0.968303 -0.0545691 -0.957191 2.10505 0.3494 0.098152 53.1502 16
 448.500000 0.975445 0.0871008 -0.913789 2.24084 0.3494 0.098152 53.1502 16
 449.000000 0.963667 0.0284184 -0.928156 2.30384 0.3494 0.098152 53.1502 16
 449.500000 0.949417 -0.0164884 -0.93656 2.29117 0.3494 0.098152 53.1502 16
 450.000000 0.952712 -0.0112897 -0.936325 2.29202 0.38356 0.0986307 52.9138 16
 450.500000 0.962896 0.101938 -0.903234 2.13234 0.38356 0.0986307 52.9138 16
 451.000000 0.989793 0.0147252 -0.944187 2.26512 0.38356 0.0986307 52.9138 16
 451.500000 0.994459 -0.0420895 -0.964722 1.99841 0.38356 0.0986307 52.9138 16
 452.000000 0.900085 -0.0358247 -0.921032 2.29883 0.38356 0.0986307 52.9138 16
 452.500000 0.973591 0.0337564 -0.930773 2.31914 0.417252 0.0990941 52.7518 16
 453.000000 0.987071 -0.0191612 -0.954046 2.17641 0.417252 0.0990941 52.7518 16
 453.500000 0.936306 0.0604939 -0.905443 2.17221 0.417252 0.0990941 52.7518 16
 454.000000 0.959682 0.0405101 -0.922402 2.31819 0.417252 0.0990941 52.7518 16
 454.500000 0.961481 0.0782147 -0.91062 2.2332 0.417252 0.0990941 52.7518 16
 455.000000 0.961109 0.0196812 -0.929904 2.33335 0.450011 0.0995396 52.7044 16
 455.500000 0.934479 0.0216495 -0.917504 2.30402 0.450011 0.0995396 52.7044 16
 456.000000 0.969809 -0.00311571 -0.941208 2.31115 0.450011 0.0995396 52.7044 16
 456.500000 0.986827 0.0484377 -0.931748 2.34528 0.450011 0.0995396 52.7044 16
 457.000000 0.98416 0.0367272 -0.934454 2.34053 0.450011 0.0995396 52.7044 16
 457.500000 0.9615 -0.0270977 -0.945333 2.2809 0.479511 0.0999467 52.9739 16
 458.000000 0.979295 0.0385375 -0.931709 2.35705 0.479511 0.0999467 52.9739 16
 458.500000 0.958938 -0.0197113 -0.941809 2.323 0.479511 0.0999467 52.9739 16
 459.000000 0.95331 0.027114 -0.924016 2.34506 0.479511 0.0999467 52.9739 16
 459.500000 0.989388 0.0284901 -0.93948 2.33586 0.479511 0.0999467 52.9739 16
 460.000000 0.946396 0.0913169 -0.899548 2.0889 0.501982 0.100279 53.7263 16
 460.500000 0.983438 0.0662071 -0.924332 2.3587 0.501982 0.100279 53.7263 16
 461.000000 0.973793 -0.0119485 -0.945844 2.29193 0.501982 0.100279 53.7263 16
 461.500000 0.949964 0.00701765 -0.929139 2.36584 0.501982 0.100279 53.7263 16
 462.000000 0.948086 -0.0488609 -0.946431 2.28655 0.501982 0.100279 53.7263 16
 462.500000 0.990954 0.0332418 -0.938602 2.34279 0.531495 0.100695 53.9391 16
 463.000000 0.916519 0.0880504 -0.887461 1.87454 0.531495 0.100695 53.9391 16
 463.500000 1.00169 0.0443215 -0.939671 2.34935 0.531495 0.100695 53.9391 16
 464.000000 0.960304 0.00738184 -0.933583 2.37222 0.531495 0.100695 53.9391 16
 464.500000 0.961322 -0.00581655 -0.938344 2.35609 0.531495 0.100695 53.9391 16
 465.000000 0.938168 0.0582714 -0.907006 2.23017 0.556279 0.101059 54.5242 16
 465.500000 0.977708 0.00614044 -0.941669 2.33908 0.556279 0.101059 54.5242 16
 466.000000 0.933086 0.101538 -0.890212 1.96621 0.556279 0.101059 54.5242 16
 466.500000 0.926482 -0.0756494 -0.945464 2.30806 0.556279 0.101059 54.5242 16
 467.000000 0.967173 0.0208717 -0.932189 2.38145 0.556279 0.101059 54.5242 16
 467.500000 0.969387 0.130417 -0.896374 2.08876 0.576354 0.101375 55.3592 16
 468.000000 1.00129 -0.00254151 -0.954908 2.18762 0.576354 0.101375 55.3592 16
 468.500000 0.935526 0.0381663 -0.912517 2.32693 0.576354 0.101375 55.3592 16
 469.000000 0.969282 0.0236703 -0.932198 2.38583 0.576354 0.101375 55.3592 16
 469.500000 0.978433 0.010526 -0.940553 2.34607 0.576354 0.101375 55.3592 16
 470.000000 0.973895 0.00252679 -0.941169 2.34161 0.602904 0.101773 55.7525 16
 470.500000 1.02976 0.109822 -0.930045 2.39866 0.602904 0.101773 55.7525 16
 471.000000 0.978378 0.0419392 -0.930178 2.39853 0.602904 0.101773 55.7525 16
 471.500000 0.99607 0.0474326 -0.936159 2.38244 0.602904 0.101773 55.7525 16
 472.000000 0.995102 -0.0002773 -0.951441 2.25047 0.602904 0.101773 55.7525 16
 472.500000 0.926744 0.0710226 -0.897701 2.13673 0.622793 0.102095 56.5729 16
 473.000000 0.907464 0.0585824 -0.893347 2.0856 0.622793 0.102095 56.5729 16
 473.500000 0.95092 0.0358579 -0.920075 2.39124 0.622793 0.102095 56.5729 16
 474.000000 0.92229 0.140807 -0.872 1.55642 0.622793 0.102095 56.5729 16
 474.500000 0.947235 0.0913637 -0.899902 2.1973 0.622793 0.102095 56.5729 16
 475.000000 0.991918 0.0054882 -0.948152 2.28487 0.645985 0.102464 57.179 16
 475.500000 0.96426 -0.00132564 -0.938175 2.38423 0.645985 0.102464 57.179 16
 476.000000 0.955181 -0.0119601 -0.937633 2.38719 0.645985 0.102464 57.179 16
 476.500000 0.949066 0.0179239 -0.925167 2.41012 0.645985 0.102464 57.179 16
 477.000000 0.977221 -0.00214553 -0.944162 2.34057 0.645985 0.102464 57.179 16
 477.500000 0.981782 0.126576 -0.903162 2.23895 0.66717 0.102813 57.8982 16
 478.000000 0.954668 0.113006 -0.895837 2.14392 0.66717 0.102813 57.8982 16
 478.500000 0.993337 0.0363456 -0.938628 2.38223 0.66717 0.102813 57.8982 16
 479.000000 0.961593 0.0727992 -0.912487 2.35814 0.66717 0.102813 57.8982 16
 479.500000 0.991244 0.00802745 -0.947023 2.30902 0.66717 0.102813 57.8982 16
 480.000000 0.964558 0.00376826 -0.936643 2.39378 0.691977 0.103212 58.3306 16
 480.500000 0.961501 0.0115176 -0.932757 2.41774 0.691977 0.103212 58.3306 16
 481.000000 0.999672 0.00426243 -0.951973 2.25712 0.691977 0.103212 58.3306 16
 481.500000 0.921705 0.0809592 -0.89214 2.06989 0.691977 0.103212 58.3306 16
 482.000000 0.946245 0.0982174 -0.897146 2.16318 0.691977 0.103212 58.3306 16
 482.500000 0.983827 0.0173352 -0.940699 2.37669 0.715434 0.103596 58.858 16
 483.000000 0.944446 0.0499417 -0.912549 2.36237 0.715434 0.103596 58.858 16
 483.500000 0.974528 0.0131662 -0.937964 2.40355 0.715434 0.103596 58.858 16
 484.000000 0.979968 0.0711512 -0.921146 2.41762 0.715434 0.103596 58.858 16
 484.500000 0.958102 0.0242553 -0.927072 2.43111 0.715434 0.103596 58.858 16
 485.000000 0.969297 -0.0450353 -0.954565 2.23112 0.734354 0.103926 59.6672 16
 485.500000 0.941087 0.0045424 -0.92603 2.43395 0.734354 0.103926 59.6672 16
 486.000000 0.918186 0.0372241 -0.905174 2.2751 0.734354 0.103926 59.6672 16
 486.500000 0.943912 0.0321022 -0.918223 2.40356 0.734354 0.103926 59.6672 16
 487.000000 0.981356 0.0223945 -0.937945 2.41326 0.734354 0.103926 59.6672 16
 487.500000 0.897171 0.0421254 -0.894272 2.09326 0.7497 0.104215 60.6085 16
 488.000000 0.993723 0.0428487 -0.936645 2.41933 0.7497 0.104215 60.6085 16
 488.500000 0.986404 -0.03633 -0.959309 2.16315 0.7497 0.104215 60.6085 16
 489.000000 0.944301 0.0842215 -0.901017 2.23471 0.7497 0.104215 60.6085 16
 489.500000 0.988786 -0.019028 -0.954759 2.23789 0.7497 0.104215 60.6085 16
 490.000000 0.964778 -0.0267578 -0.94667 2.34184 0.770307 0.104582 61.2757 16
 490.500000 0.942091 0.0550454 -0.909813 2.34471 0.770307 0.104582 61.2757 16
 491.000000 0.986687 0.0883076 -0.918342 2.41537 0.770307 0.104582 61.2757 16
 491.500000 0.933416 -0.00877129 -0.926987 2.44474 0.770307 0.104582 61.2757 16
 492.000000 1.02941 -0.0105661 -0.969928 1.96013 0.770307 0.104582 61.2757 16
 492.500000 1.02277 -0.0114078 -0.967274 2.02051 0.783401 0.10485 62.2579 16
 493.000000 0.943126 -0.0224514 -0.935717 2.43835 0.783401 0.10485 62.2579 16
 493.500000 0.99824 -0.00146304 -0.953213 2.29179 0.783401 0.10485 62.2579 16
 494.000000 0.933713 0.0630619 -0.903441 2.25692 0.783401 0.10485 62.2579 16
 494.500000 0.929998 0.101594 -0.888829 1.9821 0.783401 0.10485 62.2579 16
 495.000000 0.974867 -0.0272557 -0.951284 2.31638 0.802336 0.105208 62.9951 16
 495.500000 0.990572 -0.0100231 -0.952621 2.31223 0.802336 0.105208 62.9951 16
 496.000000 0.934552 0.014047 -0.920033 2.42384 0.802336 0.105208 62.9951 16
 496.500000 0.895839 0.0422006 -0.893659 2.07497 0.802336 0.105208 62.9951 16
 497.000000 0.929028 0.0759896 -0.897044 2.14172 0.802336 0.105208 62.9951 16
 497.500000 0.947723 -0.0159134 -0.935626 2.44528 0.823936 0.105609 63.513 16
 498.000000 0.995047 0.10041 -0.917936 2.4133 0.823936 0.105609 63.513 16
 498.500000 1.00877 0.0516251 -0.940365 2.43001 0.823936 0.105609 63.513 16
 499.000000 0.881384 0.0474422 -0.885536 1.88045 0.823936 0.105609 63.513 16
 499.500000 1.03237 -0.0609609 -0.987516 1.52565 0.823936 0.105609 63.513 16
 500.000000 0.998183 0.0598882 -0.932945 2.45637 0.845148 0.106006 64.0477 16
