#! FIELDS time cv.node-0 sigma_cv.node-0 height logweight
#! SET action OPES_METAD_kernels
#! SET biasfactor                      16
#! SET epsilon   3.872940653519386e-08
#! SET kernel_cutoff       5.842373946721771
#! SET compression_threshold                       1
                     25    -0.4535176753997803    0.06391388700043887  1.062430625987055e-07                    -16
                   27.5   -0.08915711939334869    0.06387253213348379  2.286955148126384e-07     -15.23398527313102
                     30    -0.2678077220916748    0.06035662768371929    0.04503551341533593     -3.100033488421215
                   32.5    -0.3429837226867676    0.05356737423263546      1.494869550463109     0.2829788016201894
                     35     0.5399631261825562    0.06805269836249696  9.978159956778927e-08                    -16
                   37.5     0.4219741821289062    0.07921473482014334  1.831222417540215e-07     -15.24094992941805
                     40     0.6381071209907532    0.08826692109776479  2.607303615240379e-07     -14.77941398058815
                   42.5     0.4464268386363983    0.09251533795088587  1.201656775371992e-06     -13.20443519804516
                     45     0.5073015689849854    0.09571013865416604  5.317015875033139e-06     -11.68327444009718
                   47.5     0.6385928392410278    0.09701135414856983  8.867220020388844e-06     -11.15832153700663
                     50     0.4184092581272125    0.09700241976799107  1.862345383764897e-05     -10.41635322557923
                   52.5     0.5174838304519653      0.097099488579573    6.9017241910272e-05     -9.105418430747591
                     55      0.333571583032608     0.0967162789152186  8.354598996337373e-05      -8.91833190417359
                   57.5     0.5743108987808228    0.09608706122891747  0.0002654064334969024     -7.768993864568578
                     60     0.5636939406394958    0.09526735932797642  0.0009511183713700478     -6.501185122440633
                   62.5     0.5295344591140747    0.09375986696297406   0.003030455314459352      -5.35830583229454
                     65     0.5462926030158997    0.09304177438751191   0.009718200419169706     -4.200706577710299
                   67.5     0.6427056193351746    0.09198658497953105    0.01759848924202203     -3.618299805427146
                     70     0.5029751658439636    0.08997505923456374    0.04399312954176143     -2.724189628984991
                   72.5     0.4127442240715027    0.08711133703731905    0.07728312911377827     -2.193092900003757
                     75     0.4891667366027832    0.08274218042486892     0.2433465504624458     -1.097539541858424
                   77.5     0.7218034267425537    0.08129149442897442    0.04446111983292259     -2.815099129087538
                     80     0.5778378844261169    0.07664600457740658     0.4159620439333424    -0.6379641222688933
                   82.5     0.4139077961444855    0.07245717118006088      0.551810161386875    -0.4115558946875787
                     85     0.5832429528236389    0.06920394952429371     0.9770804820961545     0.1138713442146303
                   87.5     0.6003257632255554    0.06761561408306854      1.679131974188072     0.6321155745356372
                     90     0.5816832184791565    0.06672094657173458      2.497589262895477      1.015844579716703
                   92.5     0.5835222005844116    0.06547631807606963      3.107038092200837      1.215358074371475
                     95     0.4868321716785431    0.06287404594494643      1.610978801180784     0.5179750625195582
                   97.5     0.5945667028427124     0.0611743991693527      3.203370379721942      1.177931949710691
                    100     0.4477755129337311    0.05942685151605941      1.136107204083394     0.1123535183293898
                  102.5     0.4547131061553955    0.05764963485173327      1.568806599346137     0.4046987780647666
                    105      0.442872166633606    0.05592071088339901        1.7812910207597     0.5012728670596122
                  107.5     0.5013110637664795    0.05436751637677009      2.876010972104088     0.9521707677327053
                    110     0.4732835292816162    0.05294624357560856      2.982523763767692     0.9620466321038932
                  112.5     0.6255759000778198    0.05161130209379714      2.425294163059948     0.7296931654557836
                    115     0.6610002517700195    0.05046789440385828      1.878153759499332     0.4516262939667763
                  117.5     0.6083897948265076    0.04953654223461376      2.918753567898182     0.8738669517612412
                    120     0.8888337016105652    0.04965663770419147  0.0001813361636946152     -8.810026257079899
                  122.5     0.5307414531707764    0.04864964140074434      3.404569257024378      1.009762528865063
                    125     0.5385808348655701    0.04783157723226681      3.794573938001311      1.101257830926546
                  127.5     0.6209206581115723    0.04685391333144137      3.135259397922829     0.8897461101096048
                    130     0.6253452897071838    0.04596463628189718      3.314018076193403     0.9260333605716432
                  132.5     0.5770187973976135    0.04516581015415764      4.143352175933967      1.131845215370289
                    135     0.6544081568717957    0.04434002529990588      2.723507836082988      0.693808132564433
                  137.5     0.4327659010887146    0.04361427766992995      2.000669530993636     0.3688661190173011
                    140    0.07053014636039734    0.04377107704383738  1.611446897258868e-07     -15.96199026106028
                  142.5    0.08368046581745148     0.0441603198461847  2.252487383282688e-07     -15.61823423410408
                    145    0.03741621226072311    0.04445272200946125  3.318167663877861e-07     -15.22425706847519
                  147.5     0.1062396094202995    0.04470834112749311  6.917172658266817e-07     -14.48392879085751
                    150    0.01691484823822975    0.04475294549079363  7.227701131606142e-07     -14.43901770146415
                  152.5     0.1384798139333725      0.044748705298193  9.806924993278859e-06     -11.83135961470932
                    155    -0.1590259075164795    0.04507695114490248   0.003898488029447378     -5.838795768249375
                  157.5     0.4467675983905792    0.04500403356269841      4.009034574769498      1.095302241130548
                    160     0.5859108567237854    0.04496819195365405      7.242194567280658      1.685879334597217
                  162.5     0.7903005480766296    0.04515192695086327    0.06493424370477871     -3.024347535886642
                    165     0.3147555887699127     0.0449380971058238     0.2380232691703723     -1.730101254860628
                  167.5      0.300564169883728    0.04464416851460754     0.2025786874035733     -1.897903530985813
                    170     0.6256169676780701    0.04448949202794213      7.864437180563281      1.757603663769251
                  172.5     0.7174188494682312    0.04448025185229041      1.578094910477571     0.1512633414844984
                    175     0.7510207295417786    0.04412162972376782     0.7035059279384045    -0.6647291812334282
                  177.5     0.6554106473922729    0.04378629011478544      6.472996289470631      1.546959526377312
                    180    0.06024679914116859    0.04370542061804178  1.994749935389676e-06     -13.44752006239676
                  182.5    -0.2093209624290466    0.04386953031113909    0.02369665655349259      -4.06120164300405
                    185    -0.6318911910057068    0.04573843444298657  4.598805921399728e-07      -14.8693603400233
                  187.5    -0.6207983493804932    0.04754438615092483  1.306538951995967e-06     -13.78646555568571
                    190    -0.6345186829566956    0.04832410739519869  1.142947238536576e-06     -13.90397011793419
                  192.5    -0.9303349852561951    0.04958760014607914  1.369376028989201e-07                    -16
                    195    -0.9154679775238037    0.05150516327393033  1.959406115873088e-07     -15.60377250260579
                  197.5    -0.9085702300071716    0.05292178495521999  2.795685389481558e-07     -15.22120362383232
                    200    -0.9659774303436279    0.05397678311053826  3.027712574749895e-07     -15.12173456790741
                  202.5    -0.8990569114685059    0.05473960378582594   4.67817654052006e-07     -14.67260011683213
                    205    -0.9402884244918823    0.05527515976524634  6.866964047867437e-07     -14.27905027697702
                  207.5    -0.9427839517593384    0.05563680723683773  9.609210981298547e-07     -13.93652888963703
                    210    -0.9238043427467346    0.05587761398251528  1.350307311786415e-06     -13.59201485579537
                  212.5    -0.9254044890403748    0.05600873611567375   1.87400080356656e-06     -13.26192760197728
                    215    -0.9280020594596863    0.05605094356428352  2.581522657526551e-06     -12.94087050933336
                  217.5    -0.9247152805328369    0.05602596809961137  3.526925625734951e-06     -12.62926903199445
                    220    -0.9478273987770081    0.05594469268214988   4.52946132406181e-06     -12.38054430378032
                  222.5    -0.9224886894226074    0.05582792283499963  6.334246467972253e-06      -12.0472658825119
                    225    -0.9393723011016846    0.05567747480945125  8.549123744059571e-06     -11.75010644044694
                  227.5    -0.9143608808517456    0.05549678044058608  1.108263242556963e-05     -11.49380664959862
                    230    -0.9251037240028381    0.05529935663716877  1.539357993911599e-05     -11.16879908538398
                  232.5    -0.9054194688796997    0.05508419563792871  1.923372553226177e-05     -10.94998277447368
                    235    -0.9323389530181885    0.05486193286857673  2.656131788961992e-05     -10.63123523487211
                  237.5     -0.909470796585083    0.05462710628543338  3.456841712962195e-05     -10.37204021806478
                    240     -0.916462242603302    0.05438995942671516  4.678861552568497e-05     -10.07369141242622
                  242.5     -0.915747344493866    0.05414568598639295  6.172894153236859e-05     -9.801079703263612
                    245    -0.9256892204284668    0.05390079889085365  8.073350380507173e-05     -9.537211941707229
                  247.5    -0.9330484867095947     0.0536550992210078  0.0001038981910678926     -9.289522896971615
                    250    -0.9432752132415771     0.0534068738996191  0.0001303059307069171     -9.067686433949833
                  252.5    -0.9315159320831299    0.05315886743605492  0.0001777657991041534     -8.761759017838777
                    255    -0.9510043859481812    0.05291101859594379  0.0002144956044780475     -8.578610040797036
                  257.5    -0.9429484605789185    0.05266537537914367  0.0002914981522459304     -8.276519002292387
                    260    -0.9408431053161621    0.05242128831574089  0.0003793799444264544     -8.017659926020182
                  262.5    -0.9585527181625366     0.0521787879339793  0.0004561818024907964      -7.83794342460966
                    265    -0.9094199538230896    0.05193827933442573  0.0005270381287454008      -7.69818192100119
                  267.5    -0.9270841479301453    0.05169976630803826  0.0007640160220459675     -7.331468873663482
                    270    -0.9417635202407837    0.05146436841288944  0.0009757896341100609     -7.091374178129508
                  272.5    -0.9179986119270325     0.0512313653508611   0.001198942602875422     -6.889963663183545
                    275    -0.8424946069717407    0.05100113645461518  0.0004444905983602368     -7.886734075640065
                  277.5     -0.930151641368866    0.05077353234547874    0.00171580798422632     -6.540496316754981
                    280    -0.9468806982040405    0.05054789275820722   0.002110969928869529     -6.337686834136323
                  282.5    -0.9249874353408813    0.05032532066929399   0.002773656619750923      -6.06908074377583
                    285    -0.9291401505470276    0.05010528472902207   0.003587145641062841     -5.816272329904757
                  287.5    -0.9093068242073059    0.04988771763942781   0.004234674540665663     -5.654674308023681
                    290    -0.9417259097099304    0.04967262116054805   0.005540137355576567      -5.39028242313551
                  292.5    -0.9115126729011536     0.0494596214576017   0.006865482878341508      -5.18009263177691
                    295    -0.9688446521759033    0.04924928661785965   0.006656110881039624      -5.21532537145567
                  297.5    -0.9619054198265076     0.0490410830314535   0.009566957156815182     -4.856782041743616
                    300    -0.9378836154937744    0.04883432095667668    0.01343072303220537     -4.521777406106752
                  302.5    -0.9314976930618286    0.04862949229346687    0.01680526228248816     -4.301833363610142
                    305    -0.9388931393623352     0.0484261354918391    0.02129157531123656     -4.069404489580408
                  307.5    -0.9112104177474976    0.04822486219348885     0.0236867046999129     -3.966967007423748
                    310     -0.946723997592926    0.04802486863343242    0.03164284189297249     -3.681524684478334
                  312.5    -0.9273600578308105    0.04782472725783505    0.04025558983775094     -3.444963931674307
                    315    -0.9196398854255676    0.04762521736168878     0.0489223420199336     -3.254159034620455
                  317.5    -0.9276506304740906    0.04742546851826293     0.0626126858890954     -3.011628313768327
                    320     -0.932587206363678    0.04722478098378999    0.07786924555542284     -2.797805759555136
                  322.5    -0.9169158935546875    0.04702359121180017    0.09319129794697924     -2.622451852121199
                    325    -0.9182979464530945    0.04681996673613327     0.1166645549790385      -2.40214309917088
                  327.5    -0.9289004802703857    0.04661324981813877     0.1460205713362814     -2.182123273317411
                    330    -0.9265042543411255    0.04640221380447314     0.1801787665643521     -1.976458941219962
                  332.5    -0.9480695724487305    0.04618986379489578     0.2018715788382129      -1.86736349370316
                    335    -0.9205584526062012    0.04596932845628347     0.2623017638780112     -1.610285603325614
                  337.5    -0.9355109333992004    0.04574138449536654     0.3232326017464641     -1.406379965995989
                    340    -0.9393731355667114    0.04550397085632168     0.3907920889963406     -1.221780345662749
                  342.5    -0.9204844236373901    0.04525665673637747     0.4711694836124529     -1.040187979611329
                    345    -0.9306139349937439    0.04499504093907479     0.5849133280680705    -0.8297396547917801
                  347.5     -0.918098509311676    0.04472225312160171     0.6886918179710767     -0.672490523718741
                    350    -0.9031926989555359    0.04444484407619827     0.7490027408528865    -0.5947640119365248
                  352.5    -0.9034299254417419    0.04414908736123746     0.9211911357099665    -0.3945158153723127
                    355    -0.9225342869758606    0.04382643005978865      1.186265789310345     -0.148952894718086
                  357.5    -0.9399755001068115    0.04349673578991362      1.310636062152097   -0.05680187829119063
                    360    -0.8968245387077332    0.04316261942845076      1.428614712664672    0.02167973474626238
                  362.5    -0.8998741507530212    0.04280488795701213      1.776609598069937     0.2313587912419918
                    365    -0.9228907227516174    0.04242432336556278      2.224392262520016     0.4472052626453595
                  367.5     -0.943987250328064    0.04205274168067259      2.259347851491585     0.4540004578802241
                    370    -0.9523481726646423    0.04168127559646668      2.452067103469084      0.526983048768482
                  372.5    -0.9336355328559875    0.04129045596415369      3.367665959661027     0.8348509563829341
                    375    -0.9715033769607544    0.04093600622152238      2.553054592506563     0.5493002079236737
                  377.5    -0.9482633471488953    0.04056355462944831      4.084532777473333      1.010077003586721
                    380    -0.8889292478561401    0.04020983869104582      3.204819963904251     0.7587672872641801
                  382.5     -0.937946081161499    0.03987575812677011      5.136218661048045      1.222085375920492
                    385    -0.9188393950462341    0.03956594048234655      5.679093984748231      1.314760032364431
                  387.5    -0.8911356329917908    0.03923599103944921      4.777636627753149      1.133540121958467
                    390    -0.9236482977867126    0.03899406406307433      7.014132272551317      1.511336103676449
                  392.5    -0.9160923957824707    0.03877482528857074      7.572357720519162      1.582275340789011
                    395    -0.9693673849105835    0.03846512369187907      5.276511946170407      1.213016878504311
                  397.5    -0.9465649724006653    0.03826767749088433      8.191436176227635      1.647694512659569
                    400     -0.923029363155365    0.03812768514965977      9.390931502283399      1.780684815163295
                  402.5    -0.9202061295509338    0.03799561630278008      9.954610412985664      1.835506257300646
                    405    -0.9385797381401062    0.03786498655429389      10.46275900175582      1.881848700964135
                  407.5    -0.9827175736427307    0.03756868641361865      5.716221079117695      1.269478494571786
                    410     -0.923839271068573     0.0373713250225949      9.697965449567826      1.792819478503435
                  412.5    -0.8917945027351379    0.03709767696862298      7.266223901161748      1.496790763229383
                    415    -0.9493963122367859    0.03688220923882647      9.519481670823454      1.761069364051735
                  417.5    -0.9221142530441284     0.0367036506006947      10.72262719704838      1.875232084230159
                    420    -0.9124113917350769    0.03650772184047008      10.56462632212991      1.855034739253606
                  422.5    -0.9626275300979614     0.0362601969640788      8.697700540313731      1.653778985059504
                    425    -0.9100291132926941    0.03604145544180122      10.01363795780201      1.788617438381544
                  427.5    -0.9038348793983459    0.03581613017701964      9.783093841977829      1.759053796057997
                    430    -0.9301852583885193    0.03563128864930232      11.52951754621201      1.918134299297969
                  432.5     -0.911480724811554     0.0354311379971927       11.1610697715837       1.88002251072246
                    435     -0.931509792804718    0.03524876235829873      12.03804137457431      1.950501831095702
                  437.5    -0.9143553972244263    0.03505824541316328      11.93163276031407      1.936203584184472
                    440    -0.9585995674133301    0.03483058123909898      9.624819379777415      1.714840549125518
                  442.5    -0.9443448781967163     0.0346285328286997      11.41883463669408      1.879941806393301
                    445    -0.9261304140090942    0.03444333739463244      12.43812462928566      1.960081564884035
                  447.5    -0.9505674839019775    0.03423603566738286      11.08424372362063       1.83880304210521
                    450    -0.9363247156143188    0.03417164312973021      17.47250317332039      2.292024212608282
                  452.5    -0.9307734370231628    0.03409850585325939      17.99119348289954      2.319135616673019
                    455    -0.9299041628837585    0.03401124984368634      18.29562221303972      2.333352818281058
                  457.5    -0.9453330039978027    0.03388386802807628       17.4260178665387      2.280903063575109
                    460     -0.899547815322876    0.03369687571768559      14.46157087895645      2.088899634122092
                  462.5    -0.9386024475097656    0.03357950033193308      18.70655649324086      2.342789511369219
                    465    -0.9070060253143311     0.0334173847510688       16.7952158931864      2.230170006429686
                  467.5    -0.8963741660118103    0.03322735384904967      14.66384630956216      2.088758140232982
                    470    -0.9411685466766357     0.0330923636043574      18.95961017284875      2.341613147800498
                  472.5    -0.8977012038230896    0.03290894352353807      15.53331490841556      2.136731189499773
                    475    -0.9481520652770996    0.03275304548578137      18.09932881592987      2.284870468021077
                  477.5    -0.9031622409820557    0.03258612717570362      17.37549425188396      2.238947150981895
                    480    -0.9366430640220642    0.03245336131252503       20.3682461804016      2.393780813254744
                  482.5    -0.9406986832618713    0.03231145253533151      20.11095760624551      2.376686218843172
                    485    -0.9545649886131287    0.03214046378729715      17.47900124514196      2.231115684755113
                  487.5    -0.8942720293998718    0.03195820089660079      15.31491179133052      2.093255470348912
                    490    -0.9466703534126282    0.03180730662223923      19.73015376098002      2.341843807390234
                  492.5    -0.9672743082046509    0.03162625524694918      14.38982786232323      2.020508859118006
                    495    -0.9512842893600464    0.03147259861362203      19.43873056902566      2.316384441672548
                  497.5    -0.9356257319450378    0.03134243658903974      22.20474636306408      2.445278709747733
                    500    -0.9329454898834229     0.0312122605828045      22.54607674707025      2.456371718399305
