#! FIELDS time cv.node-0 sigma_cv.node-0 height logweight
#! SET action OPES_METAD_kernels
#! SET biasfactor                      16
#! SET epsilon   3.872940653519386e-08
#! SET kernel_cutoff       5.842373946721771
#! SET compression_threshold                       1
                     25     0.5524316430091858      0.118489878375551  1.062430625987055e-07                    -16
                   27.5    -0.1778316497802734     0.1168417424022148  1.077416966466604e-07                    -16
                     30     0.1779961287975311     0.1126338795034903    0.02116812781973524      -3.84840729705396
                   32.5     0.5589901804924011     0.1096430240032043    0.01327297000552612     -4.342087007806213
                     35     0.5927786231040955    0.09289049859322912       1.31325559785019    0.08663939047446259
                   37.5     0.1079663336277008    0.08964921015539701    0.05936853372995737      -3.04537775637245
                     40     0.3823140561580658    0.08384721791725001     0.3346023668404474      -1.38310732628822
                   42.5     0.2481088191270828    0.07856727651141814     0.4397831345374382     -1.174809484162289
                     45     0.3409674465656281    0.07317328648765616      1.590399699034606    0.03952456543645307
                   47.5     0.6158138513565063    0.06854784773093479      2.050227565186406     0.2281915849314824
                     50     0.4257752597332001      0.064704861094166      1.769823889671939    0.02342515787797954
                   52.5     0.2517452239990234    0.06164278633680581      1.380892149001251    -0.2732052300234715
                     55     0.1013316288590431    0.06001494438145935     0.2235944759671963     -2.120618856662851
                   57.5     0.4615005850791931    0.05759255867745603      2.431112931223852     0.2244513007085763
                     60      0.525490939617157    0.05543840036137721      2.974693226297103     0.3881221995118442
                   62.5    -0.3790416717529297    0.05704998631622924  2.566000142167368e-07     -15.84911071082091
                     65    -0.2761379480361938    0.06014085676512693  1.019794606109219e-06     -14.41651111178065
                   67.5    -0.2662420868873596    0.06222405666463852  2.930571211419118e-06      -13.3268627310773
                     70    -0.2930662333965302    0.06392659702213829  5.236486552919699e-06      -12.7194155039883
                   72.5    -0.5422758460044861    0.06646034040138313  2.010424403285528e-07     -15.94043563836295
                     75    -0.4763917028903961    0.06739981179563419  6.470227556354605e-07     -14.75753336441426
                   77.5    -0.2262975424528122    0.06717407306583574  2.238226415290467e-05     -11.21724555391683
                     80    -0.4298990666866302    0.06726663238046118   2.70235030826229e-06     -13.33001558743142
                   82.5    -0.2200679928064346    0.06831268352087683  5.405333901745633e-05     -10.31873500482001
                     85    -0.4086351096630096     0.0682441901706267  8.745064234119561e-06     -12.14122001745721
                   87.5    -0.2163528501987457    0.06756487443119215  0.0001049249836342722     -9.666467883633384
                     90    -0.1412859410047531    0.06673063772730814   0.000991476527788858     -7.432942317932115
                   92.5     0.6098014116287231    0.06630115532468273      2.601583278690828     0.4330363178722479
                     95     0.3512118756771088    0.06511505310394551      2.036009427252865     0.1698562640065446
                   97.5     0.6185210347175598    0.06561643627096518      3.051323826525577     0.5821105374997073
                    100     0.3918929100036621    0.06469364564161074      2.725098873349931     0.4548764773771881
                  102.5     0.3644621968269348    0.06388782942758982      3.181611380015111      0.597225454264908
                    105     0.3628893494606018    0.06297239807654652      3.823379354335411     0.7665399659847663
                  107.5     0.3765608668327332    0.06214834564833471      4.533511768548559     0.9237298450070346
                    110     0.2412613928318024    0.06119953659995152      1.303616331956385    -0.3380094040669418
                  112.5     0.5144259929656982     0.0599634407613315      2.702635136127695     0.3706711113523666
                    115     0.6798526644706726    0.05923432976236482      1.477611600399791    -0.2453629487508972
                  117.5     0.6446934938430786    0.05858807588444351      2.556848898179801     0.2920155759285921
                    120     0.5712504386901855    0.05773621837300809      3.348265782184491     0.5470359949540536
                  122.5     0.4727934598922729    0.05668180693014423      3.369461885532782     0.5349151296341668
                    125     0.5524102449417114    0.05598359967240311      3.829279616554222     0.6504442627659426
                  127.5      0.606751024723053    0.05504033562363734      3.991145889098608     0.6748534534278877
                    130     0.5334917306900024    0.05418515303854948      4.387863123591496      0.753958072408521
                  132.5       0.58586186170578    0.05334306724436905      4.871565647285101     0.8428681764090984
                    135       0.65473473072052    0.05246497424062674      3.443903097736849     0.4794600213391064
                  137.5     0.4699279963970184    0.05162020708222469      3.754592820310732     0.5496018307044798
                    140    -0.6609499454498291    0.05234024171253718  2.574566447421092e-07     -15.93194020365065
                  142.5    -0.7609354257583618    0.05450854553090827  2.495043360878997e-07     -15.92272327259882
                    145    -0.4586387872695923     0.0554054087750389  4.910955107896869e-06     -12.92665610968834
                  147.5    -0.3295111954212189    0.05565145360822726  3.025503436552254e-05     -11.10403098201707
                    150     0.2995966970920563    0.05506596396459387      2.535657726811464     0.2216936551891405
                  152.5     0.7084073424339294    0.05463010118346994       2.03058754180267   -0.00838100271075138
                    155     0.4360606670379639    0.05419970942326462      4.487986006759124     0.7767883796162268
                  157.5    -0.1893555223941803    0.05431633480773441  0.0003246142833802094     -8.755339111855209
                    160    -0.3077916502952576    0.05483211251930219  6.891599455746697e-05     -10.29563746597637
                  162.5     0.4517848789691925     0.0545736424932725      4.717556058414043     0.8335506913307937
                    165    0.08704513311386108    0.05435787554227203    0.07860512438469357     -3.265020096599462
                  167.5   -0.04948699846863747     0.0540743510950323   0.008401855293293091      -5.50623397550885
                    170   -0.06292926520109177     0.0540217480149409   0.008006504076414862     -5.555405569472997
                  172.5     0.8312725424766541    0.05413204707600821    0.06827493460812367     -3.410077409441342
                    175     0.7938225269317627    0.05393165257415742     0.3037691666997378     -1.921060852157549
                  177.5     0.6086774468421936    0.05379738776124616      5.953904202634319      1.051980866335714
                    180      -0.55815589427948    0.05426188750946837  1.604561220454782e-06     -14.06612934655026
                  182.5    -0.1732078194618225    0.05474337396323752  0.0009809171872669231     -7.641657398654059
                    185    -0.2900255918502808    0.05504145436265444  0.0001696298920089685     -9.391096200980343
                  187.5     0.7206528186798096    0.05470392706596655      1.988937172661674   -0.02775530629211085
                    190    -0.0636998787522316     0.0544477113282533    0.01028738437131977     -5.296887354724018
                  192.5     0.3125481903553009    0.05389616545466747      3.232643143522784     0.4430682289178217
                    195    0.06533542275428772    0.05388522886507629    0.07739845715760126     -3.289223256534986
                  197.5     0.6101688742637634    0.05364906640515413      6.650349356908328      1.159842237592505
                    200     0.3520703017711639    0.05317431936189028      4.313067780836837     0.7179337761429521
                  202.5    -0.4596095085144043    0.05336517124936766   7.90560115026849e-06     -12.48807195188601
                    205    -0.4021714627742767    0.05374171420581748  2.583732650897168e-05     -11.29679206477586
                  207.5     0.1143065020442009    0.05368992700973357     0.1381890772693706       -2.7131982194046
                    210     0.2964155673980713      0.053275648141562      3.394441783556722     0.4803274503450398
                  212.5     0.4199118316173553    0.05285478867766264       5.36837318078943     0.9307820159219108
                    215     0.4571130573749542    0.05265977034840796       5.83353857584128      1.010184351193083
                  217.5     0.4612104296684265    0.05231927182379481      6.351655706174718      1.088789091445971
                    220     0.3360299170017242    0.05208870422843133      4.543115572008721     0.7492699239380246
                  222.5      0.344991147518158    0.05166936190320887      5.258456420826289     0.8874113024127647
                    225     0.5253722071647644    0.05126750121044719      5.808682448769124      0.979119600975165
                  227.5    -0.5934666991233826    0.05115596711054322  1.098137323924743e-06     -14.50430722863694
                    230    -0.6422984004020691    0.05223170589402601   7.61798602605091e-07     -14.84918513204301
                  232.5     0.5407174229621887    0.05223146522356831      6.131131761389665      1.051773236997366
                    235      0.519892692565918    0.05201666696283012      6.577131580690758      1.117871688135613
                  237.5      0.765370786190033    0.05198708802291211      0.656905726922917     -1.186510598433328
                    240    -0.2453032433986664    0.05187767697635322  0.0003012266726330497     -8.876050147730433
                  242.5     0.2373540997505188    0.05157185824396222      1.616855306592254    -0.2938319831051453
                    245     0.5317760705947876    0.05121706109450814       7.04974309569324      1.171772658961022
                  247.5     0.6525644063949585    0.05082283133120092      4.239705621554582     0.6555483093143679
                    250     0.4963793754577637    0.05045645501359294      7.243419905019632      1.183912926876843
                  252.5     0.2150868624448776     0.0501819878896906      1.148150324616604    -0.6634828284669914
                    255     0.4615524113178253     0.0498434649783483        7.3482225193908      1.186054626069203
                  257.5     0.4875393509864807    0.04959393995505589      8.254142500478553      1.297292625624421
                    260     0.4805597960948944    0.04938174002536272      8.660861361661141      1.341103684858393
                  262.5     0.3576366901397705    0.04897221036169101      4.799052952141932     0.7423803806503863
                    265     0.1832147389650345    0.04877050278649826     0.6174941123550702     -1.312251284077188
                  267.5      0.661524772644043    0.04842980078845545      3.830047146370386     0.5057012379767576
                    270     0.6129211187362671    0.04808467605999384      5.936116939529461     0.9367275291353371
                  272.5     0.3904001116752625     0.0477218883711973      5.961355486175298     0.9333968362220397
                    275     0.6003192067146301    0.04739996589362454      6.599096671558909      1.028263062963863
                  277.5     0.5813464522361755    0.04706710711303935      7.462629928334515      1.144191065759651
                    280    -0.6135374307632446    0.04708954594589967  1.049323356341606e-06     -14.63260522002136
                  282.5    -0.2967362105846405    0.04766362878634547  0.0001471415647725758     -9.677238019040235
                    285    -0.5738905668258667     0.0479748517662888  1.713799301701656e-06     -14.12341210400284
                  287.5     0.4396801888942719    0.04773770229421245      7.561270750544369      1.171469537029848
                    290     0.3109399378299713     0.0474364693891359       3.76602854196556     0.4681211204106299
                  292.5     0.1226827800273895    0.04727178464577082     0.1585382644182437     -2.703136918432889
                    295     0.2773553431034088    0.04695225745175888      2.897268219328907     0.1956083683283735
                  297.5    -0.4638592302799225    0.04708546477333864  9.092591903641064e-06     -12.47337742056123
                    300      0.520962655544281    0.04693877170034284      8.411581367661304      1.261162295240706
                  302.5     0.4024113416671753    0.04667073298677804       6.51845804497199      1.000463899462463
                    305     0.5174964070320129    0.04640909875667278      8.741530993513955      1.288289661198934
                  307.5      0.294284850358963    0.04618679438705675      3.500931756636716     0.3684318527863042
                    310      0.554926872253418    0.04592028200420958      8.282639201267566      1.223777337009993
                  312.5     0.6764706373214722    0.04565786695703004      3.414674602381711     0.3319669099830231
                    315     0.4238970577716827    0.04544083390821087      7.184140173777536      1.070995750934747
                  317.5     0.5443342924118042    0.04520918048344478      8.726001903976549      1.260316249239936
                    320      0.597906231880188    0.04498506917967392      7.214710097352032      1.065161431665374
                  322.5     0.4888283312320709    0.04475529952693463      9.245062108223507      1.308008227829875
                    325      0.131974071264267    0.04463247799927036      0.168939229143391     -2.697045637233328
                  327.5    -0.3694762885570526    0.04463682280259534  3.870321355657183e-05     -11.07831999988797
                    330    -0.3915322124958038    0.04509712032517331  3.079137327762082e-05     -11.29674881993137
                  332.5    -0.1846279203891754    0.04511210431574966  0.0005445842142600205      -8.42362858311718
                    335      0.483519583940506    0.04492788762808662      9.451470668591243      1.333937845035214
                  337.5     0.4000869393348694    0.04466385580009903       6.47663978923775     0.9500751863680326
                    340    -0.5876716375350952    0.04464866889982037  1.416415452457586e-06     -14.38584793000608
                  342.5    -0.3188565671443939    0.04510103642670307  0.0001003575999160998     -10.11515674252953
                    345   -0.09777018427848816    0.04523187258400349   0.002620867285895268     -6.849739224744027
                  347.5    -0.5135644674301147    0.04533751477093662  4.241913517397632e-06     -13.27365247675728
                    350    -0.1019326522946358    0.04541894615873734   0.002904675461404733     -6.742795495809375
                  352.5    0.09821876138448715    0.04534036531690227     0.1061977024511117     -3.145546320168146
                    355    -0.5563956499099731     0.0452721843420229  2.556141981893355e-06     -13.78160988072368
                  357.5     -0.269372820854187    0.04536764129260425  0.0002197618570690781     -9.325458179620261
                    360    -0.4158258736133575    0.04529251599415744  2.748132722499946e-05     -11.40615320283774
                  362.5    -0.3004893660545349    0.04529160774607085  0.0001759948835646091     -9.549225096059224
                    365     -0.389944314956665    0.04522767288120258  4.942522523653446e-05      -10.8206317183071
                  367.5     0.1903446912765503    0.04519028657937534     0.6408733246100445     -1.351332515959206
                    370   0.007866757921874523    0.04507958892869035    0.02519926811146585      -4.58980197557189
                  372.5     0.4352734684944153    0.04515151978264029      9.129387046751619      1.304231278310312
                    375     0.3441345393657684     0.0451942574516977      5.296777041694588     0.7607773435719296
                  377.5     0.6482293605804443    0.04517975154225933      5.097911571891133     0.7221887539825387
                    380     0.4168335795402527    0.04512335826312674      8.600506694645468       1.24392993560392
                  382.5     0.2995859682559967    0.04488792311843534      3.815187793759204     0.4258674564181672
                    385    -0.4514186978340149    0.04505250140548218  2.240292030321137e-05      -11.6157819472275
                  387.5    -0.6251490116119385    0.04504247581573536  1.503716012404299e-06      -14.3172564381314
                    390    -0.4351872205734253    0.04502130426018543  3.329794668555717e-05     -11.22017023614323
                  392.5    -0.1473615169525146    0.04491296120179673   0.001573647707626476     -7.366923770473189
                    395    -0.3767592310905457    0.04497539176957931  7.069067110398883e-05     -10.46837267149055
                  397.5       0.17548868060112    0.04485900479934498     0.5013225437544836     -1.604272458793844
                    400     0.2795065641403198    0.04465578657216224      3.265164646737819     0.2650028687414355
                  402.5    0.07237246632575989    0.04454974632933779    0.08842777087928477     -3.346253966533729
                    405      0.208580419421196    0.04440619077740067      1.129840624205986    -0.8018357440192979
                  407.5      0.252271980047226    0.04421850500767619      2.494884715721167   -0.01390532910062913
                    410   -0.03468967229127884    0.04411256094152299     0.0113791519695425     -5.406519019842836
                  412.5     0.1064031720161438    0.04398881331104854     0.1643116319407351     -2.739346318733919
                    415     0.1741840541362762    0.04386603213932384     0.6712621231687131     -1.334746525438768
                  417.5     0.1491920799016953    0.04372780102735595     0.4420295854473459     -1.755685602714797
                    420   0.007514341734349728    0.04360539540512001    0.03149702426929557     -4.399972532644208
                  422.5    0.09222486615180969    0.04349071251292422     0.1812374536301297     -2.652691017057793
                    425    0.06994383782148361    0.04337279394049803     0.1380573962191206     -2.927544606762578
                  427.5    -0.3158736526966095     0.0432975010805126  0.0001664796995082683     -9.649833477188491
                    430    -0.7278968691825867    0.04326168014085829   4.31677127099149e-07     -15.60561187904671
                  432.5   0.007996931672096252    0.04337718764149175    0.04421924499477006     -4.065952722917867
                    435    0.05028378963470459    0.04342931986150927      0.110922374414653     -3.145081083969558
                  437.5     0.2972376346588135    0.04337764983708984      4.356525865230927     0.5243280296634847
                    440     0.3576672375202179     0.0432339363456167      6.561977238657892     0.9306264983734709
                  442.5     0.1416551321744919     0.0431314836087184     0.4232434760745077      -1.81284568128124
                    445     0.5436713695526123    0.04299986096217744      9.588663527619511      1.304487182480966
                  447.5     0.5047028660774231    0.04294897577110796      10.84129032788473      1.426083606092903
                    450     0.5442332029342651    0.04284551096144575      10.26324006248005      1.368878245403131
                  452.5     0.5123851895332336    0.04282521831045699      11.45984196776256      1.478684845311499
                    455     0.6972453594207764    0.04274322865139099      2.480267029285291   -0.05371420171555756
                  457.5     0.5325101613998413    0.04262887390039492      11.43716411313618       1.47210865986808
                    460     0.5595801472663879     0.0424471299564548       10.4802221419676      1.380457958002462
                  462.5    -0.0844930112361908    0.04237681140012066   0.005342988014804503     -6.202660135387567
                    465   -0.09306767582893372    0.04264009311221943   0.004983457691106813     -6.266127567762724
                  467.5    0.07568139582872391    0.04268554182924056     0.1666458013163753     -2.755315623029379
                    470    -0.3802872896194458    0.04260058806109862  7.782821979391069e-05     -10.42642963074241
                  472.5     0.2264753878116608     0.0424692583239213        1.7472070696566    -0.4104921844308907
                    475     0.1423257291316986     0.0423581940029421     0.4386208786340128     -1.795249173806339
                  477.5   -0.03195641189813614     0.0422604749054992     0.0185458976654258     -4.960945632578611
                    480    0.04413171112537384    0.04216651182526067     0.1137076092909052     -3.149789826730703
                  482.5    -0.1342833340167999    0.04206673070833094   0.002768136262035548     -6.867615048914075
                    485     0.2168304622173309    0.04192879322210114      1.611381258298626    -0.5042267023205264
                  487.5    0.07168987393379211    0.04182502936886956     0.1883954282641877     -2.653008452103356
                    490     0.2267984449863434    0.04167181187032808      1.981562764398873    -0.3035804836724822
                  492.5     0.1707543581724167    0.04155257191666657     0.8627345155971468      -1.13798006410244
                    495   -0.01077812165021896    0.04145627055885066    0.04073273142417001     -4.193375365546843
                  497.5    0.06059927493333817     0.0413547887571185     0.1787073879976067     -2.717108507470792
                    500     0.3321182131767273    0.04115863315556031      5.458553237282716     0.6973262642131995
