-5.412411704466594253e-01 1.459000639874860283e+00 1.828741126956145990e-02
-5.545983099163290797e-01 1.445469560547359755e+00 9.118145840605329511e-04
-5.679646459425828908e-01 1.431947642826147504e+00 5.911942765065347771e-03
-5.814849721735155796e-01 1.418579670636845425e+00 3.287468328153231312e-02
-5.950735180645922995e-01 1.405281632755611465e+00 8.137845294358569959e-02
-6.083538625697214597e-01 1.391675266824799362e+00 1.508797075486199013e-01
-6.215804202822493574e-01 1.378017690923586613e+00 2.409624654471720362e-01
-6.351562227424222273e-01 1.364706181450844991e+00 3.510726466229030507e-01
-6.487888262188656885e-01 1.351453830460370265e+00 4.806927220800623068e-01
-6.621357937983920472e-01 1.337912768283235687e+00 6.291790217819812625e-01
-6.754432972612246511e-01 1.324332936964669916e+00 7.959528656334144969e-01
-6.888345377508575673e-01 1.310835754370382356e+00 9.803936934657953017e-01
-7.022967771790974423e-01 1.297409273973521682e+00 1.181821288349715893e+00
-7.156797093318166825e-01 1.283904030033399923e+00 1.399520540898460119e+00
-7.289536262824347634e-01 1.270291304517058739e+00 1.632759154081041775e+00
-7.422448620118737850e-01 1.256695487979368808e+00 1.880813268154096107e+00
-7.555560251956036089e-01 1.243119188325821689e+00 2.142897386311878094e+00
-7.688457190480215697e-01 1.229522119287181248e+00 2.418200436545649090e+00
-7.820480050359756019e-01 1.215839907639172823e+00 2.705898308579492983e+00
-7.952474584152503523e-01 1.202154968787620071e+00 3.005148020344544424e+00
-8.084068515355475881e-01 1.188431595028946131e+00 3.315076197679647674e+00
-8.215221096140424839e-01 1.174665945747864315e+00 3.634798124239942752e+00
-8.346073469728353400e-01 1.160871980640470147e+00 3.963404261180364596e+00
-8.475535914995353526e-01 1.146947693239338317e+00 4.299988459255345674e+00
-8.603229325506448477e-01 1.132861087048345539e+00 4.643646582533359712e+00
-8.730366247933568635e-01 1.118724101867120124e+00 4.993475240534833048e+00
-8.857554935194358325e-01 1.104592301067343074e+00 5.348490826504180617e+00
-8.981502960270429936e-01 1.090177367575495770e+00 5.707852420773070534e+00
-9.101199534506213551e-01 1.075406700853255959e+00 6.070814292211740515e+00
-9.217105726853525027e-01 1.060336556648364237e+00 6.436744909183888197e+00
-9.328611256042065314e-01 1.044939789374530692e+00 6.805132802430970962e+00
-9.433539291439818619e-01 1.029091328176463538e+00 7.175799820076335322e+00
-9.529694453140012955e-01 1.012697764221986318e+00 7.549199886884026434e+00
-9.614863368844105418e-01 9.957134948845045574e-01 7.926454655866669086e+00
-9.685124096259667414e-01 9.780700797359511700e-01 8.309827509246861865e+00
-9.739553900861638303e-01 9.598658515065434660e-01 8.703025937068966655e+00
-9.777268596745082307e-01 9.412588514006647866e-01 9.109246034084645061e+00
-9.793468302350314403e-01 9.223458144947883630e-01 9.532985472963487084e+00
-9.790807250949034035e-01 9.033495908234708827e-01 9.977670563933882519e+00
-9.770163126154660649e-01 8.844752045631637527e-01 1.044345846970194103e+01
-9.730788635069730352e-01 8.658933629883183158e-01 1.092934446783304558e+01
-9.676585576743415018e-01 8.476813047560511905e-01 1.143100840018239950e+01
-9.610850750615099747e-01 8.298491312237009643e-01 1.194149839040775340e+01
-9.535824952944594868e-01 8.123847599173076306e-01 1.245220265079650801e+01
-9.452693404821486123e-01 7.952909253918311050e-01 1.295368523201210920e+01
-9.361667250904828208e-01 7.786045705093851410e-01 1.343655773838343670e+01
-9.264643732697722678e-01 7.622551413869887993e-01 1.389190754882780965e+01
-9.163225353000067352e-01 7.461751952181620018e-01 1.431141973839526571e+01
-9.056560317000619253e-01 7.304401960152202555e-01 1.468840777254586172e+01
-8.944137165640975162e-01 7.151099793777900837e-01 1.501786365197956385e+01
-8.826996729988111356e-01 7.001355602343913853e-01 1.529620752109894433e+01
-8.705790499969671137e-01 6.854895073005352613e-01 1.552148030216208596e+01
-8.579372342297875154e-01 6.712911428370206268e-01 1.569354006136113355e+01
-8.447325344052737384e-01 6.576124820641773283e-01 1.581362414713029452e+01
-8.311472334333561696e-01 6.443107150197088240e-01 1.588394742547930960e+01
-8.173543560452662948e-01 6.312241513727899767e-01 1.590770796735870896e+01
-8.033431609746919388e-01 6.183715370286300139e-01 1.588913046021050235e+01
-7.884059202015362144e-01 6.066106433709609336e-01 1.583343349366292685e+01
-7.729110325431354234e-01 5.955944577473696322e-01 1.574502634848409777e+01
-7.569526848734455804e-01 5.852614118549661626e-01 1.562850188668946849e+01
-7.406952076642412397e-01 5.754041805303663493e-01 1.548814973441642628e+01
-7.241796733413361498e-01 5.659857798637611959e-01 1.532817650138364840e+01
-7.073159690096394447e-01 5.572090723384518496e-01 1.515254384730953241e+01
-6.899788582454484676e-01 5.494169909584772915e-01 1.496468941077006676e+01
-6.722699340378813782e-01 5.425057233227966735e-01 1.476721728264402955e+01
-6.543373242715434523e-01 5.361913608143200616e-01 1.456226792654823576e+01
-6.362974941374879290e-01 5.301867089221191653e-01 1.435177516311116364e+01
-6.180783152407043346e-01 5.247572100039400445e-01 1.413772908524503791e+01
-5.997036492776464112e-01 5.198761321162658211e-01 1.392152437615897576e+01
-5.812127701707108240e-01 5.154541943065233944e-01 1.370437062908633408e+01
-5.625819287324927975e-01 5.116722021160596823e-01 1.348734729578441360e+01
-5.438568444255628132e-01 5.083795710301280968e-01 1.327126392510748687e+01
-5.250746891104132175e-01 5.054272922009307445e-01 1.305693317450873892e+01
-5.062520881522772909e-01 5.027437731014835487e-01 1.284512845379816248e+01
-4.873983574103251670e-01 5.002878503305318025e-01 1.263657094518703516e+01
-4.685106194666362467e-01 4.981103875422984717e-01 1.243191287672861556e+01
-4.495845446148693525e-01 4.962989542228367634e-01 1.223173523374886074e+01
-4.306326523102563808e-01 4.947766274223242555e-01 1.203660680402538219e+01
-4.116728159144166233e-01 4.933527559341978064e-01 1.184709590521171130e+01
-3.927137273223206826e-01 4.919188363898367999e-01 1.166375835153795926e+01
-3.737461628735251895e-01 4.906031817636894443e-01 1.148709367994361052e+01
-3.547717079873246027e-01 4.893898717050653713e-01 1.131758115403981435e+01
-3.358001050160548395e-01 4.881326069844825755e-01 1.115570349801271810e+01
-3.168276442963557926e-01 4.868880736368313977e-01 1.100189117983825682e+01
-2.978520435591948123e-01 4.856924663450797874e-01 1.085654922809168710e+01
-2.788781312847363192e-01 4.844702985783507776e-01 1.072008746516842592e+01
-2.599073771268094468e-01 4.832000774001318777e-01 1.059288530080290336e+01
-2.409378904591602533e-01 4.819109551298567662e-01 1.047528625787866829e+01
-2.219696556350372607e-01 4.806035496907867244e-01 1.036762002838211494e+01
-2.030058045100136821e-01 4.792341950584607657e-01 1.027021024638381874e+01
-1.840477066540384399e-01 4.777874068185327117e-01 1.018335091025534211e+01
-1.650942231472422306e-01 4.762812683825460858e-01 1.010730171355360874e+01
-1.461450173563064447e-01 4.747222119440871468e-01 1.004230318150981560e+01
-1.272088718831730358e-01 4.730123035987279234e-01 9.988612075580604710e+00
-1.082805137415209645e-01 4.712178245648145358e-01 9.946396112240067922e+00
-8.935589265956120353e-02 4.693842680627434150e-01 9.915804020163410115e+00
-7.045785047189964678e-02 4.672952123037411032e-01 9.897058781555250206e+00
-5.161275881312975961e-02 4.647734020674764710e-01 9.890346711675254809e+00
-3.280969176156476458e-02 4.619545147939773666e-01 9.895703086510371449e+00
-1.416075806653552434e-02 4.582514879682240139e-01 9.913563499415612768e+00
-1.693676877386924087e-02 4.587761304853522626e-01 9.910163426835328693e+00
-8.761522721956909940e-03 4.572439165636570380e-01 9.920919359649747804e+00
-5.851671121163652808e-04 4.557176531977918943e-01 9.933948776470284514e+00
7.583450329689491246e-03 4.541505619891608170e-01 9.949276030150464578e+00
1.573847616114081721e-02 4.525143791298705254e-01 9.966913728480285783e+00
2.387067420221121103e-02 4.507687130521741969e-01 9.986885102974111916e+00
3.196392154877939623e-02 4.488516805097624296e-01 1.000923319803727729e+01
3.999888250182863370e-02 4.467023064224024953e-01 1.003400664125549291e+01
4.800230270031796004e-02 4.444379974185848070e-01 1.006109308678882286e+01
5.598683936013953283e-02 4.421081358515080439e-01 1.009041715696097619e+01
6.394180325818116239e-02 4.396795439892901003e-01 1.012197209329223213e+01
7.185248824508606857e-02 4.371108713175783089e-01 1.015575879695335360e+01
7.969215124435578834e-02 4.343355657893226973e-01 1.019179903418146615e+01
8.740153232269350092e-02 4.312189669913059631e-01 1.023018078851186630e+01
9.492296479639825146e-02 4.276756460931824821e-01 1.027092751394778247e+01
1.021882838553989925e-01 4.236352203635215252e-01 1.031403549960220367e+01
1.091590863060846739e-01 4.191035564933244251e-01 1.035943912735643480e+01
1.158785259133326695e-01 4.142036924066911374e-01 1.040697874985270843e+01
1.224386880234972080e-01 4.090908495757022978e-01 1.045640578958033373e+01
1.288961135987020945e-01 4.038490302057042292e-01 1.050740409576363632e+01
1.352315190799864841e-01 3.984605999424742362e-01 1.055966304041428572e+01
1.414221916556561709e-01 3.929067742851002354e-01 1.061283933717729511e+01
1.474419685640967481e-01 3.871684981362735201e-01 1.066654949593477753e+01
1.532608626811003405e-01 3.812270193189072898e-01 1.072036265668619137e+01
1.588435283039390522e-01 3.750635696521171236e-01 1.077379523473494771e+01
1.641601084747079664e-01 3.686692509271424223e-01 1.082630693475992345e+01
1.692622529552078037e-01 3.621007291248794502e-01 1.087730455614050840e+01
1.742773350533204091e-01 3.554651492657681655e-01 1.092615186608266598e+01
1.792570298384485450e-01 3.488029947213613369e-01 1.097220882749229887e+01
1.841873467062309366e-01 3.421042590463374555e-01 1.101484813201154367e+01
1.890552459176640665e-01 3.353600133191941834e-01 1.105345419469050228e+01
1.938634586769199253e-01 3.285730674905034121e-01 1.108742318072599886e+01
1.986060620589326919e-01 3.217402441269258118e-01 1.111617097074300453e+01
2.032160622594287869e-01 3.148178473680741662e-01 1.113912795646072951e+01
2.075619636044717387e-01 3.077259178365233661e-01 1.115571956704377143e+01
2.118973178552437941e-01 3.006275354746561490e-01 1.116549846353863984e+01
2.162233365497729654e-01 2.935234600604935684e-01 1.116802093395219408e+01
2.205233922327973217e-01 2.864036454983204805e-01 1.116289136122037107e+01
2.247891576064831864e-01 2.792632446302386051e-01 1.114977240720358864e+01
2.290401066298954069e-01 2.721139978053980779e-01 1.112839854292277053e+01
2.332841379867985898e-01 2.649606408185095074e-01 1.109856642840303742e+01
2.375532196442170785e-01 2.578222420975504470e-01 1.106015396479199353e+01
2.418583615749612115e-01 2.507055278782508445e-01 1.101310212563652868e+01
2.461918066309832787e-01 2.436059946800459008e-01 1.095741113702398550e+01
2.505433016106696220e-01 2.365174997471099771e-01 1.089314614193020603e+01
2.549038027589423661e-01 2.294345375858819203e-01 1.082043963770951933e+01
2.592677837678279418e-01 2.223537187139581761e-01 1.073949446930368268e+01
2.636343153959180841e-01 2.152744723477704458e-01 1.065058560594031078e+01
2.680098484645973000e-01 2.082008148484982002e-01 1.055406176799087348e+01
2.724341921248424891e-01 2.011576266765636445e-01 1.045035988932500004e+01
2.769455111830218530e-01 1.941698162622675916e-01 1.033997293473355583e+01
2.815623275612016418e-01 1.872511986807933460e-01 1.022343159222789843e+01
2.862711808006848102e-01 1.803948855458815670e-01 1.010127915280244260e+01
2.910427420332886150e-01 1.735820821912358869e-01 9.974074631583331296e+00
2.958678396069385763e-01 1.668070987875729660e-01 9.842435454022890440e+00
3.007390015827771657e-01 1.600651612845202243e-01 9.707015770756342476e+00
3.056774002605585627e-01 1.533723796283733842e-01 9.568524785881965755e+00
3.107931195936994850e-01 1.468149267053691087e-01 9.427762140283348913e+00
3.160776583918228910e-01 1.403923859599552626e-01 9.285373380152405431e+00
3.215133141209365331e-01 1.340971926945692672e-01 9.141992312978164392e+00
3.270856691161186935e-01 1.279225914653225882e-01 8.998229381045906194e+00
3.327813638937723861e-01 1.218615159241421830e-01 8.854674646162100871e+00
3.385883519213723214e-01 1.159069267858908042e-01 8.711897977292636597e+00
3.444954937642154547e-01 1.100516294586852406e-01 8.570450358013625092e+00
3.505019766064474962e-01 1.042983167016533763e-01 8.430872944549397729e+00
3.567140948322727878e-01 9.876949693671313590e-02 8.293747016784930537e+00
3.631262234116084953e-01 9.347290136385874582e-02 8.159377825194473743e+00
3.697162637457866441e-01 8.839923717760379829e-02 8.028033009903481343e+00
3.764658965896783283e-01 8.353960999865146786e-02 7.899923550007879491e+00
3.833887424005940625e-01 7.893030935707588680e-02 7.775248311411528945e+00
3.905153881603551369e-01 7.464322140079457379e-02 7.654147654110123433e+00
3.978177889966749703e-01 7.066213557902797926e-02 7.536615865955351268e+00
4.052685593765106287e-01 6.696569478966749034e-02 7.422633847989318134e+00
4.128321927538439184e-01 6.350562271523134406e-02 7.312156588629918907e+00
4.204724907698412228e-01 6.021827560352849967e-02 7.205159995503049863e+00
4.282231032261291648e-01 5.720076910925775415e-02 7.101719887074798621e+00
4.360948828659773069e-01 5.451576692187043438e-02 7.001828483948322912e+00
4.440704419431867334e-01 5.215672720371047899e-02 6.905439014479986426e+00
4.521209416653647617e-01 5.006735941954018609e-02 6.812501231680601066e+00
4.602253424258506698e-01 4.819753445430923627e-02 6.723001759964537527e+00
4.683710148137791296e-01 4.651734356906517959e-02 6.636971519644803585e+00
4.765603111676311454e-01 4.506660912844531741e-02 6.554521236497520498e+00
4.847908589063112395e-01 4.386909391089063165e-02 6.475764758567143176e+00
4.930400140980857882e-01 4.280431431056013619e-02 6.400675175812406081e+00
5.012900999816038983e-01 4.174676870532622458e-02 6.329216156851629194e+00
5.095409594124087338e-01 4.069527406358019322e-02 6.261511702300760263e+00
5.177924494442919245e-01 3.964873858337796680e-02 6.197687224811626372e+00
5.260444305233552553e-01 3.860608115512990240e-02 6.137869513498309892e+00
5.342964177377662605e-01 3.756347273912253454e-02 6.082184392833348774e+00
5.425480179031798578e-01 3.651780448525141637e-02 6.030760950169760548e+00
5.507994127400714923e-01 3.547051672805007910e-02 5.983733939192292794e+00
5.590549831338534892e-01 3.445708018694310093e-02 5.941257002805469867e+00
5.673330583268390015e-01 3.366111649002921646e-02 5.903556891289420960e+00
5.756312126493654535e-01 3.309907806752317855e-02 5.870759761620682582e+00
5.839373586309496433e-01 3.266510614701161053e-02 5.842942187533728848e+00
5.922371853312112799e-01 3.212697785210590073e-02 5.820042325491025181e+00
6.005183230085717749e-01 3.135496083446784321e-02 5.802083113272123782e+00
6.087871231595655130e-01 3.045599132025673603e-02 5.789318258639183590e+00
6.170749505828670989e-01 2.975661233844058631e-02 5.782096079366560559e+00
6.253842526645635447e-01 2.939239817489433873e-02 5.780611107210807731e+00