#! FIELDS time p.x p.y cv.node-0 opes.bias opes.rct opes.zed opes.neff opes.nker
 0.000000 0.213335 0.543154 -0.670631 -16 -16 1 1 0
 0.500000 -0.0891067 0.46045 -0.507386 -16 -16 1 1 0
 1.000000 0.0465065 0.549261 -0.546435 -16 -16 1 1 0
 1.500000 0.241595 0.512035 -0.711247 -16 -16 1 1 0
 2.000000 0.111128 0.502918 -0.623896 -16 -16 1 1 0
 2.500000 0.152605 0.563018 -0.613973 -16 -16 1 1 0
 3.000000 0.160186 0.486879 -0.669712 -16 -16 1 1 0
 3.500000 -0.0558233 0.509376 -0.498693 -16 -16 1 1 0
 4.000000 0.0269884 0.478924 -0.579233 -16 -16 1 1 0
 4.500000 0.170082 0.5552 -0.631695 -16 -16 1 1 0
 5.000000 0.235945 0.488347 -0.722794 -16 -16 1 1 0
 5.500000 0.207939 0.45879 -0.72235 -16 -16 1 1 0
 6.000000 0.10155 0.484022 -0.629564 -16 -16 1 1 0
 6.500000 0.0858893 0.496382 -0.610078 -16 -16 1 1 0
 7.000000 -0.289057 0.510984 -0.325767 -16 -16 1 1 0
 7.500000 -0.0233527 0.490716 -0.534857 -16 -16 1 1 0
 8.000000 0.0993763 0.517349 -0.605858 -16 -16 1 1 0
 8.500000 0.295029 0.431871 -0.801781 -16 -16 1 1 0
 9.000000 0.243117 0.586361 -0.663633 -16 -16 1 1 0
 9.500000 0.183077 0.520287 -0.664025 -16 -16 1 1 0
 10.000000 0.154876 0.564945 -0.614338 -16 -16 1 1 0
 10.500000 -0.0424319 0.413226 -0.57317 -16 -16 1 1 0
 11.000000 0.0337409 0.448898 -0.604203 -16 -16 1 1 0
 11.500000 -0.0708782 0.578598 -0.441227 -16 -16 1 1 0
 12.000000 0.173508 0.390444 -0.743158 -16 -16 1 1 0
 12.500000 0.179042 0.48634 -0.683549 -16 -16 1 1 0
 13.000000 0.338565 0.528585 -0.769315 -16 -16 1 1 0
 13.500000 0.0854496 0.616544 -0.530081 -16 -16 1 1 0
 14.000000 0.263747 0.541264 -0.707872 -16 -16 1 1 0
 14.500000 -0.019477 0.481321 -0.543977 -16 -16 1 1 0
 15.000000 0.216138 0.460131 -0.727296 -16 -16 1 1 0
 15.500000 0.0520063 0.458469 -0.610959 -16 -16 1 1 0
 16.000000 0.0722355 0.48442 -0.608209 -16 -16 1 1 0
 16.500000 -0.000764456 0.412679 -0.603637 -16 -16 1 1 0
 17.000000 0.0893687 0.538874 -0.584353 -16 -16 1 1 0
 17.500000 0.159773 0.556244 -0.623597 -16 -16 1 1 0
 18.000000 0.205683 0.516299 -0.682822 -16 -16 1 1 0
 18.500000 -0.00443902 0.524759 -0.525793 -16 -16 1 1 0
 19.000000 -0.140814 0.561874 -0.401038 -16 -16 1 1 0
 19.500000 0.258202 0.485614 -0.740411 -16 -16 1 1 0
 20.000000 -0.00196316 0.398801 -0.612112 -16 -16 1 1 0
 20.500000 -0.0703276 0.418156 -0.549624 -16 -16 1 1 0
 21.000000 0.169712 0.48598 -0.677119 -16 -16 1 1 0
 21.500000 0.0662023 0.458907 -0.620885 -16 -16 1 1 0
 22.000000 -0.0885535 0.47437 -0.498391 -16 -16 1 1 0
 22.500000 0.00842701 0.486588 -0.560675 -16 -16 1 1 0
 23.000000 0.0729745 0.462532 -0.623336 -16 -16 1 1 0
 23.500000 -0.10125 0.457969 -0.500206 -16 -16 1 1 0
 24.000000 0.268071 0.506769 -0.733543 -16 -16 1 1 0
 24.500000 -0.109654 0.456241 -0.495241 -16 -16 1 1 0
 25.000000 0.358898 0.54193 -0.77504 -16 -16 0.472044 1 1
 25.500000 -0.48994 0.460993 -0.209535 -14.7272 -16 0.472044 1 1
 26.000000 -0.186032 0.524059 -0.39324 -6.71303 -16 0.472044 1 1
 26.500000 -0.49573 0.612297 -0.100975 -16 -16 0.472044 1 1
 27.000000 -0.486724 0.550669 -0.150104 -16 -16 0.472044 1 1
 27.500000 -0.409067 0.56927 -0.196018 -15.4396 -15.7765 0.346313 1 2
 28.000000 0.0377597 0.528827 -0.553703 -2.52217 -15.7765 0.346313 1 2
 28.500000 -0.0580075 0.50312 -0.501305 -3.24636 -15.7765 0.346313 1 2
 29.000000 -0.113732 0.423065 -0.514735 -3.15152 -15.7765 0.346313 1 2
 29.500000 0.00542795 0.551657 -0.514998 -3.14869 -15.7765 0.346313 1 2
 30.000000 -0.0928333 0.488561 -0.485691 -3.21351 -4.59979 0.339221 1.0803 3
 30.500000 0.646785 0.405752 -1.06407 -14.6281 -4.59979 0.339221 1.0803 3
 31.000000 0.943477 -0.00197396 -1.52753 -16 -4.59979 0.339221 1.0803 3
 31.500000 1.00953 -0.0174531 -1.58161 -16 -4.59979 0.339221 1.0803 3
 32.000000 0.926091 -0.0553959 -1.55048 -16 -4.59979 0.339221 1.0803 3
 32.500000 0.950615 0.046213 -1.50125 -16 -4.82293 0.254415 1.0803 4
 33.000000 0.961729 0.100741 -1.47368 -10.8532 -4.82293 0.254415 1.0803 4
 33.500000 0.953764 0.0803209 -1.48144 -10.8386 -4.82293 0.254415 1.0803 4
 34.000000 0.960778 -0.0416352 -1.5647 -10.9825 -4.82293 0.254415 1.0803 4
 34.500000 0.993386 -0.00272459 -1.56135 -10.9661 -4.82293 0.254415 1.0803 4
 35.000000 0.976864 0.0051104 -1.54527 -10.8998 -5.0048 0.25439 1.08034 4
 35.500000 0.965035 0.0137391 -1.53181 -6.13707 -5.0048 0.25439 1.08034 4
 36.000000 0.952721 0.0758852 -1.48359 -6.25462 -5.0048 0.25439 1.08034 4
 36.500000 0.932559 0.0254559 -1.50253 -6.1903 -5.0048 0.25439 1.08034 4
 37.000000 0.92854 0.0792541 -1.4652 -6.33948 -5.0048 0.25439 1.08034 4
 37.500000 0.91358 0.0631686 -1.46551 -6.33785 -5.11594 0.251621 1.08401 4
 38.000000 0.91325 0.0536072 -1.47145 -1.93084 -5.11594 0.251621 1.08401 4
 38.500000 0.923457 0.124902 -1.43247 -1.9638 -5.11594 0.251621 1.08401 4
 39.000000 0.990984 0.0841399 -1.50395 -1.97146 -5.11594 0.251621 1.08401 4
 39.500000 0.916333 0.0157474 -1.49794 -1.95928 -5.11594 0.251621 1.08401 4
 40.000000 0.969099 0.0209048 -1.52991 -2.04839 -3.84586 0.205917 1.34654 4
 40.500000 0.97469 0.0528146 -1.51313 0.970069 -3.84586 0.205917 1.34654 4
 41.000000 0.924442 -0.00654923 -1.51776 0.973861 -3.84586 0.205917 1.34654 4
 41.500000 0.939744 -0.0574904 -1.56094 0.947138 -3.84586 0.205917 1.34654 4
 42.000000 0.941717 0.0188548 -1.51292 0.969866 -3.84586 0.205917 1.34654 4
 42.500000 0.970913 0.0122443 -1.5367 0.975931 -1.15886 0.200015 1.81481 4
 43.000000 0.928211 0.00567651 -1.51239 1.26368 -1.15886 0.200015 1.81481 4
 43.500000 0.971328 0.0644404 -1.50341 1.24691 -1.15886 0.200015 1.81481 4
 44.000000 0.968134 -0.0716727 -1.58903 1.1915 -1.15886 0.200015 1.81481 4
 44.500000 0.936373 0.102349 -1.45562 1.06874 -1.15886 0.200015 1.81481 4
 45.000000 0.974642 -0.00271917 -1.54883 1.27741 -0.444426 0.207669 2.6249 4
 45.500000 0.916761 0.0167366 -1.49759 1.21749 -0.444426 0.207669 2.6249 4
 46.000000 0.92663 -0.0126932 -1.5232 1.27769 -0.444426 0.207669 2.6249 4
 46.500000 0.945091 -0.0240742 -1.54288 1.2924 -0.444426 0.207669 2.6249 4
 47.000000 0.93707 0.00274511 -1.5202 1.27305 -0.444426 0.207669 2.6249 4
 47.500000 0.947041 -0.00633509 -1.53273 1.28824 -0.0914857 0.214819 3.57527 4
 48.000000 0.991674 0.0174112 -1.54725 1.29287 -0.0914857 0.214819 3.57527 4
 48.500000 0.973769 -0.017727 -1.55793 1.28223 -0.0914857 0.214819 3.57527 4
 49.000000 0.920836 0.00450571 -1.50821 1.25836 -0.0914857 0.214819 3.57527 4
 49.500000 0.954098 -0.00726246 -1.53804 1.29512 -0.0914857 0.214819 3.57527 4
 50.000000 0.872777 -0.0267724 -1.49632 1.22495 0.113501 0.221191 4.56742 4
 50.500000 0.953435 -0.029482 -1.55195 1.27326 0.113501 0.221191 4.56742 4
 51.000000 0.938591 0.0564624 -1.4866 1.23128 0.113501 0.221191 4.56742 4
 51.500000 0.943286 0.0855756 -1.47103 1.17233 0.113501 0.221191 4.56742 4
 52.000000 0.939499 0.04775 -1.49281 1.24956 0.113501 0.221191 4.56742 4
 52.500000 0.953853 0.0510902 -1.50028 1.26755 0.267937 0.227538 5.5555 4
 53.000000 1.03887 0.0265681 -1.5729 1.18806 0.267937 0.227538 5.5555 4
 53.500000 0.989053 0.100808 -1.49198 1.26223 0.267937 0.227538 5.5555 4
 54.000000 0.970756 -0.0461638 -1.57428 1.18217 0.267937 0.227538 5.5555 4
 54.500000 0.968315 0.032596 -1.52186 1.29715 0.267937 0.227538 5.5555 4
 55.000000 0.944077 0.000252431 -1.52649 1.29603 0.388619 0.233715 6.5421 4
 55.500000 0.986853 0.0146482 -1.5458 1.2737 0.388619 0.233715 6.5421 4
 56.000000 0.93399 0.0629306 -1.47935 1.21796 0.388619 0.233715 6.5421 4
 56.500000 0.985342 0.0213039 -1.54051 1.28327 0.388619 0.233715 6.5421 4
 57.000000 0.976367 -0.0415805 -1.57506 1.1771 0.388619 0.233715 6.5421 4
 57.500000 0.928009 0.109099 -1.44567 1.04376 0.448486 0.238461 7.52402 4
 58.000000 0.957653 0.0326659 -1.51468 1.29755 0.448486 0.238461 7.52402 4
 58.500000 0.980785 0.0304814 -1.53156 1.28118 0.448486 0.238461 7.52402 4
 59.000000 0.980082 0.00409342 -1.54808 1.24184 0.448486 0.238461 7.52402 4
 59.500000 0.90589 0.0354635 -1.47822 1.25068 0.448486 0.238461 7.52402 4
 60.000000 0.972072 0.0291309 -1.5266 1.28849 0.527549 0.244465 8.51277 4
 60.500000 0.958912 -0.0412629 -1.56322 1.18987 0.527549 0.244465 8.51277 4
 61.000000 0.934604 0.00715993 -1.5157 1.29807 0.527549 0.244465 8.51277 4
 61.500000 0.984818 -0.0163045 -1.56438 1.18466 0.527549 0.244465 8.51277 4
 62.000000 0.953614 -0.0166603 -1.54378 1.2585 0.527549 0.244465 8.51277 4
 62.500000 0.960532 0.00448073 -1.53476 1.27889 0.591343 0.250211 9.50601 4
 63.000000 0.942165 -0.025521 -1.54187 1.26904 0.591343 0.250211 9.50601 4
 63.500000 0.961088 0.095636 -1.47652 1.22229 0.591343 0.250211 9.50601 4
 64.000000 0.942206 0.00882607 -1.51971 1.29801 0.591343 0.250211 9.50601 4
 64.500000 0.95906 0.0591243 -1.4986 1.28284 0.591343 0.250211 9.50601 4
 65.000000 1.01111 -0.0101507 -1.57796 1.12332 0.629618 0.255092 10.5004 4
 65.500000 0.997899 0.0358525 -1.53956 1.28634 0.629618 0.255092 10.5004 4
 66.000000 0.973805 0.085167 -1.49177 1.2512 0.629618 0.255092 10.5004 4
 66.500000 0.945406 0.0630017 -1.48696 1.23574 0.629618 0.255092 10.5004 4
 67.000000 0.952084 0.0875452 -1.47567 1.19089 0.629618 0.255092 10.5004 4
 67.500000 0.91312 0.0485588 -1.47462 1.18609 0.668054 0.260286 11.5003 4
 68.000000 1.00369 0.0945715 -1.50579 1.29117 0.668054 0.260286 11.5003 4
 68.500000 0.960837 0.0677628 -1.49424 1.27087 0.668054 0.260286 11.5003 4
 69.000000 0.995237 -0.0156708 -1.57093 1.16497 0.668054 0.260286 11.5003 4
 69.500000 0.923484 0.0121286 -1.50506 1.29026 0.668054 0.260286 11.5003 4
 70.000000 0.978204 -0.0331386 -1.57083 1.16545 0.699768 0.265348 12.4994 4
 70.500000 0.951879 0.00478298 -1.52879 1.29731 0.699768 0.265348 12.4994 4
 71.000000 0.949422 0.105509 -1.46236 1.11605 0.699768 0.265348 12.4994 4
 71.500000 0.977746 0.0447022 -1.52039 1.29832 0.699768 0.265348 12.4994 4
 72.000000 0.981812 0.0213186 -1.53814 1.28804 0.699768 0.265348 12.4994 4
 72.500000 0.987487 0.0223294 -1.54129 1.283 0.73678 0.270958 13.4916 4
 73.000000 0.945969 0.0169635 -1.51698 1.29539 0.73678 0.270958 13.4916 4
 73.500000 0.942896 0.0283779 -1.50757 1.2829 0.73678 0.270958 13.4916 4
 74.000000 0.921761 0.074996 -1.46339 1.10271 0.73678 0.270958 13.4916 4
 74.500000 0.954313 -2.88436e-05 -1.53352 1.29528 0.73678 0.270958 13.4916 4
 75.000000 0.976069 0.035337 -1.52528 1.29884 0.770491 0.276532 14.482 4
 75.500000 0.976014 0.0329027 -1.52681 1.29878 0.770491 0.276532 14.482 4
 76.000000 0.982502 0.0270674 -1.53491 1.29385 0.770491 0.276532 14.482 4
 76.500000 0.98009 -0.00630517 -1.55478 1.25184 0.770491 0.276532 14.482 4
 77.000000 0.973547 -0.0085871 -1.55188 1.26061 0.770491 0.276532 14.482 4
 77.500000 0.91654 0.100896 -1.44323 0.937531 0.778365 0.280415 15.4275 4
 78.000000 0.907621 -0.0266925 -1.51956 1.29896 0.778365 0.280415 15.4275 4
 78.500000 0.997703 0.0718648 -1.51632 1.29827 0.778365 0.280415 15.4275 4
 79.000000 0.913492 -0.0272517 -1.52384 1.29816 0.778365 0.280415 15.4275 4
 79.500000 0.961727 -0.024359 -1.55417 1.2369 0.778365 0.280415 15.4275 4
 80.000000 0.928108 0.0470163 -1.48566 1.23673 0.802304 0.285682 16.426 4
 80.500000 0.979377 0.0116345 -1.54275 1.26315 0.802304 0.285682 16.426 4
 81.000000 0.98414 -0.00849535 -1.5589 1.20363 0.802304 0.285682 16.426 4
 81.500000 0.910624 0.0260621 -1.48746 1.25083 0.802304 0.285682 16.426 4
 82.000000 0.95429 0.0384695 -1.50869 1.29512 0.802304 0.285682 16.426 4
 82.500000 0.943799 0.00245031 -1.52489 1.29574 0.827501 0.291178 17.4166 4
 83.000000 1.03029 0.0804542 -1.53265 1.28644 0.827501 0.291178 17.4166 4
 83.500000 0.977446 0.0044842 -1.54606 1.25337 0.827501 0.291178 17.4166 4
 84.000000 1.0086 0.0445873 -1.54111 1.26798 0.827501 0.291178 17.4166 4
 84.500000 1.01471 0.0336342 -1.55222 1.2313 0.827501 0.291178 17.4166 4
 85.000000 0.942003 0.0663986 -1.48249 1.22802 0.84627 0.296244 18.4162 4
 85.500000 0.973389 0.0286809 -1.52777 1.28985 0.84627 0.296244 18.4162 4
 86.000000 0.910047 0.027423 -1.48619 1.24965 0.84627 0.296244 18.4162 4
 86.500000 0.97301 0.0821968 -1.49314 1.27051 0.84627 0.296244 18.4162 4
 87.000000 0.875475 0.042478 -1.4533 1.07398 0.84627 0.296244 18.4162 4
 87.500000 0.954931 0.0608643 -1.49472 1.27445 0.865872 0.301492 19.4117 4
 88.000000 0.96811 0.057916 -1.50544 1.29497 0.865872 0.301492 19.4117 4
 88.500000 0.94288 0.0414804 -1.49912 1.28615 0.865872 0.301492 19.4117 4
 89.000000 0.938196 0.0324027 -1.50183 1.29053 0.865872 0.301492 19.4117 4
 89.500000 0.931547 0.0746759 -1.47016 1.1836 0.865872 0.301492 19.4117 4
 90.000000 0.980194 0.0332945 -1.52936 1.2843 0.884258 0.306721 20.4063 4
 90.500000 1.01953 0.0434557 -1.54914 1.22486 0.884258 0.306721 20.4063 4
 91.000000 1.00092 0.019857 -1.55185 1.21264 0.884258 0.306721 20.4063 4
 91.500000 0.960129 0.0156923 -1.52727 1.28941 0.884258 0.306721 20.4063 4
 92.000000 0.995966 -0.0132832 -1.56988 1.10792 0.884258 0.306721 20.4063 4
 92.500000 0.956669 0.00685353 -1.53065 1.28337 0.90103 0.311877 21.4016 4
 93.000000 0.989665 -0.0112417 -1.56436 1.14567 0.90103 0.311877 21.4016 4
 93.500000 0.955422 0.0126008 -1.52611 1.29236 0.90103 0.311877 21.4016 4
 94.000000 1.00771 0.0443881 -1.54064 1.25914 0.90103 0.311877 21.4016 4
 94.500000 0.934683 -0.0279413 -1.53844 1.26595 0.90103 0.311877 21.4016 4
 95.000000 0.962491 0.0226058 -1.5244 1.29447 0.916971 0.317025 22.3957 4
 95.500000 0.963346 0.0372751 -1.51552 1.29919 0.916971 0.317025 22.3957 4
 96.000000 0.903324 -0.0688386 -1.54401 1.24772 0.916971 0.317025 22.3957 4
 96.500000 0.973805 0.0957745 -1.48497 1.23237 0.916971 0.317025 22.3957 4
 97.000000 0.960024 -0.0161608 -1.54774 1.23286 0.916971 0.317025 22.3957 4
 97.500000 0.978227 0.00419384 -1.54677 1.2369 0.92906 0.32184 23.3955 4
 98.000000 0.920242 -0.0271702 -1.5283 1.29218 0.92906 0.32184 23.3955 4
 98.500000 0.958813 -0.00395092 -1.53905 1.26905 0.92906 0.32184 23.3955 4
 99.000000 0.942863 0.0262063 -1.50894 1.29335 0.92906 0.32184 23.3955 4
 99.500000 0.907664 0.0685632 -1.45807 1.04862 0.92906 0.32184 23.3955 4
 100.000000 0.990507 0.0489465 -1.5262 1.29481 0.942766 0.326895 24.3902 4
 100.500000 0.968408 0.00814403 -1.53767 1.27338 0.942766 0.326895 24.3902 4
 101.000000 0.935359 0.0202483 -1.50776 1.29079 0.942766 0.326895 24.3902 4
 101.500000 0.913418 0.0558083 -1.47014 1.13057 0.942766 0.326895 24.3902 4
 102.000000 0.971251 -0.0199438 -1.55768 1.19013 0.942766 0.326895 24.3902 4
 102.500000 0.948814 -0.0403561 -1.55589 1.19988 0.951611 0.331459 25.3896 4
 103.000000 0.985508 0.0139754 -1.54534 1.25458 0.951611 0.331459 25.3896 4
 103.500000 0.967708 0.0051628 -1.53912 1.27424 0.951611 0.331459 25.3896 4
 104.000000 1.00294 0.0314309 -1.54577 1.25303 0.951611 0.331459 25.3896 4
 104.500000 0.876719 0.0854402 -1.42641 0.651199 0.951611 0.331459 25.3896 4
 105.000000 1.00277 0.0906706 -1.50767 1.2871 0.963267 0.336407 26.3857 4
 105.500000 0.932542 -0.000406694 -1.51921 1.2993 0.963267 0.336407 26.3857 4
 106.000000 0.956486 0.0237387 -1.51965 1.29933 0.963267 0.336407 26.3857 4
 106.500000 0.891291 0.0516874 -1.45796 1.01052 0.963267 0.336407 26.3857 4
 107.000000 0.984645 0.0594331 -1.51554 1.29791 0.963267 0.336407 26.3857 4
 107.500000 0.950775 0.0229854 -1.51631 1.29837 0.974577 0.341358 27.3806 4
 108.000000 0.942991 0.00785719 -1.52086 1.29924 0.974577 0.341358 27.3806 4
 108.500000 0.968358 -0.0428646 -1.57055 1.09847 0.974577 0.341358 27.3806 4
 109.000000 0.954724 0.0196712 -1.52109 1.2992 0.974577 0.341358 27.3806 4
 109.500000 0.94926 -0.0144881 -1.53947 1.26896 0.974577 0.341358 27.3806 4
 110.000000 0.988371 0.0244576 -1.54051 1.2657 0.98392 0.346108 28.3794 4
 110.500000 1.00166 -0.0267922 -1.58238 0.996538 0.98392 0.346108 28.3794 4
 111.000000 0.997519 -0.0047957 -1.56545 1.14006 0.98392 0.346108 28.3794 4
 111.500000 0.902573 0.00833549 -1.49352 1.24031 0.98392 0.346108 28.3794 4
 112.000000 0.900224 0.0287253 -1.47877 1.15899 0.98392 0.346108 28.3794 4
 112.500000 0.957247 0.035414 -1.51264 1.29414 0.993702 0.350953 29.3754 4
 113.000000 0.985747 -0.00147508 -1.55545 1.19825 0.993702 0.350953 29.3754 4
 113.500000 0.963528 0.0220043 -1.52548 1.29721 0.993702 0.350953 29.3754 4
 114.000000 0.962838 0.00242682 -1.53763 1.27484 0.993702 0.350953 29.3754 4
 114.500000 0.992363 -0.0366697 -1.58255 0.981853 0.993702 0.350953 29.3754 4
 115.000000 0.99566 -0.0397507 -1.58674 0.937686 0.992268 0.354345 30.3107 4
 115.500000 0.962785 0.144724 -1.44624 0.823604 0.992268 0.354345 30.3107 4
 116.000000 0.973191 -0.00926092 -1.55208 1.22854 0.992268 0.354345 30.3107 4
 116.500000 0.976253 -0.0538511 -1.58291 1.00277 0.992268 0.354345 30.3107 4
 117.000000 0.924439 0.0470339 -1.48319 1.1726 0.992268 0.354345 30.3107 4
 117.500000 0.955148 0.0363325 -1.51064 1.28771 1.00104 0.359162 31.3071 4
 118.000000 0.954186 -0.0384065 -1.55822 1.18971 1.00104 0.359162 31.3071 4
 118.500000 0.924626 0.00698283 -1.50915 1.28545 1.00104 0.359162 31.3071 4
 119.000000 1.00305 0.0918917 -1.50707 1.28061 1.00104 0.359162 31.3071 4
 119.500000 0.960553 0.055103 -1.50219 1.26634 1.00104 0.359162 31.3071 4
 120.000000 0.972258 -0.0262724 -1.56243 1.16264 1.00542 0.363391 32.303 4
 120.500000 0.975725 0.0314717 -1.52754 1.29815 1.00542 0.363391 32.303 4
 121.000000 0.898021 0.00949354 -1.48972 1.20144 1.00542 0.363391 32.303 4
 121.500000 0.894132 0.00385786 -1.49077 1.20736 1.00542 0.363391 32.303 4
 122.000000 1.0149 0.0160739 -1.56363 1.16389 1.00542 0.363391 32.303 4
 122.500000 0.981857 -0.0188146 -1.56403 1.16116 1.00952 0.367607 33.2989 4
 123.000000 0.955399 0.0787045 -1.48357 1.14973 1.00952 0.367607 33.2989 4
 123.500000 0.971842 0.0375362 -1.52104 1.29787 1.00952 0.367607 33.2989 4
 124.000000 0.997761 -0.0260306 -1.57929 1.04841 1.00952 0.367607 33.2989 4
 124.500000 0.944849 -0.0187286 -1.53927 1.28258 1.00952 0.367607 33.2989 4
 125.000000 1.01405 0.00852061 -1.56791 1.14301 1.01291 0.371742 34.2926 4
 125.500000 0.965245 0.0103074 -1.53416 1.29484 1.01291 0.371742 34.2926 4
 126.000000 1.00146 0.00827949 -1.55966 1.20603 1.01291 0.371742 34.2926 4
 126.500000 0.970708 0.0601157 -1.50577 1.26059 1.01291 0.371742 34.2926 4
 127.000000 0.909023 -0.00802119 -1.50841 1.26968 1.01291 0.371742 34.2926 4
 127.500000 0.966277 0.0196969 -1.5288 1.29911 1.02059 0.37655 35.2868 4
 128.000000 0.986582 0.0826074 -1.50198 1.24354 1.02059 0.37655 35.2868 4
 128.500000 0.959194 -0.0015353 -1.53775 1.28907 1.02059 0.37655 35.2868 4
 129.000000 0.970425 -0.0192744 -1.55669 1.22048 1.02059 0.37655 35.2868 4
 129.500000 0.957388 0.0750012 -1.48728 1.15853 1.02059 0.37655 35.2868 4
 130.000000 0.952035 0.0990751 -1.46824 0.990929 1.01993 0.380074 36.2434 4
 130.500000 0.963204 0.0678328 -1.49579 1.22238 1.01993 0.380074 36.2434 4
 131.000000 0.934322 0.0350769 -1.49751 1.23116 1.01993 0.380074 36.2434 4
 131.500000 0.947088 0.0931519 -1.46872 1.01483 1.01993 0.380074 36.2434 4
 132.000000 0.911905 0.0790848 -1.45414 0.848766 1.01993 0.380074 36.2434 4
 132.500000 0.938299 -0.0402376 -1.5488 1.24944 1.02564 0.384636 37.2427 4
 133.000000 0.910655 0.0900406 -1.44625 0.717712 1.02564 0.384636 37.2427 4
 133.500000 0.956823 0.0351427 -1.51253 1.28269 1.02564 0.384636 37.2427 4
 134.000000 0.939373 0.0833055 -1.46986 1.01095 1.02564 0.384636 37.2427 4
 134.500000 0.981984 0.0424803 -1.52465 1.29927 1.02564 0.384636 37.2427 4
 135.000000 0.950726 0.0222685 -1.51674 1.29149 1.03224 0.389355 38.2378 4
 135.500000 0.906902 0.0811412 -1.44946 0.755185 1.03224 0.389355 38.2378 4
 136.000000 0.951482 0.0974103 -1.46894 0.99776 1.03224 0.389355 38.2378 4
 136.500000 0.970943 0.0136536 -1.53581 1.2899 1.03224 0.389355 38.2378 4
 137.000000 1.03445 0.0169103 -1.57615 1.06126 1.03224 0.389355 38.2378 4
 137.500000 0.945935 -0.015807 -1.53811 1.28507 1.03834 0.394004 39.234 4
 138.000000 0.939005 0.0858455 -1.46799 0.974693 1.03834 0.394004 39.234 4
 138.500000 0.903024 0.0167679 -1.48837 1.16236 1.03834 0.394004 39.234 4
 139.000000 0.969938 0.122019 -1.46557 0.947151 1.03834 0.394004 39.234 4
 139.500000 0.968571 0.00587028 -1.53924 1.28313 1.03834 0.394004 39.234 4
 140.000000 0.929035 0.0391103 -1.49137 1.18325 1.04159 0.398178 40.2323 4
 140.500000 0.966093 0.0116874 -1.53384 1.29187 1.04159 0.398178 40.2323 4
 141.000000 0.950642 -0.0119577 -1.53876 1.28104 1.04159 0.398178 40.2323 4
 141.500000 0.918892 -0.00884467 -1.51554 1.29078 1.04159 0.398178 40.2323 4
 142.000000 0.94604 0.0529538 -1.49385 1.20517 1.04159 0.398178 40.2323 4
 142.500000 0.985329 -0.0114001 -1.56156 1.16947 1.04437 0.402285 41.2294 4
 143.000000 0.91874 -0.00785383 -1.5148 1.28667 1.04437 0.402285 41.2294 4
 143.500000 0.993485 0.0148367 -1.55012 1.2432 1.04437 0.402285 41.2294 4
 144.000000 0.974913 0.0552666 -1.5117 1.27877 1.04437 0.402285 41.2294 4
 144.500000 0.956738 0.0213991 -1.52132 1.29713 1.04437 0.402285 41.2294 4
 145.000000 0.956869 0.0118045 -1.52759 1.29929 1.05016 0.406933 42.2235 4
 145.500000 0.955476 0.0107018 -1.52737 1.29936 1.05016 0.406933 42.2235 4
 146.000000 0.943475 0.0847853 -1.47167 0.998939 1.05016 0.406933 42.2235 4
 146.500000 0.989357 -0.0225948 -1.57147 1.09333 1.05016 0.406933 42.2235 4
 147.000000 0.933704 0.161614 -1.41586 0.0703171 1.05016 0.406933 42.2235 4
 147.500000 0.970721 0.055025 -1.50905 1.26963 1.05496 0.41141 43.2215 4
 148.000000 0.946146 -0.0240807 -1.54359 1.26636 1.05496 0.41141 43.2215 4
 148.500000 0.968992 0.0302366 -1.52383 1.29915 1.05496 0.41141 43.2215 4
 149.000000 0.946618 0.103857 -1.46154 0.876135 1.05496 0.41141 43.2215 4
 149.500000 0.957425 -0.0035534 -1.53787 1.28413 1.05496 0.41141 43.2215 4
 150.000000 0.96033 0.0513266 -1.50447 1.25326 1.05917 0.415786 44.2209 4
 150.500000 0.997256 0.0381712 -1.53764 1.28259 1.05917 0.415786 44.2209 4
 151.000000 0.934899 -0.0135092 -1.52925 1.29755 1.05917 0.415786 44.2209 4
 151.500000 0.97974 0.0166169 -1.53978 1.27638 1.05917 0.415786 44.2209 4
 152.000000 0.93636 0.0636102 -1.4805 1.09226 1.05917 0.415786 44.2209 4
 152.500000 0.949311 0.0640147 -1.48893 1.16337 1.06124 0.41977 45.217 4
 153.000000 0.958809 0.0900432 -1.47858 1.08195 1.06124 0.41977 45.217 4
 153.500000 0.948082 0.0530821 -1.49513 1.21195 1.06124 0.41977 45.217 4
 154.000000 0.973936 0.0882703 -1.48987 1.1769 1.06124 0.41977 45.217 4
 154.500000 1.01914 0.0202866 -1.56375 1.13055 1.06124 0.41977 45.217 4
 155.000000 0.937028 0.0386468 -1.49702 1.22308 1.06448 0.423984 46.217 4
 155.500000 0.965051 -0.0258429 -1.55735 1.17237 1.06448 0.423984 46.217 4
 156.000000 0.995258 0.0911776 -1.50231 1.25327 1.06448 0.423984 46.217 4
 156.500000 0.940164 0.0208293 -1.5106 1.28291 1.06448 0.423984 46.217 4
 157.000000 0.939595 0.0771095 -1.47399 1.0404 1.06448 0.423984 46.217 4
 157.500000 0.887416 0.000157536 -1.48867 1.1723 1.06655 0.427975 47.2143 4
 158.000000 0.927187 -0.0601713 -1.5543 1.1857 1.06655 0.427975 47.2143 4
 158.500000 0.988707 -0.00767939 -1.56142 1.12998 1.06655 0.427975 47.2143 4
 159.000000 0.901009 0.107649 -1.42845 0.344464 1.06655 0.427975 47.2143 4
 159.500000 0.922407 0.0538552 -1.47743 1.08271 1.06655 0.427975 47.2143 4
 160.000000 0.932042 0.041153 -1.49207 1.20173 1.06913 0.432072 48.2138 4
 160.500000 0.974019 0.0197412 -1.53395 1.28129 1.06913 0.432072 48.2138 4
 161.000000 0.910861 0.0268585 -1.4871 1.17151 1.06913 0.432072 48.2138 4
 161.500000 0.994092 0.0137733 -1.55121 1.19934 1.06913 0.432072 48.2138 4
 162.000000 0.934033 0.117402 -1.44439 0.648257 1.06913 0.432072 48.2138 4
 162.500000 0.977251 0.00505847 -1.54556 1.23339 1.07226 0.436281 49.2137 4
 163.000000 0.965166 0.0702927 -1.49552 1.22157 1.07226 0.436281 49.2137 4
 163.500000 0.950495 0.00537809 -1.52748 1.29596 1.07226 0.436281 49.2137 4
 164.000000 0.966577 0.0720481 -1.49534 1.2205 1.07226 0.436281 49.2137 4
 164.500000 0.960446 0.0277462 -1.51972 1.29901 1.07226 0.436281 49.2137 4
 165.000000 0.998206 -0.066488 -1.6057 0.509027 1.06481 0.499744 49.9535 5
 165.500000 0.96889 -0.0245978 -1.55911 1.01418 1.06481 0.499744 49.9535 5
 166.000000 1.0044 0.0678953 -1.52334 1.16379 1.06481 0.499744 49.9535 5
 166.500000 0.952969 -0.00887608 -1.53833 1.13507 1.06481 0.499744 49.9535 5
 167.000000 0.930661 0.0370166 -1.49381 1.07462 1.06481 0.499744 49.9535 5
 167.500000 0.965931 0.0488048 -1.50984 1.14715 1.06626 0.500974 50.9486 5
 168.000000 0.930314 0.000829167 -1.51692 1.16759 1.06626 0.500974 50.9486 5
 168.500000 0.950871 9.50759e-05 -1.53114 1.16045 1.06626 0.500974 50.9486 5
 169.000000 0.939582 0.00692677 -1.51918 1.1695 1.06626 0.500974 50.9486 5
 169.500000 0.919978 0.0221193 -1.49626 1.09642 1.06626 0.500974 50.9486 5
 170.000000 0.897431 0.0835486 -1.44155 0.437175 1.05845 0.549915 51.6557 6
 170.500000 0.962249 0.0525067 -1.50499 1.04536 1.05845 0.549915 51.6557 6
 171.000000 0.963087 -0.0201901 -1.55239 0.969852 1.05845 0.549915 51.6557 6
 171.500000 0.995841 0.083516 -1.5076 1.05415 1.05845 0.549915 51.6557 6
 172.000000 0.918501 0.125398 -1.42882 0.123427 1.05845 0.549915 51.6557 6
 172.500000 0.994741 0.00703094 -1.55598 0.943927 1.05667 0.552095 52.6003 6
 173.000000 0.950415 0.0458312 -1.50136 1.03011 1.05667 0.552095 52.6003 6
 173.500000 0.92975 0.135979 -1.4296 0.11829 1.05667 0.552095 52.6003 6
 174.000000 0.971296 0.0526345 -1.51097 1.0648 1.05667 0.552095 52.6003 6
 174.500000 0.928667 0.0260491 -1.49954 1.02123 1.05667 0.552095 52.6003 6
 175.000000 0.969132 0.0231334 -1.5285 1.07483 1.05697 0.553123 53.5844 6
 175.500000 0.908308 0.0903657 -1.44447 0.394741 1.05697 0.553123 53.5844 6
 176.000000 0.964474 0.0785796 -1.48974 0.963751 1.05697 0.553123 53.5844 6
 176.500000 0.941872 0.0213814 -1.51139 1.0717 1.05697 0.553123 53.5844 6
 177.000000 0.935155 0.0328199 -1.49952 1.02571 1.05697 0.553123 53.5844 6
 177.500000 0.976825 0.0352867 -1.52582 1.08435 1.05741 0.554094 54.571 6
 178.000000 0.899799 0.0654249 -1.45481 0.561681 1.05741 0.554094 54.571 6
 178.500000 0.955509 -0.0179936 -1.54591 1.02874 1.05741 0.554094 54.571 6
 179.000000 0.987517 0.0671081 -1.51254 1.08063 1.05741 0.554094 54.571 6
 179.500000 0.927138 0.0324143 -1.49442 1.00043 1.05741 0.554094 54.571 6
 180.000000 0.979071 0.0363408 -1.52665 1.09027 1.05793 0.555043 55.5592 6
 180.500000 0.973577 0.0540555 -1.51159 1.08436 1.05793 0.555043 55.5592 6
 181.000000 0.962861 -0.0023547 -1.54073 1.06007 1.05793 0.555043 55.5592 6
 181.500000 0.959578 0.00206733 -1.53568 1.07867 1.05793 0.555043 55.5592 6
 182.000000 0.970617 0.0416811 -1.51756 1.09577 1.05793 0.555043 55.5592 6
 182.500000 0.975321 -0.0222418 -1.56188 0.916981 1.05591 0.557564 56.4972 6
 183.000000 0.948837 0.0720283 -1.48346 0.911057 1.05591 0.557564 56.4972 6
 183.500000 0.982379 -0.0465435 -1.58227 0.691112 1.05591 0.557564 56.4972 6
 184.000000 0.917163 0.0287826 -1.49008 0.968734 1.05591 0.557564 56.4972 6
 184.500000 0.993473 0.129411 -1.47666 0.841052 1.05591 0.557564 56.4972 6
 185.000000 0.99301 -0.0498825 -1.59151 0.552451 1.0499 0.577917 57.2704 6
 185.500000 0.960889 0.038223 -1.51327 1.04783 1.0499 0.577917 57.2704 6
 186.000000 0.964713 -0.00550517 -1.544 1.01446 1.0499 0.577917 57.2704 6
 186.500000 0.97427 0.031206 -1.52674 1.06023 1.0499 0.577917 57.2704 6
 187.000000 0.952417 0.045551 -1.50288 1.00919 1.0499 0.577917 57.2704 6
 187.500000 0.97914 -0.0190814 -1.56239 0.890483 1.04769 0.58075 58.2013 6
 188.000000 0.946203 0.0274029 -1.51041 1.0393 1.04769 0.58075 58.2013 6
 188.500000 1.03207 -0.0585201 -1.6231 -0.0760838 1.04769 0.58075 58.2013 6
 189.000000 0.97526 -0.0489405 -1.57908 0.72064 1.04769 0.58075 58.2013 6
 189.500000 0.969753 -0.0184736 -1.55573 0.951562 1.04769 0.58075 58.2013 6
 190.000000 0.952598 0.0165176 -1.5217 1.06243 1.04791 0.581894 59.1864 6
 190.500000 0.995484 0.117571 -1.48557 0.885937 1.04791 0.581894 59.1864 6
 191.000000 1.00886 -0.0154076 -1.57985 0.709431 1.04791 0.581894 59.1864 6
 191.500000 0.900874 0.0317458 -1.47726 0.799394 1.04791 0.581894 59.1864 6
 192.000000 0.972875 -0.00555258 -1.54948 0.996429 1.04791 0.581894 59.1864 6
 192.500000 0.972569 0.078783 -1.49504 0.964195 1.04675 0.583802 60.1454 6
 193.000000 0.956078 -0.0214903 -1.54855 1.00129 1.04675 0.583802 60.1454 6
 193.500000 1.00351 0.0164887 -1.55575 0.952697 1.04675 0.583802 60.1454 6
 194.000000 0.951601 0.0264491 -1.51464 1.06317 1.04675 0.583802 60.1454 6
 194.500000 0.976486 0.079083 -1.49747 0.988155 1.04675 0.583802 60.1454 6
 195.000000 0.96075 0.0438749 -1.50954 1.0484 1.04677 0.585065 61.1284 6
 195.500000 0.95788 0.0525445 -1.50204 1.02179 1.04677 0.585065 61.1284 6
 196.000000 0.96688 0.019934 -1.52905 1.07599 1.04677 0.585065 61.1284 6
 196.500000 0.954054 0.0872372 -1.47719 0.81236 1.04677 0.585065 61.1284 6
 197.000000 0.941584 0.020516 -1.51176 1.06207 1.04677 0.585065 61.1284 6
 197.500000 0.942018 0.0632519 -1.48453 0.890078 1.04473 0.58755 62.0628 6
 198.000000 0.966099 0.0332754 -1.51994 1.08105 1.04473 0.58755 62.0628 6
 198.500000 0.977472 0.0430734 -1.52125 1.08179 1.04473 0.58755 62.0628 6
 199.000000 0.997663 -0.0197898 -1.5752 0.746824 1.04473 0.58755 62.0628 6
 199.500000 0.930429 0.0358546 -1.4944 0.981063 1.04473 0.58755 62.0628 6
 200.000000 0.99039 -0.0423439 -1.5849 0.611425 1.03983 0.602117 62.8737 6
 200.500000 0.960313 0.0650014 -1.49567 0.958792 1.03983 0.602117 62.8737 6
 201.000000 0.974503 0.0330155 -1.52573 1.05243 1.03983 0.602117 62.8737 6
 201.500000 0.942735 -0.0428804 -1.55347 0.945216 1.03983 0.602117 62.8737 6
 202.000000 0.938032 0.0787589 -1.47189 0.726586 1.03983 0.602117 62.8737 6
 202.500000 0.948352 0.0824308 -1.47645 0.782045 1.03671 0.605034 63.7665 6
 203.000000 0.950419 0.0151723 -1.52111 1.05418 1.03671 0.605034 63.7665 6
 203.500000 0.932673 0.00874787 -1.51339 1.04414 1.03671 0.605034 63.7665 6
 204.000000 0.93818 -0.0205236 -1.53597 1.03273 1.03671 0.605034 63.7665 6
 204.500000 0.97124 -0.0406773 -1.57106 0.773837 1.03671 0.605034 63.7665 6
 205.000000 0.968642 0.0190335 -1.53081 1.04622 1.03684 0.606427 64.7517 6
 205.500000 1.05501 0.00915159 -1.59485 0.425876 1.03684 0.606427 64.7517 6
 206.000000 0.950609 -0.0320216 -1.5517 0.957745 1.03684 0.606427 64.7517 6
 206.500000 0.958213 0.0864151 -1.48051 0.836485 1.03684 0.606427 64.7517 6
 207.000000 0.980666 0.00599016 -1.54724 0.98673 1.03684 0.606427 64.7517 6
 207.500000 0.960597 -0.0251655 -1.55394 0.941417 1.03563 0.608954 65.7087 6
 208.000000 0.934956 0.0372218 -1.49655 0.972562 1.03563 0.608954 65.7087 6
 208.500000 0.991811 -0.0334845 -1.58013 0.667765 1.03563 0.608954 65.7087 6
 209.000000 0.94258 -0.0138183 -1.53458 1.04785 1.03563 0.608954 65.7087 6
 209.500000 0.974291 0.0310154 -1.52687 1.06192 1.03563 0.608954 65.7087 6
 210.000000 0.953693 0.0152562 -1.52325 1.06344 1.036 0.610151 66.6981 6
 210.500000 0.939669 -0.0161484 -1.53414 1.05472 1.036 0.610151 66.6981 6
 211.000000 0.913001 0.0172505 -1.49474 0.964056 1.036 0.610151 66.6981 6
 211.500000 0.946639 0.0948221 -1.46735 0.664403 1.036 0.610151 66.6981 6
 212.000000 0.915989 0.0352178 -1.48514 0.881252 1.036 0.610151 66.6981 6
 212.500000 0.961841 0.022143 -1.52426 1.06933 1.03644 0.611327 67.6889 6
 213.000000 0.947553 -0.00422773 -1.53171 1.06645 1.03644 0.611327 67.6889 6
 213.500000 0.954484 0.069848 -1.48865 0.917436 1.03644 0.611327 67.6889 6
 214.000000 0.959939 0.0169436 -1.52634 1.07428 1.03644 0.611327 67.6889 6
 214.500000 0.958712 0.0287733 -1.5179 1.07151 1.03644 0.611327 67.6889 6
 215.000000 0.963486 0.0405474 -1.51351 1.06275 1.03678 0.612487 68.6787 6
 215.500000 0.980102 0.0599866 -1.51215 1.06521 1.03678 0.612487 68.6787 6
 216.000000 0.96553 -0.0106484 -1.54786 1.00147 1.03678 0.612487 68.6787 6
 216.500000 0.94245 0.00817537 -1.5203 1.08016 1.03678 0.612487 68.6787 6
 217.000000 0.867679 0.0404532 -1.44938 0.353728 1.03678 0.612487 68.6787 6
 217.500000 0.950993 0.0387574 -1.5063 1.04359 1.03687 0.61379 69.665 6
 218.000000 0.974768 0.0416322 -1.52037 1.0858 1.03687 0.61379 69.665 6
 218.500000 0.93741 0.0429315 -1.49452 0.978748 1.03687 0.61379 69.665 6
 219.000000 0.935239 0.014144 -1.51162 1.06986 1.03687 0.61379 69.665 6
 219.500000 1.02922 -0.104481 -1.65088 -1.16222 1.03687 0.61379 69.665 6
 220.000000 0.973543 -0.0309088 -1.56628 0.83709 1.0346 0.644795 70.5866 6
 220.500000 1.0383 -0.00556445 -1.59315 0.406723 1.0346 0.644795 70.5866 6
 221.000000 0.953455 0.0463732 -1.50305 0.980889 1.0346 0.644795 70.5866 6
 221.500000 1.03971 0.0467379 -1.56053 0.863656 1.0346 0.644795 70.5866 6
 222.000000 1.00004 0.0205274 -1.55084 0.943411 1.0346 0.644795 70.5866 6
 222.500000 0.904541 -0.0446751 -1.52915 1.03382 1.03459 0.646369 71.5718 6
 223.000000 0.919027 0.071934 -1.46352 0.550663 1.03459 0.646369 71.5718 6
 223.500000 0.993534 0.0124846 -1.55166 0.941622 1.03459 0.646369 71.5718 6
 224.000000 0.946388 0.0228609 -1.51346 1.02812 1.03459 0.646369 71.5718 6
 224.500000 0.960039 0.0162829 -1.52683 1.04154 1.03459 0.646369 71.5718 6
 225.000000 0.988066 0.0158662 -1.54583 0.97958 1.03394 0.648701 72.5441 6
 225.500000 0.945776 0.00883584 -1.52209 1.04572 1.03394 0.648701 72.5441 6
 226.000000 0.977548 0.0263716 -1.53204 1.03849 1.03394 0.648701 72.5441 6
 226.500000 0.932445 -0.028459 -1.53728 1.0241 1.03394 0.648701 72.5441 6
 227.000000 0.95519 0.0670013 -1.49095 0.895154 1.03394 0.648701 72.5441 6
 227.500000 0.925283 0.0305347 -1.49439 0.924822 1.03269 0.650597 73.5003 6
 228.000000 0.970295 -0.0139204 -1.55315 0.933794 1.03269 0.650597 73.5003 6
 228.500000 1.0278 -0.0797142 -1.63393 -0.671511 1.03269 0.650597 73.5003 6
 229.000000 0.962101 0.0201 -1.52575 1.04938 1.03269 0.650597 73.5003 6
 229.500000 0.885297 0.0971683 -1.42462 -0.317067 1.03269 0.650597 73.5003 6
 230.000000 0.956625 0.0325211 -1.51409 1.03719 1.03275 0.651918 74.4874 6
 230.500000 0.914753 0.0374853 -1.48285 0.823997 1.03275 0.651918 74.4874 6
 231.000000 0.922708 0.0605987 -1.47329 0.701773 1.03275 0.651918 74.4874 6
 231.500000 0.997312 0.0212904 -1.54852 0.969772 1.03275 0.651918 74.4874 6
 232.000000 0.950934 0.0700209 -1.48615 0.860177 1.03275 0.651918 74.4874 6
 232.500000 0.931775 0.103919 -1.45153 0.326393 1.02677 0.667951 75.1697 6
 233.000000 0.981984 -0.00480401 -1.55508 0.890944 1.02677 0.667951 75.1697 6
 233.500000 0.962543 0.0565995 -1.50256 0.968057 1.02677 0.667951 75.1697 6
 234.000000 0.962154 0.0226197 -1.52416 1.02729 1.02677 0.667951 75.1697 6
 234.500000 0.974438 -0.00197652 -1.54822 0.943613 1.02677 0.667951 75.1697 6
 235.000000 0.982808 0.0899807 -1.49472 0.914927 1.02554 0.669997 76.1249 6
 235.500000 0.915627 0.152256 -1.40967 -0.785006 1.02554 0.669997 76.1249 6
 236.000000 0.923546 0.108816 -1.44285 0.139796 1.02554 0.669997 76.1249 6
 236.500000 0.957621 0.0791854 -1.48475 0.82994 1.02554 0.669997 76.1249 6
 237.000000 0.98321 -0.0358741 -1.57594 0.642549 1.02554 0.669997 76.1249 6
 237.500000 0.934276 0.0416655 -1.49323 0.909499 1.02428 0.672088 77.0791 6
 238.000000 0.923926 0.0314917 -1.49286 0.912984 1.02428 0.672088 77.0791 6
 238.500000 0.976339 0.0261886 -1.53135 1.02263 1.02428 0.672088 77.0791 6
 239.000000 0.933718 -0.0486388 -1.55119 0.918317 1.02428 0.672088 77.0791 6
 239.500000 0.953053 -0.016497 -1.5433 0.972772 1.02428 0.672088 77.0791 6
 240.000000 0.887292 -0.0301236 -1.5082 1.00637 1.02408 0.673595 78.0614 6
 240.500000 0.885674 0.0894519 -1.42985 -0.180065 1.02408 0.673595 78.0614 6
 241.000000 0.919723 0.0655315 -1.46811 0.626067 1.02408 0.673595 78.0614 6
 241.500000 0.987159 0.0121563 -1.54761 0.946428 1.02408 0.673595 78.0614 6
 242.000000 0.961664 0.0208581 -1.52497 1.03758 1.02408 0.673595 78.0614 6
 242.500000 0.938258 0.0458411 -1.49321 0.921269 1.02298 0.675638 79.0206 6
 243.000000 0.964396 0.0530482 -1.50608 1.00833 1.02298 0.675638 79.0206 6
 243.500000 0.924853 0.0383496 -1.48906 0.89154 1.02298 0.675638 79.0206 6
 244.000000 0.952266 -0.00737039 -1.53689 1.00826 1.02298 0.675638 79.0206 6
 244.500000 0.998113 -0.0135588 -1.57149 0.686592 1.02298 0.675638 79.0206 6
 245.000000 0.99076 0.0511354 -1.52497 1.04042 1.02317 0.677054 80.0107 6
 245.500000 1.02222 0.068197 -1.53508 1.02062 1.02317 0.677054 80.0107 6
 246.000000 0.973897 0.0504897 -1.51409 1.03932 1.02317 0.677054 80.0107 6
 246.500000 0.941052 0.0902433 -1.46654 0.605943 1.02317 0.677054 80.0107 6
 247.000000 1.00376 -0.00895451 -1.57229 0.675097 1.02317 0.677054 80.0107 6
 247.500000 0.963889 5.56447e-05 -1.53986 0.998584 1.02291 0.679012 80.9924 6
 248.000000 0.957436 0.0274668 -1.51788 1.04913 1.02291 0.679012 80.9924 6
 248.500000 0.9659 0.0382829 -1.51658 1.04737 1.02291 0.679012 80.9924 6
 249.000000 0.994447 0.0104137 -1.5536 0.903868 1.02291 0.679012 80.9924 6
 249.500000 0.928131 0.0109416 -1.50893 1.02685 1.02291 0.679012 80.9924 6
 250.000000 1.01032 0.0314532 -1.55069 0.929692 1.02194 0.681623 81.9557 6
 250.500000 0.960346 -0.0166994 -1.5483 0.95458 1.02194 0.681623 81.9557 6
 251.000000 0.988686 0.00273336 -1.5547 0.899573 1.02194 0.681623 81.9557 6
 251.500000 1.03357 0.00820768 -1.58115 0.542364 1.02194 0.681623 81.9557 6
 252.000000 0.8843 0.0797769 -1.43515 -0.0856351 1.02194 0.681623 81.9557 6
 252.500000 0.929482 -0.036357 -1.54041 1.0059 1.02177 0.683566 82.9397 6
 253.000000 0.976957 0.00652709 -1.54442 0.987365 1.02177 0.683566 82.9397 6
 253.500000 0.953777 0.0624191 -1.49295 0.924808 1.02177 0.683566 82.9397 6
 254.000000 0.939485 -0.0483411 -1.55484 0.903374 1.02177 0.683566 82.9397 6
 254.500000 0.946438 0.030281 -1.50871 1.0289 1.02177 0.683566 82.9397 6
 255.000000 1.02424 0.0595661 -1.54197 1.00245 1.02156 0.685577 83.9233 6
 255.500000 0.926728 0.0206646 -1.50172 0.992875 1.02156 0.685577 83.9233 6
 256.000000 0.974668 -0.00457969 -1.55005 0.951311 1.02156 0.685577 83.9233 6
 256.500000 0.957469 0.0470799 -1.50528 1.01414 1.02156 0.685577 83.9233 6
 257.000000 0.962036 0.0252267 -1.5224 1.06215 1.02156 0.685577 83.9233 6
 257.500000 0.981662 0.0758843 -1.50299 1.0009 1.02135 0.687108 84.9069 6
 258.000000 0.945695 -0.0143298 -1.53699 1.03474 1.02135 0.687108 84.9069 6
 258.500000 0.96531 0.0644724 -1.49936 0.98252 1.02135 0.687108 84.9069 6
 259.000000 1.02145 -0.0134299 -1.58697 0.429559 1.02135 0.687108 84.9069 6
 259.500000 0.979385 0.0682247 -1.50638 1.02555 1.02135 0.687108 84.9069 6
 260.000000 0.946646 -0.0537824 -1.56314 0.814897 1.0194 0.710625 85.8314 6
 260.500000 0.898304 0.128122 -1.41348 -0.840083 1.0194 0.710625 85.8314 6
 261.000000 0.961416 0.00977664 -1.53194 1.0215 1.0194 0.710625 85.8314 6
 261.500000 0.960065 0.0575275 -1.5003 0.951505 1.0194 0.710625 85.8314 6
 262.000000 0.959842 0.0596047 -1.49882 0.940741 1.0194 0.710625 85.8314 6
 262.500000 0.99775 -0.0658062 -1.60495 -0.00417405 1.01278 0.699061 86.3696 6
 263.000000 0.986468 -0.0376531 -1.57926 0.579064 1.01278 0.699061 86.3696 6
 263.500000 0.935505 0.0299643 -1.5016 0.972005 1.01278 0.699061 86.3696 6
 264.000000 0.981515 -0.0420545 -1.5788 0.586843 1.01278 0.699061 86.3696 6
 264.500000 0.971201 0.0700894 -1.4997 0.958867 1.01278 0.699061 86.3696 6
 265.000000 0.933613 0.0478954 -1.48878 0.86196 1.01135 0.701284 87.3137 6
 265.500000 0.976364 0.0100253 -1.54177 0.993459 1.01135 0.701284 87.3137 6
 266.000000 0.964426 0.0698402 -1.49532 0.930838 1.01135 0.701284 87.3137 6
 266.500000 0.953024 0.16644 -1.42579 -0.41434 1.01135 0.701284 87.3137 6
 267.000000 0.95047 0.00937419 -1.52488 1.04619 1.01135 0.701284 87.3137 6
 267.500000 0.963382 0.0333067 -1.5181 1.04328 1.01167 0.702613 88.3068 6
 268.000000 0.958147 0.00169027 -1.53497 1.02918 1.01167 0.702613 88.3068 6
 268.500000 0.978753 0.0210061 -1.5363 1.02398 1.01167 0.702613 88.3068 6
 269.000000 0.992471 0.0324004 -1.53814 1.01588 1.01167 0.702613 88.3068 6
 269.500000 0.959181 -0.024222 -1.55238 0.91873 1.01167 0.702613 88.3068 6
 270.000000 0.993759 0.0394289 -1.53449 1.03093 1.01187 0.704359 89.2981 6
 270.500000 0.941906 0.0363247 -1.50178 0.985837 1.01187 0.704359 89.2981 6
 271.000000 0.990015 0.0847892 -1.50288 0.992961 1.01187 0.704359 89.2981 6
 271.500000 0.947679 0.0218218 -1.51499 1.04634 1.01187 0.704359 89.2981 6
 272.000000 0.938483 -0.0142297 -1.53211 1.04342 1.01187 0.704359 89.2981 6
 272.500000 0.926079 0.0326239 -1.49357 0.920377 1.011 0.706285 90.263 6
 273.000000 0.945425 0.045863 -1.498 0.964476 1.011 0.706285 90.263 6
 273.500000 0.916656 0.0332883 -1.48683 0.857587 1.011 0.706285 90.263 6
 274.000000 0.941705 0.0798543 -1.47365 0.679837 1.011 0.706285 90.263 6
 274.500000 0.95804 0.0805646 -1.48415 0.825924 1.011 0.706285 90.263 6
 275.000000 0.875768 0.0701476 -1.43563 -0.149511 1.00425 0.695407 90.7436 6
 275.500000 0.977994 -0.0297835 -1.56853 0.741293 1.00425 0.695407 90.7436 6
 276.000000 0.95388 -0.00388468 -1.53572 1.04366 1.00425 0.695407 90.7436 6
 276.500000 0.991762 0.0586747 -1.5208 1.07051 1.00425 0.695407 90.7436 6
 277.000000 0.996218 0.0585017 -1.52389 1.07066 1.00425 0.695407 90.7436 6
 277.500000 0.983155 0.0349007 -1.53031 1.06141 1.00482 0.696934 91.7399 6
 278.000000 1.01418 0.0115359 -1.56606 0.777832 1.00482 0.696934 91.7399 6
 278.500000 0.925325 0.0934946 -1.45389 0.320624 1.00482 0.696934 91.7399 6
 279.000000 0.956259 -0.0241683 -1.5504 0.953893 1.00482 0.696934 91.7399 6
 279.500000 0.913428 0.0136138 -1.49737 0.973743 1.00482 0.696934 91.7399 6
 280.000000 0.930927 0.0275916 -1.50006 0.99438 1.00472 0.69844 92.7252 6
 280.500000 1.01393 0.0588323 -1.53553 1.05153 1.00472 0.69844 92.7252 6
 281.000000 0.943601 0.0568144 -1.48973 0.908941 1.00472 0.69844 92.7252 6
 281.500000 0.951785 0.0377625 -1.50747 1.04489 1.00472 0.69844 92.7252 6
 282.000000 0.980122 0.0944887 -1.49003 0.912113 1.00472 0.69844 92.7252 6
 282.500000 0.91239 0.109222 -1.43509 -0.149589 0.998176 0.691804 93.2074 6
 283.000000 0.97541 -0.0152383 -1.55742 0.888129 0.998176 0.691804 93.2074 6
 283.500000 0.947591 -0.00798478 -1.53416 1.06315 0.998176 0.691804 93.2074 6
 284.000000 0.916058 0.104713 -1.44045 0.0198001 0.998176 0.691804 93.2074 6
 284.500000 0.926614 0.0248363 -1.49895 0.998584 0.998176 0.691804 93.2074 6
 285.000000 0.927688 -0.0660839 -1.55847 0.87616 0.997092 0.714 94.1606 6
 285.500000 0.928514 0.149957 -1.41982 -0.634068 0.997092 0.714 94.1606 6
 286.000000 0.935509 -0.0304746 -1.54063 1.00651 0.997092 0.714 94.1606 6
 286.500000 0.940878 0.01835 -1.51268 1.03812 0.997092 0.714 94.1606 6
 287.000000 0.958904 0.0710524 -1.49083 0.890845 0.997092 0.714 94.1606 6
 287.500000 0.951628 0.0439808 -1.50336 0.993812 0.997062 0.715459 95.1468 6
 288.000000 0.988234 -0.0218542 -1.57024 0.696825 0.997062 0.715459 95.1468 6
 288.500000 0.962916 -0.00839735 -1.54466 0.98242 0.997062 0.715459 95.1468 6
 289.000000 0.967201 -0.0320411 -1.56279 0.802524 0.997062 0.715459 95.1468 6
 289.500000 0.99787 0.00768434 -1.55765 0.864443 0.997062 0.715459 95.1468 6
 290.000000 0.990353 0.00918569 -1.55166 0.925621 0.996423 0.718651 96.1165 6
 290.500000 1.00855 0.0357127 -1.54677 0.971831 0.996423 0.718651 96.1165 6
 291.000000 0.991535 0.076676 -1.5091 1.02978 0.996423 0.718651 96.1165 6
 291.500000 0.993968 0.00597682 -1.55614 0.886381 0.996423 0.718651 96.1165 6
 292.000000 0.967039 -0.00172225 -1.54311 0.99745 0.996423 0.718651 96.1165 6
 292.500000 0.910928 -0.00159524 -1.50553 1.01149 0.996562 0.720025 97.1066 6
 293.000000 0.928152 0.0257792 -1.49937 0.976095 0.996562 0.720025 97.1066 6
 293.500000 0.935865 0.0364944 -1.49763 0.962189 0.996562 0.720025 97.1066 6
 294.000000 0.996839 -0.0268427 -1.5792 0.542457 0.996562 0.720025 97.1066 6
 294.500000 0.960062 -0.0522474 -1.57109 0.684262 0.996562 0.720025 97.1066 6
 295.000000 0.995172 -0.0564558 -1.5972 0.139314 0.991315 0.711174 97.7187 6
 295.500000 0.932021 -0.00348356 -1.52085 1.0731 0.991315 0.711174 97.7187 6
 296.000000 0.939929 0.0294263 -1.50491 1.02113 0.991315 0.711174 97.7187 6
 296.500000 0.964513 0.0611972 -1.50093 0.995185 0.991315 0.711174 97.7187 6
 297.000000 0.910736 0.0695536 -1.45949 0.420178 0.991315 0.711174 97.7187 6
 297.500000 1.00282 -0.00708988 -1.57046 0.710236 0.989105 0.716474 98.6093 6
 298.000000 0.933465 -0.026476 -1.53668 1.03508 0.989105 0.716474 98.6093 6
 298.500000 1.01635 0.0878263 -1.51859 1.05912 0.989105 0.716474 98.6093 6
 299.000000 0.924502 0.0163631 -1.50301 0.996452 0.989105 0.716474 98.6093 6
 299.500000 0.965752 0.0144243 -1.53185 1.05152 0.989105 0.716474 98.6093 6
 300.000000 0.990666 0.00625763 -1.55375 0.91865 0.988498 0.719897 99.5789 6
 300.500000 0.913071 0.0522559 -1.4722 0.632302 0.988498 0.719897 99.5789 6
 301.000000 0.99723 -0.016091 -1.57253 0.687542 0.988498 0.719897 99.5789 6
 301.500000 0.974968 -0.0254806 -1.56373 0.813282 0.988498 0.719897 99.5789 6
 302.000000 0.930412 0.0642576 -1.4761 0.695106 0.988498 0.719897 99.5789 6
 302.500000 1.00272 -0.0469528 -1.59609 0.20675 0.983686 0.712989 100.226 6
 303.000000 0.957361 0.068674 -1.49133 0.898537 0.983686 0.712989 100.226 6
 303.500000 0.979574 -0.0162074 -1.56082 0.859321 0.983686 0.712989 100.226 6
 304.000000 0.878497 0.0386694 -1.45779 0.363207 0.983686 0.712989 100.226 6
 304.500000 0.925821 -0.00314481 -1.51649 1.06089 0.983686 0.712989 100.226 6
 305.000000 0.988143 -0.0113496 -1.56341 0.828511 0.982424 0.722787 101.167 6
 305.500000 0.940763 -0.0140496 -1.53352 1.0426 0.982424 0.722787 101.167 6
 306.000000 0.985544 -0.0236419 -1.5696 0.744768 0.982424 0.722787 101.167 6
 306.500000 0.928351 0.0231282 -1.50122 0.968199 0.982424 0.722787 101.167 6
 307.000000 0.951679 -0.0230608 -1.54663 0.981664 0.982424 0.722787 101.167 6
 307.500000 0.919598 -0.047383 -1.54095 1.0144 0.982707 0.725251 102.16 6
 308.000000 0.925262 0.141716 -1.42291 -0.634155 0.982707 0.725251 102.16 6
 308.500000 0.96889 -0.0357507 -1.56631 0.792883 0.982707 0.725251 102.16 6
 309.000000 0.794025 0.2692 -1.25244 -12.2395 0.982707 0.725251 102.16 6
 309.500000 0.122546 0.553358 -0.598698 -8.73966 0.982707 0.725251 102.16 6
 310.000000 0.242799 0.508152 -0.714655 -10.7752 0.974049 0.725252 102.16 6
 310.500000 0.365513 0.437362 -0.847814 -14.59 0.974049 0.725252 102.16 6
 311.000000 0.40724 0.537541 -0.812063 -13.4929 0.974049 0.725252 102.16 6
 311.500000 0.388075 0.438913 -0.862644 -14.9959 0.974049 0.725252 102.16 6
 312.000000 0.375304 0.456888 -0.841955 -14.4176 0.974049 0.725252 102.16 6
 312.500000 0.342226 0.508804 -0.784791 -12.652 0.965465 0.621645 102.16 7
 313.000000 0.531412 0.467092 -0.944633 -15.9525 0.965465 0.621645 102.16 7
 313.500000 0.442622 0.525465 -0.844804 -14.3706 0.965465 0.621645 102.16 7
 314.000000 0.34441 0.477523 -0.806734 -13.1385 0.965465 0.621645 102.16 7
 314.500000 0.293256 0.490735 -0.761923 -11.8196 0.965465 0.621645 102.16 7
 315.000000 0.30631 0.411143 -0.823351 -13.6755 0.956955 0.543939 102.16 8
 315.500000 0.534859 0.492496 -0.930696 -15.8947 0.956955 0.543939 102.16 8
 316.000000 0.260524 0.618466 -0.655152 -9.28902 0.956955 0.543939 102.16 8
 316.500000 0.361286 0.439529 -0.843428 -14.1556 0.956955 0.543939 102.16 8
 317.000000 0.205347 0.489389 -0.700312 -10.1601 0.956955 0.543939 102.16 8
 317.500000 0.318725 0.39924 -0.839903 -14.0426 0.948516 0.543939 102.16 8
 318.000000 0.445388 0.55469 -0.827896 -13.6233 0.948516 0.543939 102.16 8
 318.500000 0.438687 0.470829 -0.877394 -15.1017 0.948516 0.543939 102.16 8
 319.000000 0.27882 0.512214 -0.737614 -11.031 0.948516 0.543939 102.16 8
 319.500000 0.410629 0.554157 -0.803709 -12.8994 0.948516 0.543939 102.16 8
 320.000000 0.378125 0.436216 -0.85742 -14.5174 0.940147 0.483502 102.16 9
 320.500000 0.177633 0.45386 -0.704029 -10.1289 0.940147 0.483502 102.16 9
 321.000000 0.410467 0.451437 -0.870197 -14.7501 0.940147 0.483502 102.16 9
 321.500000 0.432523 0.475201 -0.870237 -14.7513 0.940147 0.483502 102.16 9
 322.000000 0.284842 0.358203 -0.843114 -13.9554 0.940147 0.483502 102.16 9
 322.500000 0.368753 0.479546 -0.822579 -13.3532 0.931849 0.483502 102.16 9
 323.000000 0.47093 0.501984 -0.87985 -14.9955 0.931849 0.483502 102.16 9
 323.500000 0.25728 0.429051 -0.776967 -12.0106 0.931849 0.483502 102.16 9
 324.000000 0.33878 0.501937 -0.78683 -12.2899 0.931849 0.483502 102.16 9
 324.500000 0.441877 0.539818 -0.835014 -13.6459 0.931849 0.483502 102.16 9
 325.000000 0.332715 0.437346 -0.824755 -13.3581 0.923618 0.483502 102.16 9
 325.500000 0.175508 0.466272 -0.694296 -9.92456 0.923618 0.483502 102.16 9
 326.000000 0.502578 0.47645 -0.918478 -15.7777 0.923618 0.483502 102.16 9
 326.500000 0.233971 0.404353 -0.776779 -12.0028 0.923618 0.483502 102.16 9
 327.000000 0.405252 0.406693 -0.895687 -15.3979 0.923618 0.483502 102.16 9
 327.500000 0.236257 0.492262 -0.720441 -10.496 0.915455 0.483502 102.16 9
 328.000000 0.39633 0.434268 -0.871462 -14.6941 0.915455 0.483502 102.16 9
 328.500000 0.244462 0.404878 -0.78385 -12.1863 0.915455 0.483502 102.16 9
 329.000000 0.372034 0.533362 -0.7899 -12.3594 0.915455 0.483502 102.16 9
 329.500000 0.423697 0.491045 -0.853768 -14.1236 0.915455 0.483502 102.16 9
 330.000000 0.325243 0.499285 -0.778985 -12.0453 0.907358 0.483502 102.16 9
 330.500000 0.478945 0.48974 -0.893371 -15.3418 0.907358 0.483502 102.16 9
 331.000000 0.482399 0.512253 -0.881271 -15.0042 0.907358 0.483502 102.16 9
 331.500000 0.236474 0.461618 -0.740766 -10.9403 0.907358 0.483502 102.16 9
 332.000000 0.402266 0.391825 -0.903303 -15.5587 0.907358 0.483502 102.16 9
 332.500000 0.486675 0.440722 -0.930452 -15.8752 0.899326 0.435152 102.16 10
 333.000000 0.422411 0.49475 -0.850463 -13.9231 0.899326 0.435152 102.16 10
 333.500000 0.583406 0.623276 -0.881161 -14.9303 0.899326 0.435152 102.16 10
 334.000000 0.149416 0.33821 -0.760861 -11.3915 0.899326 0.435152 102.16 10
 334.500000 0.255952 0.525552 -0.712607 -10.1817 0.899326 0.435152 102.16 10
 335.000000 0.117231 0.506173 -0.626123 -8.61815 0.891358 0.395596 102.16 11
 335.500000 0.31928 0.408746 -0.834051 -13.3463 0.891358 0.395596 102.16 11
 336.000000 0.348359 0.483451 -0.805652 -12.5475 0.891358 0.395596 102.16 11
 336.500000 0.407891 0.379589 -0.915222 -15.6378 0.891358 0.395596 102.16 11
 337.000000 0.436045 0.493141 -0.861085 -14.192 0.891358 0.395596 102.16 11
 337.500000 0.1145 0.538276 -0.602879 -8.19937 0.883454 0.395597 102.16 11
 338.000000 0.251 0.477082 -0.740903 -10.7565 0.883454 0.395597 102.16 11
 338.500000 0.338013 0.45903 -0.814302 -12.7886 0.883454 0.395597 102.16 11
 339.000000 0.265844 0.452946 -0.767301 -11.4836 0.883454 0.395597 102.16 11
 339.500000 0.329167 0.425159 -0.830241 -13.2368 0.883454 0.395597 102.16 11
 340.000000 0.329779 0.422713 -0.832275 -13.2951 0.875611 0.395597 102.16 11
 340.500000 0.339317 0.447561 -0.822719 -12.9769 0.875611 0.395597 102.16 11
 341.000000 0.377207 0.488391 -0.822778 -12.9785 0.875611 0.395597 102.16 11
 341.500000 0.216244 0.413232 -0.758358 -11.2324 0.875611 0.395597 102.16 11
 342.000000 0.303134 0.490705 -0.768941 -11.529 0.875611 0.395597 102.16 11
 342.500000 0.228356 0.527879 -0.691401 -9.65611 0.867829 0.362632 102.16 12
 343.000000 0.280877 0.399219 -0.813281 -12.6512 0.867829 0.362632 102.16 12
 343.500000 0.52091 0.448701 -0.949166 -15.8652 0.867829 0.362632 102.16 12
 344.000000 0.319964 0.515604 -0.764595 -11.3191 0.867829 0.362632 102.16 12
 344.500000 0.52854 0.491234 -0.927094 -15.7295 0.867829 0.362632 102.16 12
 345.000000 0.413407 0.43403 -0.883582 -14.8294 0.860107 0.334737 102.16 13
 345.500000 0.454391 0.39611 -0.936882 -15.7523 0.860107 0.334737 102.16 13
 346.000000 0.225273 0.497127 -0.709418 -9.80749 0.860107 0.334737 102.16 13
 346.500000 0.288271 0.423703 -0.802381 -12.2882 0.860107 0.334737 102.16 13
 347.000000 0.267469 0.603173 -0.670094 -9.04585 0.860107 0.334737 102.16 13
 347.500000 0.26957 0.383179 -0.81589 -12.6466 0.852444 0.334737 102.16 13
 348.000000 0.369771 0.531881 -0.789261 -11.9109 0.852444 0.334737 102.16 13
 348.500000 0.353375 0.460495 -0.82417 -12.7697 0.852444 0.334737 102.16 13
 349.000000 0.363605 0.469478 -0.825514 -12.8031 0.852444 0.334737 102.16 13
 349.500000 0.321309 0.446062 -0.811011 -12.4507 0.852444 0.334737 102.16 13
 350.000000 0.314288 0.474904 -0.787172 -11.8568 0.844839 0.334737 102.16 13
 350.500000 0.240002 0.574139 -0.669397 -9.03271 0.844839 0.334737 102.16 13
 351.000000 0.525932 0.389823 -0.990699 -15.9845 0.844839 0.334737 102.16 13
 351.500000 0.246199 0.569308 -0.676992 -9.17575 0.844839 0.334737 102.16 13
 352.000000 0.340149 0.468236 -0.809792 -12.3324 0.844839 0.334737 102.16 13
 352.500000 0.584745 0.565019 -0.919158 -15.5481 0.837292 0.334737 102.16 13
 353.000000 0.18774 0.525099 -0.664192 -8.93465 0.837292 0.334737 102.16 13
 353.500000 0.324888 0.45018 -0.810838 -12.3584 0.837292 0.334737 102.16 13
 354.000000 0.146639 0.485669 -0.660816 -8.87121 0.837292 0.334737 102.16 13
 354.500000 0.34593 0.272416 -0.942417 -15.7145 0.837292 0.334737 102.16 13
 355.000000 0.312728 0.45102 -0.801709 -12.1348 0.829801 0.334737 102.16 13
 355.500000 0.414316 0.414733 -0.896785 -15.0343 0.829801 0.334737 102.16 13
 356.000000 0.451718 0.463347 -0.891372 -14.8871 0.829801 0.334737 102.16 13
 356.500000 0.386607 0.527181 -0.804209 -12.1074 0.829801 0.334737 102.16 13
 357.000000 0.481103 0.476118 -0.903677 -15.194 0.829801 0.334737 102.16 13
 357.500000 0.427418 0.435449 -0.892469 -14.9185 0.822366 0.334737 102.16 13
 358.000000 0.319588 0.480612 -0.787185 -11.7347 0.822366 0.334737 102.16 13
 358.500000 0.147112 0.436919 -0.693496 -9.48828 0.822366 0.334737 102.16 13
 359.000000 0.21505 0.429847 -0.746524 -10.7179 0.822366 0.334737 102.16 13
 359.500000 0.422036 0.497056 -0.848705 -13.3594 0.822366 0.334737 102.16 13
 360.000000 -0.172921 0.44624 -0.455717 -7.40472 0.814988 0.334737 102.161 13
 360.500000 0.260783 0.438653 -0.773122 -11.5689 0.814988 0.334737 102.161 13
 361.000000 0.49405 0.505704 -0.893657 -14.9748 0.814988 0.334737 102.161 13
 361.500000 0.463173 0.443172 -0.912457 -15.3304 0.814988 0.334737 102.161 13
 362.000000 0.164998 0.545799 -0.634238 -8.42412 0.814988 0.334737 102.161 13
 362.500000 0.163033 0.526569 -0.645516 -8.62427 0.807663 0.310829 102.161 14
 363.000000 0.118066 0.443638 -0.668273 -8.93442 0.807663 0.310829 102.161 14
 363.500000 0.429627 0.447414 -0.886239 -14.7335 0.807663 0.310829 102.161 14
 364.000000 0.277795 0.469897 -0.764628 -11.2849 0.807663 0.310829 102.161 14
 364.500000 0.119146 0.519082 -0.618941 -8.09827 0.807663 0.310829 102.161 14
 365.000000 0.379231 0.390654 -0.887962 -14.7817 0.80039 0.310829 102.161 14
 365.500000 0.0820023 0.471702 -0.623714 -8.16049 0.80039 0.310829 102.161 14
 366.000000 0.413003 0.481707 -0.85231 -13.5396 0.80039 0.310829 102.161 14
 366.500000 0.390534 0.479854 -0.837715 -13.0534 0.80039 0.310829 102.161 14
 367.000000 0.446197 0.534792 -0.841299 -13.1673 0.80039 0.310829 102.161 14
 367.500000 0.205258 0.458626 -0.72055 -10.0809 0.79317 0.310829 102.161 14
 368.000000 -0.059629 0.487063 -0.510924 -7.27702 0.79317 0.310829 102.161 14
 368.500000 -0.0917697 0.545665 -0.44801 -7.30854 0.79317 0.310829 102.161 14
 369.000000 -0.350698 0.606827 -0.21431 -11.1469 0.79317 0.310829 102.161 14
 369.500000 -0.244553 0.659548 -0.258143 -9.98246 0.79317 0.310829 102.161 14
 370.000000 -0.328045 0.508753 -0.298228 -9.09579 0.786002 0.290109 102.161 15
 370.500000 0.172513 0.38329 -0.747207 -10.6487 0.786002 0.290109 102.161 15
 371.000000 0.547674 0.483606 -0.945351 -15.684 0.786002 0.290109 102.161 15
 371.500000 0.437826 0.437342 -0.89852 -14.8835 0.786002 0.290109 102.161 15
 372.000000 0.318014 0.414294 -0.829519 -12.7457 0.786002 0.290109 102.161 15
 372.500000 0.350392 0.445702 -0.831732 -12.8099 0.778884 0.290109 102.161 15
 373.000000 0.532831 0.484365 -0.934508 -15.5296 0.778884 0.290109 102.161 15
 373.500000 0.378514 0.376915 -0.896452 -14.801 0.778884 0.290109 102.161 15
 374.000000 0.432781 0.486379 -0.863173 -13.7373 0.778884 0.290109 102.161 15
 374.500000 0.430888 0.503431 -0.850799 -13.299 0.778884 0.290109 102.161 15
 375.000000 0.331254 0.444542 -0.819015 -12.4063 0.771817 0.290109 102.161 15
 375.500000 0.455172 0.403624 -0.932541 -15.4989 0.771817 0.290109 102.161 15
 376.000000 0.362865 0.529952 -0.785629 -11.6773 0.771817 0.290109 102.161 15
 376.500000 0.409315 0.419362 -0.89027 -14.6214 0.771817 0.290109 102.161 15
 377.000000 0.171839 0.466307 -0.691655 -9.34487 0.771817 0.290109 102.161 15
 377.500000 0.484707 0.424943 -0.939296 -15.6012 0.7648 0.290109 102.161 15
 378.000000 0.286443 0.380413 -0.829591 -12.5608 0.7648 0.290109 102.161 15
 378.500000 0.419388 0.451466 -0.876433 -14.16 0.7648 0.290109 102.161 15
 379.000000 0.269704 0.463964 -0.762793 -11.107 0.7648 0.290109 102.161 15
 379.500000 0.347263 0.439046 -0.833882 -12.6712 0.7648 0.290109 102.161 15
 380.000000 0.0499779 0.554451 -0.5455 -7.37326 0.757833 0.290109 102.161 15
 380.500000 0.416881 0.490866 -0.849093 -13.1392 0.757833 0.290109 102.161 15
 381.000000 0.374942 0.533264 -0.792019 -11.7948 0.757833 0.290109 102.161 15
 381.500000 0.205338 0.550375 -0.660161 -8.64785 0.757833 0.290109 102.161 15
 382.000000 0.293765 0.510046 -0.749646 -10.6899 0.757833 0.290109 102.161 15
 382.500000 0.488639 0.435109 -0.935454 -15.443 0.750912 0.290109 102.161 15
 383.000000 0.159258 0.350657 -0.759532 -10.9856 0.750912 0.290109 102.161 15
 383.500000 0.113987 0.408267 -0.688922 -9.23792 0.750912 0.290109 102.161 15
 384.000000 0.115548 0.411294 -0.688019 -9.21929 0.750912 0.290109 102.161 15
 384.500000 0.544711 0.470506 -0.951706 -15.5404 0.750912 0.290109 102.161 15
 385.000000 0.0942768 0.566717 -0.569443 -7.47944 0.744041 0.29011 102.162 15
 385.500000 0.379936 0.528551 -0.798608 -11.848 0.744041 0.29011 102.162 15
 386.000000 0.174619 0.426084 -0.720288 -9.80994 0.744041 0.29011 102.162 15
 386.500000 0.23241 0.497572 -0.714209 -9.6725 0.744041 0.29011 102.162 15
 387.000000 0.329416 0.474352 -0.798221 -11.8403 0.744041 0.29011 102.162 15
 387.500000 0.221701 0.479827 -0.718266 -9.76342 0.737216 0.29011 102.162 15
 388.000000 0.480975 0.467013 -0.90947 -14.9932 0.737216 0.29011 102.162 15
 388.500000 0.397694 0.453001 -0.860217 -13.5075 0.737216 0.29011 102.162 15
 389.000000 0.0839014 0.455847 -0.635648 -8.1273 0.737216 0.29011 102.162 15
 389.500000 0.351252 0.407526 -0.857313 -13.397 0.737216 0.29011 102.162 15
 390.000000 0.327099 0.467616 -0.800989 -11.8916 0.730436 0.29011 102.162 15
 390.500000 0.402555 0.435945 -0.874732 -14.0508 0.730436 0.29011 102.162 15
 391.000000 0.275649 0.524167 -0.727536 -9.89931 0.730436 0.29011 102.162 15
 391.500000 0.20868 0.449322 -0.72913 -9.93785 0.730436 0.29011 102.162 15
 392.000000 0.463821 0.518657 -0.864102 -13.626 0.730436 0.29011 102.162 15
 392.500000 0.272919 0.459212 -0.768191 -11.0711 0.723702 0.29011 102.162 15
 393.000000 0.553266 0.551473 -0.905763 -14.9298 0.723702 0.29011 102.162 15
 393.500000 0.352459 0.367009 -0.884722 -14.4081 0.723702 0.29011 102.162 15
 394.000000 0.285649 0.435241 -0.792946 -11.5309 0.723702 0.29011 102.162 15
 394.500000 0.138006 0.378071 -0.726172 -9.86023 0.723702 0.29011 102.162 15
 395.000000 0.504848 0.421804 -0.955356 -15.5847 0.717013 0.29011 102.162 15
 395.500000 0.490354 0.442244 -0.932035 -15.2161 0.717013 0.29011 102.162 15
 396.000000 0.271148 0.554893 -0.704235 -9.4128 0.717013 0.29011 102.162 15
 396.500000 0.418693 0.410378 -0.902682 -14.8611 0.717013 0.29011 102.162 15
 397.000000 0.48998 0.511789 -0.886886 -14.4745 0.717013 0.29011 102.162 15
 397.500000 0.403884 0.461389 -0.859105 -13.4208 0.710368 0.29011 102.162 15
 398.000000 0.249781 0.507167 -0.720273 -9.7302 0.710368 0.29011 102.162 15
 398.500000 0.304273 0.451092 -0.795693 -11.5869 0.710368 0.29011 102.162 15
 399.000000 0.24839 0.481557 -0.736107 -10.1018 0.710368 0.29011 102.162 15
 399.500000 0.508388 0.36366 -0.995488 -15.9048 0.710368 0.29011 102.162 15
 400.000000 0.507166 0.446933 -0.940729 -15.2912 0.703768 0.29011 102.162 15
 400.500000 0.222012 0.466823 -0.727058 -9.88061 0.703768 0.29011 102.162 15
 401.000000 0.286579 0.469942 -0.77082 -11.0438 0.703768 0.29011 102.162 15
 401.500000 0.478818 0.516828 -0.87581 -13.9422 0.703768 0.29011 102.162 15
 402.000000 0.322125 0.514988 -0.766529 -10.9353 0.703768 0.29011 102.162 15
 402.500000 0.313135 0.450485 -0.802346 -11.7252 0.69721 0.29011 102.162 15
 403.000000 0.386267 0.454211 -0.851405 -12.9877 0.69721 0.29011 102.162 15
 403.500000 -0.0175225 0.537758 -0.507577 -7.09638 0.69721 0.29011 102.162 15
 404.000000 -0.102228 0.527377 -0.452649 -7.16276 0.69721 0.29011 102.162 15
 404.500000 0.433594 0.552334 -0.821098 -12.0446 0.69721 0.29011 102.162 15
 405.000000 0.45461 0.40209 -0.933147 -15.1229 0.690696 0.29011 102.162 15
 405.500000 0.409102 0.450518 -0.869837 -13.6899 0.690696 0.29011 102.162 15
 406.000000 0.419641 0.333722 -0.953389 -15.2266 0.690696 0.29011 102.162 15
 406.500000 0.448617 0.578261 -0.814993 -11.8971 0.690696 0.29011 102.162 15
 407.000000 0.349537 0.34942 -0.894229 -14.5131 0.690696 0.29011 102.162 15
 407.500000 0.501799 0.402817 -0.965526 -15.4214 0.684223 0.271978 102.162 16
 408.000000 0.288262 0.47188 -0.77074 -10.955 0.684223 0.271978 102.162 16
 408.500000 0.328256 0.438317 -0.820979 -11.982 0.684223 0.271978 102.162 16
 409.000000 0.424258 0.460534 -0.873957 -13.792 0.684223 0.271978 102.162 16
 409.500000 0.336918 0.524093 -0.771074 -10.9626 0.684223 0.271978 102.162 16
 410.000000 0.126541 0.427643 -0.684978 -8.98648 0.677793 0.271978 102.162 16
 410.500000 -0.00550569 0.447137 -0.577051 -7.40819 0.677793 0.271978 102.162 16
 411.000000 0.120717 0.441668 -0.67148 -8.67016 0.677793 0.271978 102.162 16
 411.500000 0.255001 0.550481 -0.695601 -9.10464 0.677793 0.271978 102.162 16
 412.000000 0.337166 0.444527 -0.823189 -12.0387 0.677793 0.271978 102.162 16
 412.500000 0.318626 0.529393 -0.754653 -10.5366 0.671403 0.25598 102.162 17
 413.000000 0.543737 0.539928 -0.906478 -14.681 0.671403 0.25598 102.162 17
 413.500000 0.317782 0.4649 -0.796188 -11.3409 0.671403 0.25598 102.162 17
 414.000000 0.288574 0.479067 -0.76625 -10.6876 0.671403 0.25598 102.162 17
 414.500000 0.537333 0.484738 -0.937411 -14.9339 0.671403 0.25598 102.162 17
 415.000000 0.408287 0.407174 -0.897496 -14.5009 0.665054 0.25598 102.162 17
 415.500000 0.439498 0.45918 -0.885515 -14.0808 0.665054 0.25598 102.162 17
 416.000000 0.176738 0.473409 -0.690453 -8.95268 0.665054 0.25598 102.162 17
 416.500000 0.348825 0.346421 -0.895702 -14.3447 0.665054 0.25598 102.162 17
 417.000000 0.236493 0.476406 -0.731041 -9.79261 0.665054 0.25598 102.162 17
 417.500000 0.474892 0.450663 -0.915793 -14.6767 0.658745 0.25598 102.162 17
 418.000000 0.384964 0.471753 -0.839066 -12.4437 0.658745 0.25598 102.162 17
 418.500000 0.370965 0.422537 -0.861326 -13.2355 0.658745 0.25598 102.162 17
 419.000000 0.438515 0.463221 -0.882206 -13.9543 0.658745 0.25598 102.162 17
 419.500000 0.403158 0.474365 -0.85016 -12.8243 0.658745 0.25598 102.162 17
 420.000000 0.318723 0.458587 -0.800983 -11.4428 0.652475 0.25598 102.162 17
 420.500000 0.389992 0.342452 -0.927035 -14.6459 0.652475 0.25598 102.162 17
 421.000000 0.236823 0.530814 -0.695517 -9.04518 0.652475 0.25598 102.162 17
 421.500000 0.429904 0.379567 -0.930589 -14.6798 0.652475 0.25598 102.162 17
 422.000000 0.502269 0.411165 -0.960447 -15.1021 0.652475 0.25598 102.162 17
 422.500000 0.264541 0.433092 -0.779441 -10.9391 0.646245 0.25598 102.162 17
 423.000000 0.218831 0.591793 -0.642666 -8.1154 0.646245 0.25598 102.162 17
 423.500000 0.325865 0.401534 -0.843414 -12.4899 0.646245 0.25598 102.162 17
 424.000000 0.223691 0.381656 -0.784527 -10.9329 0.646245 0.25598 102.162 17
 424.500000 0.258073 0.446491 -0.766044 -10.6014 0.646245 0.25598 102.162 17
 425.000000 0.295074 0.502725 -0.755364 -10.3736 0.640053 0.25598 102.162 17
 425.500000 0.272022 0.476217 -0.756389 -10.3073 0.640053 0.25598 102.162 17
 426.000000 0.13241 0.501397 -0.640193 -8.07597 0.640053 0.25598 102.162 17
 426.500000 0.125622 0.509055 -0.630243 -7.92605 0.640053 0.25598 102.162 17
 427.000000 -0.306028 0.507698 -0.315373 -8.63862 0.640053 0.25598 102.162 17
 427.500000 -0.46743 0.613306 -0.12176 -14.36 0.633899 0.25598 102.162 17
 428.000000 -0.528609 0.581918 -0.0968308 -14.9315 0.633899 0.25598 102.162 17
 428.500000 -0.573959 0.55285 -0.0823209 -15.2595 0.633899 0.25598 102.162 17
 429.000000 -0.950733 0.833074 0.398778 -16 0.633899 0.25598 102.162 17
 429.500000 -0.69582 1.2322 0.467815 -16 0.633899 0.25598 102.162 17
 430.000000 -0.725943 1.28174 0.523423 -16 0.627783 0.241758 102.162 18
 430.500000 -0.544918 1.44016 0.486378 -15.9528 0.627783 0.241758 102.162 18
 431.000000 -0.540411 1.4492 0.488712 -15.9466 0.627783 0.241758 102.162 18
 431.500000 -0.678128 1.36615 0.541453 -15.8997 0.627783 0.241758 102.162 18
 432.000000 -0.402568 1.61887 0.49046 -15.9419 0.627783 0.241758 102.162 18
 432.500000 -0.518314 1.53122 0.524269 -15.874 0.621704 0.241758 102.162 18
 433.000000 -0.456445 1.68687 0.575442 -15.958 0.621704 0.241758 102.162 18
 433.500000 -0.439202 1.49282 0.438436 -15.9984 0.621704 0.241758 102.162 18
 434.000000 -0.530383 1.29275 0.379763 -16 0.621704 0.241758 102.162 18
 434.500000 -0.624493 1.46057 0.56105 -15.8998 0.621704 0.241758 102.162 18
 435.000000 -0.650482 1.24928 0.444034 -15.9969 0.615661 0.229034 102.162 19
 435.500000 -0.421604 1.60989 0.499518 -15.8072 0.615661 0.229034 102.162 19
 436.000000 -0.460084 1.51938 0.471599 -15.8831 0.615661 0.229034 102.162 19
 436.500000 -0.595709 1.43602 0.52297 -15.7412 0.615661 0.229034 102.162 19
 437.000000 -0.596789 1.38819 0.492914 -15.8351 0.615661 0.229034 102.162 19
 437.500000 -0.621551 1.4428 0.547322 -15.8181 0.609655 0.229034 102.162 19
 438.000000 -0.533585 1.40408 0.454358 -15.8723 0.609655 0.229034 102.162 19
 438.500000 -0.709602 1.28648 0.513913 -15.6818 0.609655 0.229034 102.162 19
 439.000000 -0.476057 1.4965 0.469314 -15.8724 0.609655 0.229034 102.162 19
 439.500000 -0.657571 1.36354 0.523886 -15.6438 0.609655 0.229034 102.162 19
 440.000000 -0.578971 1.35231 0.455925 -15.8727 0.603685 0.229034 102.162 19
 440.500000 -0.845422 1.20274 0.563766 -15.778 0.603685 0.229034 102.162 19
 441.000000 -0.513809 1.58307 0.55392 -15.7107 0.603685 0.229034 102.162 19
 441.500000 -0.434661 1.44195 0.40229 -15.9283 0.603685 0.229034 102.162 19
 442.000000 -0.691095 1.36233 0.548982 -15.6819 0.603685 0.229034 102.162 19
 442.500000 -0.584665 1.35281 0.460647 -15.7558 0.59775 0.229034 102.162 19
 443.000000 -0.680951 1.36717 0.544289 -15.6572 0.59775 0.229034 102.162 19
 443.500000 -0.562473 1.47532 0.522581 -15.6262 0.59775 0.229034 102.162 19
 444.000000 -0.493832 1.44775 0.45177 -15.643 0.59775 0.229034 102.162 19
 444.500000 -0.620269 1.43639 0.542194 -15.6486 0.59775 0.229034 102.162 19
 445.000000 -0.538808 1.45918 0.493897 -15.6821 0.591851 0.217583 102.162 20
 445.500000 -0.433332 1.54674 0.468371 -15.5546 0.591851 0.217583 102.162 20
 446.000000 -0.542359 1.51597 0.533111 -15.5597 0.591851 0.217583 102.162 20
 446.500000 -0.581654 1.47641 0.538118 -15.5791 0.591851 0.217583 102.162 20
 447.000000 -0.480322 1.52297 0.489567 -15.5557 0.591851 0.217583 102.162 20
 447.500000 -0.589556 1.38387 0.484536 -15.5559 0.585985 0.217583 102.162 20
 448.000000 -0.443387 1.44041 0.408049 -15.8548 0.585985 0.217583 102.162 20
 448.500000 -0.637261 1.44883 0.563353 -15.7471 0.585985 0.217583 102.162 20
 449.000000 -0.507132 1.45973 0.469753 -15.4502 0.585985 0.217583 102.162 20
 449.500000 -0.554074 1.48524 0.522455 -15.4825 0.585985 0.217583 102.162 20
 450.000000 -0.492207 1.46341 0.460573 -15.4736 0.580155 0.217583 102.162 20
 450.500000 -0.473273 1.56079 0.508282 -15.4188 0.580155 0.217583 102.162 20
 451.000000 -0.518326 1.40927 0.445915 -15.4372 0.580155 0.217583 102.162 20
 451.500000 -0.393812 1.52028 0.420874 -15.682 0.580155 0.217583 102.162 20
 452.000000 -0.578098 1.43899 0.511277 -15.4276 0.580155 0.217583 102.162 20
 452.500000 -0.583289 1.44462 0.518914 -15.4523 0.574357 0.217583 102.162 20
 453.000000 -0.641998 1.38762 0.527464 -15.3686 0.574357 0.217583 102.162 20
 453.500000 -0.609653 1.47031 0.555845 -15.6036 0.574357 0.217583 102.162 20
 454.000000 -0.484523 1.45901 0.451807 -15.3875 0.574357 0.217583 102.162 20
 454.500000 -0.517072 1.55128 0.536138 -15.4218 0.574357 0.217583 102.162 20
 455.000000 -0.50696 1.47769 0.481158 -15.2974 0.568594 0.229034 102.162 19
 455.500000 -0.533002 1.47407 0.498983 -15.1931 0.568594 0.229034 102.162 19
 456.000000 -0.65307 1.30425 0.481891 -15.161 0.568594 0.229034 102.162 19
 456.500000 -0.450597 1.50185 0.453038 -15.2735 0.568594 0.229034 102.162 19
 457.000000 -0.622539 1.35544 0.491588 -15.1729 0.568594 0.229034 102.162 19
 457.500000 -0.565871 1.41208 0.48447 -15.1623 0.562863 0.229034 102.162 19
 458.000000 -0.568788 1.48571 0.53414 -15.3468 0.562863 0.229034 102.162 19
 458.500000 -0.632529 1.42843 0.546534 -15.4809 0.562863 0.229034 102.162 19
 459.000000 -0.625352 1.39961 0.522363 -15.24 0.562863 0.229034 102.162 19
 459.500000 -0.551474 1.45062 0.498181 -15.0887 0.562863 0.229034 102.162 19
 460.000000 -0.518341 1.5729 0.550938 -15.5324 0.557165 0.229034 102.162 19
 460.500000 -0.683599 1.33119 0.522968 -15.1783 0.557165 0.229034 102.162 19
 461.000000 -0.507714 1.37295 0.414266 -15.7027 0.557165 0.229034 102.162 19
 461.500000 -0.661017 1.29627 0.482824 -15.0408 0.557165 0.229034 102.162 19
 462.000000 -0.719005 1.2765 0.514649 -15.133 0.557165 0.229034 102.162 19
 462.500000 -0.523172 1.51151 0.515402 -15.1368 0.551499 0.229034 102.162 19
 463.000000 -0.613696 1.34394 0.477302 -14.9955 0.551499 0.229034 102.162 19
 463.500000 -0.653798 1.30045 0.479974 -14.987 0.551499 0.229034 102.162 19
 464.000000 -0.533727 1.51304 0.524554 -15.072 0.551499 0.229034 102.162 19
 464.500000 -0.591972 1.32649 0.449208 -15.2155 0.551499 0.229034 102.162 19
 465.000000 -0.563444 1.49493 0.535928 -15.1585 0.545865 0.229034 102.162 19
 465.500000 -0.529784 1.3611 0.423642 -15.5732 0.545865 0.229034 102.162 19
 466.000000 -0.796779 1.33742 0.614333 -15.9473 0.545865 0.229034 102.162 19
 466.500000 -0.36446 1.5191 0.397396 -15.8731 0.545865 0.229034 102.162 19
 467.000000 -0.528783 1.42354 0.463196 -15.0683 0.545865 0.229034 102.162 19
 467.500000 -0.596371 1.54259 0.591992 -15.784 0.540263 0.217583 102.162 20
 468.000000 -0.43712 1.4748 0.42528 -15.5308 0.540263 0.217583 102.162 20
 468.500000 -0.624444 1.33133 0.47741 -14.9457 0.540263 0.217583 102.162 20
 469.000000 -0.475987 1.48421 0.461381 -15.0536 0.540263 0.217583 102.162 20
 469.500000 -0.606011 1.42789 0.52569 -14.9486 0.540263 0.217583 102.162 20
 470.000000 -0.647167 1.3298 0.493956 -14.8999 0.534692 0.217583 102.162 20
 470.500000 -0.46971 1.56259 0.506671 -14.7888 0.534692 0.217583 102.162 20
 471.000000 -0.451947 1.52792 0.470766 -14.8736 0.534692 0.217583 102.162 20
 471.500000 -0.635903 1.45223 0.564495 -15.3041 0.534692 0.217583 102.162 20
 472.000000 -0.472715 1.41112 0.411866 -15.7069 0.534692 0.217583 102.162 20
 472.500000 -0.522543 1.5863 0.562755 -15.2795 0.529152 0.217583 102.162 20
 473.000000 -0.589817 1.39945 0.494811 -14.7711 0.529152 0.217583 102.162 20
 473.500000 -0.608226 1.44744 0.540014 -14.9238 0.529152 0.217583 102.162 20
 474.000000 -0.722009 1.48676 0.653315 -15.9695 0.529152 0.217583 102.162 20
 474.500000 -0.694391 1.43671 0.599678 -15.6206 0.529152 0.217583 102.162 20
 475.000000 -0.507133 1.39348 0.427078 -15.4728 0.523642 0.207222 102.162 21
 475.500000 -0.5278 1.47912 0.498203 -14.7304 0.523642 0.207222 102.162 21
 476.000000 -0.632734 1.29998 0.463419 -14.8721 0.523642 0.207222 102.162 21
 476.500000 -0.663367 1.39624 0.549551 -14.9795 0.523642 0.207222 102.162 21
 477.000000 -0.576104 1.40643 0.488727 -14.7399 0.523642 0.207222 102.162 21
 477.500000 -0.693556 1.45992 0.614018 -15.7562 0.518163 0.197802 102.162 22
 478.000000 -0.505668 1.58885 0.551298 -14.9606 0.518163 0.197802 102.162 22
 478.500000 -0.590795 1.40328 0.49804 -14.6979 0.518163 0.197802 102.162 22
 479.000000 -0.342482 1.64827 0.462481 -14.8498 0.518163 0.197802 102.162 22
 479.500000 -0.643925 1.36701 0.515602 -14.7247 0.518163 0.197802 102.162 22
 480.000000 -0.634632 1.28635 0.456009 -14.9147 0.512713 0.197802 102.162 22
 480.500000 -0.662387 1.29509 0.483112 -14.6385 0.512713 0.197802 102.162 22
 481.000000 -0.547004 1.44929 0.493871 -14.6389 0.512713 0.197802 102.162 22
 481.500000 -0.501744 1.62798 0.573191 -15.2071 0.512713 0.197802 102.162 22
 482.000000 -0.677898 1.41654 0.573902 -15.2155 0.512713 0.197802 102.162 22
 482.500000 -0.669359 1.28087 0.479216 -14.6453 0.507293 0.197802 102.162 22
 483.000000 -0.558735 1.39843 0.470143 -14.5609 0.507293 0.197802 102.162 22
 483.500000 -0.523054 1.42014 0.456582 -14.6697 0.507293 0.197802 102.162 22
 484.000000 -0.603198 1.41365 0.514322 -14.627 0.507293 0.197802 102.162 22
 484.500000 -0.318505 1.64731 0.443261 -14.8459 0.507293 0.197802 102.162 22
 485.000000 -0.58677 1.38433 0.482684 -14.5238 0.501902 0.197802 102.162 22
 485.500000 -0.417788 1.5259 0.443022 -14.7691 0.501902 0.197802 102.162 22
 486.000000 -0.674817 1.42748 0.578592 -15.2648 0.501902 0.197802 102.162 22
 486.500000 -0.662157 1.40327 0.553163 -14.9486 0.501902 0.197802 102.162 22
 487.000000 -0.406743 1.58373 0.471349 -14.4393 0.501902 0.197802 102.162 22
 487.500000 -0.660457 1.42286 0.564517 -15.0902 0.49654 0.197802 102.162 22
 488.000000 -0.489359 1.44372 0.445718 -14.7234 0.49654 0.197802 102.162 22
 488.500000 -0.44076 1.49266 0.439542 -14.8315 0.49654 0.197802 102.162 22
 489.000000 -0.496637 1.54968 0.519285 -14.561 0.49654 0.197802 102.162 22
 489.500000 -0.51275 1.38628 0.426769 -15.0858 0.49654 0.197802 102.162 22
 490.000000 -0.412525 1.52281 0.436975 -14.8798 0.491207 0.197802 102.162 22
 490.500000 -0.63145 1.48156 0.579947 -15.1474 0.491207 0.197802 102.162 22
 491.000000 -0.398629 1.59972 0.47523 -14.3839 0.491207 0.197802 102.162 22
 491.500000 -0.673176 1.26666 0.472885 -14.3902 0.491207 0.197802 102.162 22
 492.000000 -0.453034 1.42394 0.404915 -15.3871 0.491207 0.197802 102.162 22
 492.500000 -0.532505 1.42101 0.464446 -14.431 0.485902 0.197802 102.162 22
 493.000000 -0.509768 1.33723 0.392736 -15.5749 0.485902 0.197802 102.162 22
 493.500000 -0.608972 1.4004 0.51022 -14.4439 0.485902 0.197802 102.162 22
 494.000000 -0.479802 1.57876 0.524814 -14.5765 0.485902 0.197802 102.162 22
 494.500000 -0.481298 1.61891 0.551555 -14.832 0.485902 0.197802 102.162 22
 495.000000 -0.569703 1.36708 0.458334 -14.3562 0.480625 0.197802 102.162 22
 495.500000 -0.588001 1.39905 0.493148 -14.2468 0.480625 0.197802 102.162 22
 496.000000 -0.423727 1.64193 0.521522 -14.5237 0.480625 0.197802 102.162 22
 496.500000 -0.687887 1.38386 0.560468 -14.9251 0.480625 0.197802 102.162 22
 497.000000 -0.561059 1.47948 0.52416 -14.5515 0.480625 0.197802 102.162 22
 497.500000 -0.580741 1.38127 0.476046 -14.1717 0.475376 0.197802 102.162 22
 498.000000 -0.572719 1.52625 0.563209 -14.9489 0.475376 0.197802 102.162 22
 498.500000 -0.524579 1.46899 0.489202 -14.1098 0.475376 0.197802 102.162 22
 499.000000 -0.490076 1.4566 0.454553 -14.1638 0.475376 0.197802 102.162 22
 499.500000 -0.612941 1.25631 0.419686 -14.8318 0.475376 0.197802 102.162 22
 500.000000 -0.511004 1.52488 0.51455 -14.3755 0.470154 0.197802 102.162 22
