#! FIELDS time cv.node-0 sigma_cv.node-0 height logweight
#! SET action OPES_METAD_kernels
#! SET biasfactor                      16
#! SET epsilon   3.872940653519386e-08
#! SET kernel_cutoff       5.842373946721771
#! SET compression_threshold                       1
                     25    -0.7750399708747864     0.1008897887948011  1.062430625987055e-07                    -16
                   27.5    -0.1960184723138809     0.1008433111791248  1.861557368301033e-07     -15.43960667756903
                     30    -0.4856913089752197    0.09548328244892379    0.04011646799882648     -3.213509572948396
                   32.5     -1.501249670982361      0.108570086218645  9.872737988721861e-08                    -16
                     35     -1.545271873474121     0.1197590316924734  1.468313823426678e-05     -10.89982152330539
                   37.5     -1.465510725975037     0.1262536829333144   0.001333899429974274     -6.337847881211355
                     40     -1.529909133911133     0.1246518876267226    0.09852682665768048     -2.048393859295573
                   42.5     -1.536699056625366     0.1192789742015309      2.119030183024897     0.9759311971435657
                     45     -1.548832535743713     0.1114306146595199      3.066389458964438      1.277410508098062
                   47.5      -1.53272807598114     0.1046861724129028      3.299481456443847      1.288239965689242
                     50     -1.496324896812439     0.0992256612505491      3.267568750515109      1.224950473267692
                   52.5     -1.500280857086182    0.09465849846369945      3.574276212799867      1.267545963091465
                     55     -1.526494979858398    0.09073609182399249       3.83653130387687      1.296031458817185
                   57.5     -1.445669293403625    0.08723357283154587      3.100823172364901      1.043764485532821
                     60     -1.526602983474731    0.08403923924471737      4.111114480679637      1.288485582033065
                   62.5     -1.534764647483826    0.08110885001472704      4.218962710421216      1.278888977967214
                     65     -1.577961921691895    0.07837344865630715      3.737166247771868      1.123320444837404
                   67.5     -1.474616289138794    0.07586455364095451      4.110861261808062      1.186089724134502
                     70     -1.570832371711731    0.07353220591918984      4.154624470128054      1.165453133472742
                   72.5     -1.541286468505859    0.07138239430053542      4.813581048175853      1.283000171755679
                     75       -1.5252845287323    0.06937202706715578      5.032173178374483      1.298843255749192
                   77.5     -1.443228244781494    0.06751512877784945      3.602658806208847     0.9375314364150763
                     80     -1.485655069351196     0.0657270365519116      4.991385427335675      1.236731471532863
                   82.5     -1.524891018867493    0.06406263022710267      5.432321614214735      1.295735401442026
                     85     -1.482493877410889    0.06248409506527047      5.204907051603133      1.228021493252573
                   87.5     -1.494718313217163    0.06099041316208693      5.585784879169756       1.27444925008028
                     90      -1.52935779094696    0.05958727656555145      5.773886594947407      1.284295114710366
                   92.5     -1.530653119087219    0.05825753739129472      5.900200308171437       1.28336738568773
                     95     -1.524395227432251    0.05700013736264464      6.097682715404528      1.294470097452262
                   97.5     -1.546772837638855    0.05579952723421504      5.880430542789308      1.236902981103722
                    100     -1.526201128959656    0.05466661288041631      6.360131654448235      1.294809836248185
                  102.5     -1.555894494056702    0.05358233753235232      5.901181506128477      1.199879679725721
                    105     -1.507668614387512    0.05254974225588355      6.565538379799897      1.287102308013039
                  107.5     -1.516313433647156    0.05156559504777214      6.766651588191737      1.298368659958157
                    110     -1.540508627891541    0.05062529535261557      6.670825403802159      1.265702563967375
                  112.5     -1.512640118598938    0.04972787146672618      6.987080067966552      1.294135912547769
                    115     -1.586738467216492     0.0488895947255002      4.975936810148289     0.9376858469346602
                  117.5      -1.51064395904541     0.0480666558490446      7.182234495766993      1.287706860346453
                    120     -1.562433838844299     0.0472740652795282      6.444166273400478        1.1626447136375
                  122.5     -1.564027190208435     0.0465146674280433      6.539672158114828      1.161162330364934
                    125     -1.567913889884949     0.0457845973133147      6.524449275454881      1.143011882237031
                  127.5     -1.528799772262573    0.04508098000471232      7.745754631817456      1.299112935465824
                    130     -1.468240857124329    0.04441065634906939      5.777333153347572     0.9909292360232782
                  132.5     -1.548803567886353    0.04375701519797948      7.593378229460761      1.249436132701526
                    135     -1.516742944717407    0.04312629648275945      8.035369038527417      1.291493468744513
                  137.5     -1.538105964660645     0.0425167186973172      8.098372779373262      1.285068133215939
                    140     -1.491370320320129    0.04192819099063227      7.417034809280243      1.183245376077679
                  142.5     -1.561563611030579    0.04136077970784302      7.415947837275279      1.169473479654377
                    145     -1.527594566345215    0.04081204980396183        8.5574713058667      1.299289717922327
                  147.5     -1.509049415588379    0.04028182120157717      8.416698389679485      1.269625519954544
                    150     -1.504467487335205    0.03976584992505695      8.387549416738006      1.253264499335132
                  152.5     -1.488926291465759    0.03926644970498099      7.763963642882361      1.163371043172782
                    155     -1.497022032737732    0.03878322284638883      8.344363703049652      1.223081661036531
                  157.5     -1.488665819168091    0.03831741621071892      8.027603925851009      1.172298220769121
                    160     -1.492067813873291    0.03786174535172537      8.366862656207402      1.201727830574479
                  162.5     -1.545563578605652    0.03742348807336603      8.737112440933467      1.233385884859024
                    165     -1.605698943138123     0.0370312493345791      4.279161756270136     0.5090268753385875
                  167.5     -1.509839177131653    0.03661229359455426      8.192834652118544      1.147151627387027
                    170     -1.441546320915222    0.03624795492170751       4.06853979178298     0.4371747287832202
                  172.5     -1.555976867675781    0.03585840280345904      6.826698403349341     0.9439266912894182
                    175     -1.528497099876404    0.03547645634159935      7.865214523676777      1.074826690161405
                  177.5      -1.52582323551178    0.03510039287484797       8.02556627109224      1.084352156792053
                    180     -1.526648044586182    0.03473618525521877      8.157875148186335      1.090273286380329
                  182.5     -1.561876773834229    0.03438403305348674      6.930144785182501     0.9169806101749576
                    185     -1.591512322425842    0.03406227815375136      4.858613210880357     0.5524512125871034
                  187.5      -1.56238579750061    0.03372879637503045       6.88003506750938     0.8904833167473224
                    190     -1.521701574325562     0.0333980482056612       8.25173955917851      1.062429098561239
                  192.5     -1.495035171508789    0.03307837877920602      7.551965795945629     0.9641953630206481
                    195     -1.509540438652039    0.03276226134689898      8.294724535513213      1.048404602343858
                  197.5     -1.484527707099915    0.03246029324872533      7.146000587210041     0.8900780414414469
                    200     -1.584899544715881    0.03217567949251802      5.455950589908982     0.6114253397708821
                  202.5     -1.476450800895691    0.03188909053406151      6.529126429989976     0.7820447216256765
                    205     -1.530808806419373    0.03160163988799713      8.580623697417971      1.046223220765512
                  207.5     -1.553938865661621    0.03132189878090556      7.795856208665494     0.9414174351683608
                    210     -1.523246765136719    0.03104482107892284      8.886198139828016      1.063438907225948
                  212.5     -1.524258255958557    0.03077394455050129      9.017415053518789      1.069333692839112
                    215     -1.513512492179871    0.03050917735604238      9.035998317334309      1.062751551124827
                  217.5     -1.506301641464233    0.03025071663055024       8.94027520014858      1.043593849653063
                    220       -1.5662841796875    0.03000411664139604      7.331997159380634     0.8370901396424677
                  222.5      -1.52915096282959    0.02975456856246642      9.000990615975452      1.033824928512174
                    225     -1.545831322669983    0.02951279386075173      8.595583920874974     0.9795800367907734
                  227.5     -1.494385838508606    0.02927685349580479      8.203142344894747     0.9248221178632831
                    230     -1.514086246490479    0.02904652188901343      9.251477725876521      1.037189644075119
                  232.5     -1.451525330543518    0.02884054648983527      4.577271435451681     0.3263929288664192
                    235     -1.494722127914429    0.02861644103484464      8.309816908958116     0.9149265934874812
                  237.5     -1.493234395980835     0.0283988989636391      8.328145437816969     0.9094987738693536
                    240     -1.508198380470276    0.02818187578868421      9.245898105613733      1.006366677388429
                  242.5     -1.493212342262268    0.02797202669407093      8.555345230838936     0.9212688284266871
                    245     -1.524965047836304    0.02776269158737716      9.710599419620833      1.040418706196151
                  247.5      -1.53986120223999    0.02755730416077526      9.382147380288007     0.9985838963452685
                    250     -1.550686120986938    0.02735593583832002      8.822016656380287     0.9296916309955643
                  252.5     -1.540408849716187    0.02715829492163263      9.589926249239108      1.005903323641745
                    255      -1.54196572303772    0.02696358243190904      9.625889040172099      1.002451003921227
                  257.5     -1.502990126609802    0.02677380526587816      9.679116277549921      1.000902201026648
                    260     -1.563135743141174    0.02658945545282625      8.091988758033567     0.8148968591479462
                  262.5     -1.604954957962036    0.02643481524390272      3.588148905766491   -0.00417405155838188
                    265     -1.488777637481689    0.02625525283690723      8.589896127306535     0.8619603241981095
                  267.5     -1.518102169036865    0.02607659004753357      10.36811563994222      1.043280875355036
                    270     -1.534489631652832    0.02589991986508628      10.31070875413588      1.030930518158435
                  272.5     -1.493571519851685    0.02572808243242771      9.293229861157677     0.9203768635932863
                    275      -1.43563187122345    0.02558886534710098      3.205357578005883    -0.1495114340958335
                  277.5     -1.530305504798889    0.02542060818396273      10.83028780682907      1.061414429972299
                    280     -1.500062584877014    0.02525561702956738        10.194245180788     0.9943795541714791
                  282.5     -1.435090303421021    0.02512226062694102      3.264639590083409    -0.1495886951239578
                    285     -1.558468222618103    0.02496516677885248      9.162974430719579     0.8761599733886875
                  287.5     -1.503364443778992    0.02480894947099281      10.37189318420506     0.9938116264522738
                    290     -1.551659345626831    0.02465422664129564       9.74899963514547     0.9256206336553747
                  292.5      -1.50552773475647    0.02450163228657816      10.68928710113391      1.011489377163388
                    295     -1.597197890281677    0.02437036761936666      4.492631355622554     0.1393141340204559
                  297.5     -1.570462226867676    0.02422684350720222      7.998604466595446      0.710235942502161
                    300     -1.553752660751343    0.02408086974476622        9.9117857611368      0.918649872224662
                  302.5     -1.596088051795959    0.02395441341235633      4.889498198049575     0.2067498666703092
                    305     -1.563408613204956    0.02381464179837146      9.158690065122043     0.8285113590640846
                  307.5     -1.540953755378723    0.02367481130647525      11.09483861237053      1.014399282646063
                    310     -0.714654803276062    0.02412428706606625  8.256132975065479e-05     -10.77524245129735
                  312.5     -0.784790575504303    0.02471555215492905  1.233686492382441e-05     -12.65197833894488
                    315     -0.823350727558136    0.02514197111333753  4.357631759083611e-06     -13.67553561368202
                  317.5    -0.8399029970169067    0.02550584585776577  2.975638899655462e-06     -14.04263650715718
                    320    -0.8574196100234985    0.02577872941717129  1.831398142695218e-06      -14.5173735562593
                  322.5    -0.8225792646408081    0.02599123903076576  5.818441268275527e-06     -13.35321103106525
                    325    -0.8247551321983337    0.02612708109023717  5.760022921666915e-06     -13.35808913427483
                  327.5    -0.7204410433769226     0.0262690845973423   0.000100244271742587     -10.49600027251287
                    330    -0.7789850831031799    0.02636725206062944  2.121291861200801e-05     -12.04526980201461
                  332.5    -0.9304519891738892    0.02637687130335305  4.603855411664706e-07     -15.87520642289574
                    335     -0.626123309135437    0.02642960196344013  0.0006515574586178163     -8.618152699001397
                  337.5    -0.6028791666030884    0.02643263125330163  0.0009903273211212338     -8.199368159405736
                    340    -0.8322752118110657    0.02640362796120502  6.070538366501946e-06     -13.29505423687896
                  342.5    -0.6914005875587463    0.02638646083954157  0.0002311432403481018     -9.656114316451744
                    345    -0.8835822343826294    0.02634120413498392   1.31185562939521e-06     -14.82942589826135
                  347.5    -0.8158897161483765    0.02628833552132716  1.166147791568425e-05     -12.64658670619122
                    350    -0.7871716022491455    0.02623741169601011  2.573830366522617e-05     -11.85683633759824
                  352.5    -0.9191579222679138    0.02618740609482201  6.431383258251948e-07     -15.54811979488217
                    355    -0.8017086982727051    0.02614500667085965  1.956177501131519e-05     -12.13476732422179
                  357.5    -0.8924685716629028    0.02606735688831496  1.212693231447247e-06     -14.91847541960151
                    360    -0.4557167589664459    0.02603671424794709    0.00222558256473405     -7.404721338898686
                  362.5     -0.645516037940979    0.02599879206312463  0.0006583174584662658     -8.624265602013717
                    365    -0.8879619240760803    0.02594824380664196  1.396844076955797e-06     -14.78168356195002
                  367.5    -0.7205504775047302    0.02587811126151924  0.0001541217179607431     -10.08086280155229
                    370    -0.2982284724712372     0.0261005014511558   0.000409223806486599     -9.095786217162612
                  372.5    -0.8317319750785828    0.02607779215372918   9.98458544971393e-06     -12.80987642900554
                    375    -0.8190152049064636    0.02599982415932925  1.499299922147865e-05     -12.40632980601659
                  377.5    -0.9392959475517273    0.02593001051838209  6.159586815972868e-07     -15.60117734233117
                    380     -0.545499861240387    0.02585987896231379   0.002312426385243082     -7.373257626193653
                  382.5     -0.935454249382019    0.02579183009449148  7.253588443987235e-07     -15.44303396451187
                    385    -0.5694425106048584    0.02573328883733991   0.002089713713651293     -7.479435158795236
                  387.5    -0.7182659506797791    0.02565767331633985  0.0002135218237728457     -9.763421226466281
                    390    -0.8009890913963318    0.02559007700464993  2.548843914209615e-05     -11.89157331277695
                  392.5    -0.7681912183761597    0.02551542295066354  5.806820897493965e-05      -11.0711015271818
                    395     -0.955355703830719    0.02544849635829725  6.380097625198142e-07     -15.58474798943642
                  397.5    -0.8591054081916809    0.02537744853660459  5.569822375959615e-06     -13.42077886372359
                    400    -0.9407287836074829    0.02530814527249303  8.604657831338298e-07       -15.291158091107
                  402.5    -0.8023462891578674    0.02523845891406908  3.052190922096681e-05     -11.72518921513008
                    405    -0.9331466555595398    0.02520821855763986  1.022203372348642e-06     -15.12287241345739
                  407.5    -0.9655259847640991    0.02514071879670612  7.603873025870098e-07     -15.42144152683285
                    410    -0.6849779486656189    0.02507171449058156  0.0004752235109205612     -8.986477413863796
                  412.5    -0.7546525597572327    0.02503174548655257   0.000101010732329492     -10.53663134382414
                    415    -0.8974955677986145    0.02496745995005277  1.922402947900289e-06     -14.50085364056205
                  417.5    -0.9157933592796326    0.02490061572196896  1.616761815038451e-06     -14.67668515433237
                    420    -0.8009834885597229    0.02483146907786623  4.114316002197005e-05     -11.44283349859144
                  422.5     -0.779441237449646    0.02476668191553535  6.826618691048873e-05     -10.93908909894873
                    425    -0.7553635239601135    0.02470360743445379  0.0001204714169312531     -10.37364115064863
                  427.5    -0.1217595562338829    0.02477129533484606   2.23070088426026e-06     -14.36000158389701
                    430       0.52342289686203    0.02587766098430935  4.142120940913283e-07                    -16
                  432.5     0.5242689251899719    0.02733990310328899  4.447255713630417e-07     -15.87395354796306
                    435     0.4440337717533112    0.02844694306502099  3.779882345602717e-07     -15.99685445843338
                  437.5     0.5473219752311707    0.02932472921572012  4.384306138103012e-07     -15.81812550892294
                    440     0.4559254348278046    0.03000983785813751  4.056685546335521e-07     -15.87269651867749
                  442.5     0.4606474936008453    0.03053136865247607  4.482055251148878e-07     -15.75575170934964
                    445     0.4938971996307373    0.03091257460694883  4.765054624862068e-07     -15.68211600035094
                  447.5     0.4845355153083801    0.03121350117942243  5.353920944196925e-07     -15.55590813692585
                    450     0.4605734646320343    0.03142953346436424  5.773302792405239e-07     -15.47359571598221
                  452.5     0.5189136266708374    0.03158214542405879  5.868902774951914e-07     -15.45232840923341
                    455     0.4811579287052155    0.03170153856291479  6.826546204680773e-07     -15.29740396713168
                  457.5     0.4844695925712585    0.03177920493142418  7.795334774972983e-07     -15.16225045560278
                    460     0.5509377717971802    0.03183851563526328  5.373502978439581e-07     -15.53243128751778
                  462.5     0.5154016613960266    0.03186663784084887  7.974325964133839e-07     -15.13680129418557
                    465     0.5359284281730652    0.03187232304570031  7.801802442348964e-07     -15.15849524106924
                  467.5     0.5919922590255737    0.03186095047153926  4.175535651298312e-07     -15.78396426091754
                    470     0.4939561784267426    0.03183960863214707  1.011470318914175e-06     -14.89988685174178
                  472.5     0.5627546310424805    0.03179998980018418  6.928474976211323e-07     -15.27948235062445
                    475     0.4270775020122528     0.0317561646048483  5.718190156574631e-07     -15.47284883108762
                  477.5     0.6140178442001343    0.03170876911783143  4.313591061614337e-07     -15.75622402638915
                    480     0.4560091197490692    0.03165090877622589  1.002501732516631e-06     -14.91473748461952
                  482.5     0.4792163074016571    0.03159750333909236  1.314783392308448e-06     -14.64525291390081
                    485     0.4826841354370117    0.03153320346822691   1.48760364189523e-06     -14.52379535422798
                  487.5     0.5645173788070679    0.03147361399785547  8.458888353661679e-07     -15.09022073884134
                    490     0.4369745254516602    0.03140512199369742  1.046278630918032e-06     -14.87979224634852
                  492.5     0.4644459187984467    0.03133630098275603  1.642519715830394e-06     -14.43099427831271
                    495     0.4583344459533691    0.03126816885537734  1.774001431957354e-06     -14.35616465281621
                  497.5     0.4760464429855347    0.03119874711129398  2.138036504757806e-06     -14.17173713046738
                    500     0.5145496726036072    0.03112838033312816  1.747805214145051e-06      -14.3755221630627
