#! FIELDS time p.x p.y cv.node-0 opes.bias opes.rct opes.zed opes.neff opes.nker
 0.000000 -0.642997 1.38177 -0.424108 -16 -16 1 1 0
 0.500000 -0.791673 1.17778 -0.19285 -16 -16 1 1 0
 1.000000 -0.649822 1.3859 -0.420751 -16 -16 1 1 0
 1.500000 -0.485299 1.55964 -0.645702 -16 -16 1 1 0
 2.000000 -0.415572 1.50748 -0.673218 -16 -16 1 1 0
 2.500000 -0.516923 1.54634 -0.613342 -16 -16 1 1 0
 3.000000 -0.599669 1.44877 -0.494896 -16 -16 1 1 0
 3.500000 -0.655368 1.33647 -0.389887 -16 -16 1 1 0
 4.000000 -0.52221 1.50723 -0.588278 -16 -16 1 1 0
 4.500000 -0.648828 1.38303 -0.42003 -16 -16 1 1 0
 5.000000 -0.442094 1.54229 -0.670823 -16 -16 1 1 0
 5.500000 -0.597741 1.40179 -0.471445 -16 -16 1 1 0
 6.000000 -0.499025 1.45761 -0.580336 -16 -16 1 1 0
 6.500000 -0.610286 1.37887 -0.449091 -16 -16 1 1 0
 7.000000 -0.72339 1.27349 -0.300542 -16 -16 1 1 0
 7.500000 -0.565332 1.41789 -0.50612 -16 -16 1 1 0
 8.000000 -0.568188 1.41414 -0.501827 -16 -16 1 1 0
 8.500000 -0.557128 1.36723 -0.485663 -16 -16 1 1 0
 9.000000 -0.489691 1.58119 -0.653693 -16 -16 1 1 0
 9.500000 -0.536371 1.56333 -0.6068 -16 -16 1 1 0
 10.000000 -0.573924 1.47443 -0.529315 -16 -16 1 1 0
 10.500000 -0.560815 1.30948 -0.45178 -16 -16 1 1 0
 11.000000 -0.609283 1.39845 -0.460337 -16 -16 1 1 0
 11.500000 -0.413306 1.56208 -0.704255 -16 -16 1 1 0
 12.000000 -0.582509 1.34702 -0.454481 -16 -16 1 1 0
 12.500000 -0.76915 1.25027 -0.250297 -16 -16 1 1 0
 13.000000 -0.445026 1.63036 -0.71561 -16 -16 1 1 0
 13.500000 -0.613023 1.47788 -0.499558 -16 -16 1 1 0
 14.000000 -0.552932 1.42363 -0.519136 -16 -16 1 1 0
 14.500000 -0.537974 1.38541 -0.51071 -16 -16 1 1 0
 15.000000 -0.517857 1.42605 -0.548481 -16 -16 1 1 0
 15.500000 -0.460554 1.45309 -0.608501 -16 -16 1 1 0
 16.000000 -0.480625 1.47703 -0.605346 -16 -16 1 1 0
 16.500000 -0.624622 1.27539 -0.382151 -16 -16 1 1 0
 17.000000 -0.644759 1.42607 -0.446244 -16 -16 1 1 0
 17.500000 -0.623668 1.43921 -0.470375 -16 -16 1 1 0
 18.000000 -0.470451 1.55783 -0.656574 -16 -16 1 1 0
 18.500000 -0.612148 1.46544 -0.493657 -16 -16 1 1 0
 19.000000 -0.656231 1.44084 -0.444733 -16 -16 1 1 0
 19.500000 -0.464779 1.52488 -0.643493 -16 -16 1 1 0
 20.000000 -0.681669 1.16143 -0.274502 -16 -16 1 1 0
 20.500000 -0.757759 1.19776 -0.23166 -16 -16 1 1 0
 21.000000 -0.43974 1.57439 -0.689859 -16 -16 1 1 0
 21.500000 -0.620657 1.28365 -0.389786 -16 -16 1 1 0
 22.000000 -0.62194 1.38447 -0.44264 -16 -16 1 1 0
 22.500000 -0.606933 1.42067 -0.47407 -16 -16 1 1 0
 23.000000 -0.556514 1.42188 -0.515326 -16 -16 1 1 0
 23.500000 -0.672126 1.27342 -0.342518 -16 -16 1 1 0
 24.000000 -0.410616 1.56622 -0.708607 -16 -16 1 1 0
 24.500000 -0.68822 1.30538 -0.346459 -16 -16 1 1 0
 25.000000 -0.513804 1.49766 -0.589905 -16 -16 0.472044 1 1
 25.500000 -0.481357 1.44216 -0.586142 -0.000335481 -16 0.472044 1 1
 26.000000 -0.571093 1.33827 -0.458973 -0.406381 -16 0.472044 1 1
 26.500000 -0.759435 1.28738 -0.278141 -2.30409 -16 0.472044 1 1
 27.000000 -1.131 0.932911 0.224655 -15.7287 -16 0.472044 1 1
 27.500000 -1.14058 0.865695 0.267725 -16 -16 0.318067 1 2
 28.000000 -0.638535 1.42454 -0.450496 -0.4707 -16 0.318067 1 2
 28.500000 -0.826511 1.221 -0.186814 -3.63988 -16 0.318067 1 2
 29.000000 -0.778176 1.08232 -0.15273 -3.7974 -16 0.318067 1 2
 29.500000 -0.578075 1.49931 -0.539199 -0.0709367 -16 0.318067 1 2
 30.000000 -0.848176 1.17622 -0.144792 -3.7689 -5.15518 0.337176 1.04613 3
 30.500000 -0.254133 1.69018 -0.899777 -12.6295 -5.15518 0.337176 1.04613 3
 31.000000 -0.393773 1.59172 -0.735642 -8.21529 -5.15518 0.337176 1.04613 3
 31.500000 -0.285274 1.65261 -0.854553 -11.6304 -5.15518 0.337176 1.04613 3
 32.000000 -0.278925 1.72401 -0.898515 -12.6035 -5.15518 0.337176 1.04613 3
 32.500000 -0.510405 1.55375 -0.622506 -5.04654 -5.13249 0.33745 1.05928 3
 33.000000 -0.652228 1.41676 -0.435205 -0.758237 -5.13249 0.33745 1.05928 3
 33.500000 -0.473415 1.59125 -0.672056 -0.456622 -5.13249 0.33745 1.05928 3
 34.000000 -0.5439 1.34379 -0.483707 -0.723635 -5.13249 0.33745 1.05928 3
 34.500000 -0.498045 1.50441 -0.606079 -0.389384 -5.13249 0.33745 1.05928 3
 35.000000 -0.451321 1.46817 -0.623882 -0.384968 -2.13428 0.397694 1.99782 3
 35.500000 -0.710312 1.29538 -0.322991 -2.10498 -2.13428 0.397694 1.99782 3
 36.000000 -0.588428 1.48621 -0.523884 0.622137 -2.13428 0.397694 1.99782 3
 36.500000 -0.688412 1.30947 -0.348486 -1.73257 -2.13428 0.397694 1.99782 3
 37.000000 -0.720399 1.36192 -0.350124 -1.70634 -2.13428 0.397694 1.99782 3
 37.500000 -0.829418 1.19517 -0.170625 -2.35784 -2.16331 0.400315 2.21151 3
 38.000000 -0.718273 1.38612 -0.364735 -1.28457 -2.16331 0.400315 2.21151 3
 38.500000 -0.44693 1.68057 -0.741017 0.355565 -2.16331 0.400315 2.21151 3
 39.000000 -0.709366 1.30938 -0.331242 -1.40435 -2.16331 0.400315 2.21151 3
 39.500000 -0.649784 1.33978 -0.396199 -0.957848 -2.16331 0.400315 2.21151 3
 40.000000 -0.576519 1.37979 -0.476805 0.060936 -1.45487 0.434915 3.15973 4
 40.500000 -0.710764 1.25533 -0.301211 -0.788587 -1.45487 0.434915 3.15973 4
 41.000000 -0.397372 1.58096 -0.727013 -0.314531 -1.45487 0.434915 3.15973 4
 41.500000 -0.61919 1.34364 -0.423084 0.532022 -1.45487 0.434915 3.15973 4
 42.000000 -0.780124 1.21146 -0.22046 -1.48306 -1.45487 0.434915 3.15973 4
 42.500000 -0.763956 1.25913 -0.259332 -1.25525 -1.43062 0.436663 3.70346 4
 43.000000 -0.46562 1.51114 -0.635491 0.220504 -1.43062 0.436663 3.70346 4
 43.500000 -0.185942 1.76886 -0.997573 -5.46323 -1.43062 0.436663 3.70346 4
 44.000000 -0.375977 1.50066 -0.700847 -0.224239 -1.43062 0.436663 3.70346 4
 44.500000 -0.776763 1.33646 -0.289802 -0.255223 -1.43062 0.436663 3.70346 4
 45.000000 -0.61403 1.30498 -0.406573 0.369862 -1.02166 0.442052 4.42788 4
 45.500000 -0.524736 1.48905 -0.576574 0.212689 -1.02166 0.442052 4.42788 4
 46.000000 -0.590522 1.3818 -0.466609 0.834395 -1.02166 0.442052 4.42788 4
 46.500000 -0.511245 1.44891 -0.565952 0.293846 -1.02166 0.442052 4.42788 4
 47.000000 -0.60232 1.41479 -0.474669 0.813333 -1.02166 0.442052 4.42788 4
 47.500000 -0.30781 1.60388 -0.810274 -1.93795 -1.07775 0.364158 4.68909 5
 48.000000 -0.601251 1.39676 -0.465931 0.980901 -1.07775 0.364158 4.68909 5
 48.500000 -0.824808 1.18666 -0.169955 -0.863112 -1.07775 0.364158 4.68909 5
 49.000000 -0.891172 1.19464 -0.118252 -1.38129 -1.07775 0.364158 4.68909 5
 49.500000 -0.668142 1.31895 -0.370118 0.823465 -1.07775 0.364158 4.68909 5
 50.000000 -0.776101 1.20477 -0.220222 -0.427642 -1.00421 0.356845 5.573 5
 50.500000 -1.18156 0.731725 0.372266 -15.2035 -1.00421 0.356845 5.573 5
 51.000000 -1.15263 0.842293 0.2902 -15.0474 -1.00421 0.356845 5.573 5
 51.500000 -1.21109 0.963 0.278988 -14.78 -1.00421 0.356845 5.573 5
 52.000000 -1.12738 0.559749 0.416461 -15.3518 -1.00421 0.356845 5.573 5
 52.500000 -1.26708 0.792515 0.41463 -15.3451 -1.08425 0.297371 5.573 6
 53.000000 -1.04249 0.842744 0.196158 -10.5431 -1.08425 0.297371 5.573 6
 53.500000 -1.13094 0.814897 0.285862 -14.427 -1.08425 0.297371 5.573 6
 54.000000 -1.03384 0.634159 0.299652 -14.373 -1.08425 0.297371 5.573 6
 54.500000 -1.12926 0.910961 0.234516 -12.54 -1.08425 0.297371 5.573 6
 55.000000 -1.18074 0.745587 0.36438 -14.0019 -1.15836 0.356845 5.573 5
 55.500000 -1.08058 0.834322 0.232841 -12.4346 -1.15836 0.356845 5.573 5
 56.000000 -1.11523 0.877399 0.239877 -12.6917 -1.15836 0.356845 5.573 5
 56.500000 -0.996397 0.669933 0.249696 -12.9626 -1.15836 0.356845 5.573 5
 57.000000 -0.898755 0.505306 0.259707 -13.1223 -1.15836 0.356845 5.573 5
 57.500000 -1.1745 0.97847 0.239033 -12.6634 -1.22735 0.297371 5.57301 6
 58.000000 -1.11123 0.926816 0.210756 -10.8261 -1.22735 0.297371 5.57301 6
 58.500000 -1.03291 0.794201 0.21378 -10.9126 -1.22735 0.297371 5.57301 6
 59.000000 -1.1137 0.87857 0.237961 -11.3626 -1.22735 0.297371 5.57301 6
 59.500000 -1.09121 0.832668 0.242737 -11.409 -1.22735 0.297371 5.57301 6
 60.000000 -1.06306 0.80144 0.235314 -11.3321 -1.29189 0.297371 5.57303 6
 60.500000 -1.06866 0.836607 0.221532 -10.0895 -1.29189 0.297371 5.57303 6
 61.000000 -1.15089 0.878283 0.270078 -10.2681 -1.29189 0.297371 5.57303 6
 61.500000 -1.47685 0.428158 0.77934 -15.9977 -1.29189 0.297371 5.57303 6
 62.000000 -1.40153 0.670774 0.593023 -14.9471 -1.29189 0.297371 5.57303 6
 62.500000 -1.13615 0.858244 0.267778 -10.2587 -1.3525 0.297372 5.57311 6
 63.000000 -1.00704 0.726703 0.228118 -9.14608 -1.3525 0.297372 5.57311 6
 63.500000 -0.951941 0.973562 0.0504477 -4.38475 -1.3525 0.297372 5.57311 6
 64.000000 -1.07657 1.00706 0.139165 -7.74164 -1.3525 0.297372 5.57311 6
 64.500000 -1.08816 0.973726 0.166495 -8.67139 -1.3525 0.297372 5.57311 6
 65.000000 -1.00738 1.0172 0.0744122 -5.22035 -1.40843 0.255039 5.58425 7
 65.500000 -0.896923 1.16856 -0.0995645 -0.573806 -1.40843 0.255039 5.58425 7
 66.000000 -0.434638 1.63741 -0.72767 -0.435138 -1.40843 0.255039 5.58425 7
 66.500000 -0.62272 1.44856 -0.476118 1.13377 -1.40843 0.255039 5.58425 7
 67.000000 -0.529945 1.47833 -0.566696 0.615536 -1.40843 0.255039 5.58425 7
 67.500000 -0.465799 1.57337 -0.668577 -0.107836 -1.27687 0.2545 6.57977 7
 68.000000 -0.516697 1.50854 -0.593386 0.692944 -1.27687 0.2545 6.57977 7
 68.500000 -0.40786 1.60432 -0.731226 0.266812 -1.27687 0.2545 6.57977 7
 69.000000 -0.364105 1.5622 -0.743276 0.18051 -1.27687 0.2545 6.57977 7
 69.500000 -0.623814 1.419 -0.459509 1.01055 -1.27687 0.2545 6.57977 7
 70.000000 -0.429178 1.47477 -0.644947 0.620653 -1.02731 0.259065 7.01475 7
 70.500000 -0.789498 1.22567 -0.220249 0.0586595 -1.02731 0.259065 7.01475 7
 71.000000 -0.602027 1.49018 -0.515001 0.795964 -1.02731 0.259065 7.01475 7
 71.500000 -0.636561 1.38488 -0.430998 0.743763 -1.02731 0.259065 7.01475 7
 72.000000 -0.684145 1.25398 -0.322293 0.385506 -1.02731 0.259065 7.01475 7
 72.500000 -0.677443 1.32241 -0.364366 0.558956 -0.857546 0.266564 7.82302 7
 73.000000 -0.455735 1.48508 -0.629419 0.800623 -0.857546 0.266564 7.82302 7
 73.500000 -0.563116 1.43143 -0.515121 0.713881 -0.857546 0.266564 7.82302 7
 74.000000 -0.265532 1.79335 -0.947271 -3.22895 -0.857546 0.266564 7.82302 7
 74.500000 -0.615755 1.34537 -0.426789 0.990088 -0.857546 0.266564 7.82302 7
 75.000000 -0.576064 1.39906 -0.487454 0.799384 -0.681182 0.271076 8.41298 7
 75.500000 -0.453851 1.49053 -0.633825 0.72465 -0.681182 0.271076 8.41298 7
 76.000000 -0.555394 1.45218 -0.532371 0.980154 -0.681182 0.271076 8.41298 7
 76.500000 -0.62042 1.29176 -0.394325 1.12285 -0.681182 0.271076 8.41298 7
 77.000000 -0.501939 1.43218 -0.56444 0.878595 -0.681182 0.271076 8.41298 7
 77.500000 -0.427 1.70492 -0.77003 -0.262906 -0.658853 0.284999 9.20213 7
 78.000000 -0.569075 1.40937 -0.498574 0.986887 -0.658853 0.284999 9.20213 7
 78.500000 -0.668757 1.30608 -0.36274 0.867813 -0.658853 0.284999 9.20213 7
 79.000000 -0.54063 1.48044 -0.559264 0.787424 -0.658853 0.284999 9.20213 7
 79.500000 -0.581096 1.36378 -0.464577 1.07136 -0.658853 0.284999 9.20213 7
 80.000000 -0.548834 1.48059 -0.552763 0.806073 -0.529023 0.341936 9.92298 8
 80.500000 -0.597979 1.38021 -0.459745 0.893237 -0.529023 0.341936 9.92298 8
 81.000000 -0.900183 1.14803 -0.0859277 -2.13699 -0.529023 0.341936 9.92298 8
 81.500000 -1.19967 0.568564 0.472277 -12.8593 -0.529023 0.341936 9.92298 8
 82.000000 -1.29916 0.709042 0.484891 -13.1547 -0.529023 0.341936 9.92298 8
 82.500000 -1.32915 0.65669 0.537371 -14.3887 -0.569845 0.303944 9.92299 9
 83.000000 -1.11229 0.985771 0.181112 -6.55178 -0.569845 0.303944 9.92299 9
 83.500000 -0.586343 1.41064 -0.485355 1.02199 -0.569845 0.303944 9.92299 9
 84.000000 -0.597075 1.33987 -0.438929 0.970145 -0.569845 0.303944 9.92299 9
 84.500000 -0.536791 1.4095 -0.524523 1.00773 -0.569845 0.303944 9.92299 9
 85.000000 -0.581407 1.49057 -0.531866 0.999469 -0.433321 0.312518 10.4612 9
 85.500000 -0.432021 1.527 -0.670637 0.423199 -0.433321 0.312518 10.4612 9
 86.000000 -0.248363 1.76016 -0.942753 -3.15721 -0.433321 0.312518 10.4612 9
 86.500000 -0.600855 1.44993 -0.494557 1.10831 -0.433321 0.312518 10.4612 9
 87.000000 -0.817085 1.26463 -0.217914 -0.666751 -0.433321 0.312518 10.4612 9
 87.500000 -0.571845 1.46949 -0.528362 1.12674 -0.302972 0.318338 10.9642 9
 88.000000 -0.472117 1.53992 -0.645684 0.56122 -0.302972 0.318338 10.9642 9
 88.500000 -0.536237 1.50649 -0.576654 1.07914 -0.302972 0.318338 10.9642 9
 89.000000 -0.513209 1.55482 -0.620831 0.776246 -0.302972 0.318338 10.9642 9
 89.500000 -0.426958 1.60061 -0.714058 -0.0326339 -0.302972 0.318338 10.9642 9
 90.000000 -0.389567 1.59016 -0.73814 -0.226881 -0.300152 0.321806 11.6299 9
 90.500000 -0.0559514 1.94819 -1.20418 -15.8537 -0.300152 0.321806 11.6299 9
 91.000000 -0.198046 1.76514 -0.985804 -4.74401 -0.300152 0.321806 11.6299 9
 91.500000 -0.0676742 1.91333 -1.17461 -14.3345 -0.300152 0.321806 11.6299 9
 92.000000 -0.294418 1.62101 -0.830149 -0.877226 -0.300152 0.321806 11.6299 9
 92.500000 -0.456651 1.57655 -0.677562 0.340556 -0.269662 0.319415 12.5713 9
 93.000000 -0.408792 1.52453 -0.687718 0.463491 -0.269662 0.319415 12.5713 9
 93.500000 -0.751177 1.22279 -0.250502 -0.679282 -0.269662 0.319415 12.5713 9
 94.000000 -0.652119 1.34843 -0.398915 0.550182 -0.269662 0.319415 12.5713 9
 94.500000 -0.919322 1.06948 -0.0280585 -3.67431 -0.269662 0.319415 12.5713 9
 95.000000 -0.959095 1.09778 -0.00925438 -4.11983 -0.30283 0.319554 12.5888 9
 95.500000 -0.799542 1.10979 -0.149863 -1.57699 -0.30283 0.319554 12.5888 9
 96.000000 -0.474562 1.41964 -0.5795 1.02439 -0.30283 0.319554 12.5888 9
 96.500000 -0.131831 1.89458 -1.11167 -10.6124 -0.30283 0.319554 12.5888 9
 97.000000 -0.0374449 1.80338 -1.13667 -12.0663 -0.30283 0.319554 12.5888 9
 97.500000 -0.0800481 1.93287 -1.17566 -14.4424 -0.33562 0.287598 12.5888 10
 98.000000 -0.102122 1.81827 -1.0927 -9.47711 -0.33562 0.287598 12.5888 10
 98.500000 -0.515425 1.45058 -0.563512 1.17687 -0.33562 0.287598 12.5888 10
 99.000000 -0.813937 1.2594 -0.217777 -0.845929 -0.33562 0.287598 12.5888 10
 99.500000 -0.41121 1.64239 -0.748998 0.18242 -0.33562 0.287598 12.5888 10
 100.000000 -0.630518 1.37533 -0.430815 0.866097 -0.265458 0.284315 13.5134 10
 100.500000 -0.699863 1.30777 -0.338191 0.317648 -0.265458 0.284315 13.5134 10
 101.000000 -0.609177 1.40854 -0.465799 1.15558 -0.265458 0.284315 13.5134 10
 101.500000 -0.787881 1.31105 -0.26703 -0.454374 -0.265458 0.284315 13.5134 10
 102.000000 -0.361049 1.55994 -0.744479 0.127936 -0.265458 0.284315 13.5134 10
 102.500000 -0.645226 1.31649 -0.387465 0.746614 -0.213749 0.27686 14.501 10
 103.000000 -0.731273 1.2739 -0.29426 0.0582321 -0.213749 0.27686 14.501 10
 103.500000 -0.76528 1.21594 -0.235167 -0.665163 -0.213749 0.27686 14.501 10
 104.000000 -0.738325 1.2482 -0.274712 -0.181585 -0.213749 0.27686 14.501 10
 104.500000 -0.652711 1.41485 -0.433799 1.13926 -0.213749 0.27686 14.501 10
 105.000000 -0.77087 1.33535 -0.294131 0.0566818 -0.204657 0.283517 15.3072 10
 105.500000 -0.52969 1.4642 -0.559375 1.03972 -0.204657 0.283517 15.3072 10
 106.000000 -0.692364 1.25912 -0.318324 0.447227 -0.204657 0.283517 15.3072 10
 106.500000 -0.756959 1.28106 -0.276827 0.0820238 -0.204657 0.283517 15.3072 10
 107.000000 -0.837879 1.25954 -0.197718 -0.757556 -0.204657 0.283517 15.3072 10
 107.500000 -0.689752 1.30483 -0.344912 0.65255 -0.16663 0.283243 16.3066 10
 108.000000 -0.678972 1.23756 -0.317706 0.651673 -0.16663 0.283243 16.3066 10
 108.500000 -0.637121 1.29399 -0.381999 1.02366 -0.16663 0.283243 16.3066 10
 109.000000 -0.444244 1.57112 -0.684531 0.305281 -0.16663 0.283243 16.3066 10
 109.500000 -0.702333 1.3136 -0.339271 0.805331 -0.16663 0.283243 16.3066 10
 110.000000 -0.657698 1.28587 -0.360938 0.93046 -0.112683 0.282197 17.1964 10
 110.500000 -0.617153 1.32544 -0.415003 1.19803 -0.112683 0.282197 17.1964 10
 111.000000 -0.486246 1.41046 -0.56532 0.864279 -0.112683 0.282197 17.1964 10
 111.500000 -0.564012 1.46057 -0.529919 1.00952 -0.112683 0.282197 17.1964 10
 112.000000 -0.53866 1.50556 -0.574216 0.820793 -0.112683 0.282197 17.1964 10
 112.500000 -0.530509 1.5325 -0.595089 0.710205 -0.07875 0.294465 18.1936 10
 113.000000 -0.780179 1.18364 -0.20553 -0.597015 -0.07875 0.294465 18.1936 10
 113.500000 -0.36614 1.66705 -0.798135 -0.755778 -0.07875 0.294465 18.1936 10
 114.000000 -0.357369 1.58017 -0.75827 -0.297403 -0.07875 0.294465 18.1936 10
 114.500000 -0.435607 1.47701 -0.641057 0.602707 -0.07875 0.294465 18.1936 10
 115.000000 -0.292347 1.62023 -0.831369 -1.23244 -0.0969281 0.291129 18.4732 10
 115.500000 -0.0831099 1.92665 -1.16961 -12.6193 -0.0969281 0.291129 18.4732 10
 116.000000 -0.136412 1.81812 -1.0649 -7.34037 -0.0969281 0.291129 18.4732 10
 116.500000 0.00774963 1.84031 -1.19446 -13.857 -0.0969281 0.291129 18.4732 10
 117.000000 -0.198779 1.86949 -1.04328 -6.43323 -0.0969281 0.291129 18.4732 10
 117.500000 -0.0866878 1.87145 -1.13527 -10.7584 -0.122903 0.291129 18.4732 10
 118.000000 -0.0955355 1.76169 -1.06624 -7.39255 -0.122903 0.291129 18.4732 10
 118.500000 -0.0998797 1.83561 -1.10429 -9.10429 -0.122903 0.291129 18.4732 10
 119.000000 -0.0928964 1.9457 -1.1725 -11.4434 -0.122903 0.291129 18.4732 10
 119.500000 -0.299555 1.7411 -0.891386 -1.94042 -0.122903 0.291129 18.4732 10
 120.000000 -0.348484 1.56319 -0.756159 -0.204627 -0.124867 0.291096 19.1449 10
 120.500000 -0.688215 1.29114 -0.338856 0.832715 -0.124867 0.291096 19.1449 10
 121.000000 -0.656645 1.39023 -0.417493 1.09003 -0.124867 0.291096 19.1449 10
 121.500000 -0.451314 1.55585 -0.670744 0.450864 -0.124867 0.291096 19.1449 10
 122.000000 -0.48966 1.47719 -0.598242 0.793857 -0.124867 0.291096 19.1449 10
 122.500000 -0.496979 1.45291 -0.579458 0.862471 -0.0846128 0.294741 20.0874 10
 123.000000 -0.593754 1.45487 -0.502919 1.05461 -0.0846128 0.294741 20.0874 10
 123.500000 -0.292947 1.66843 -0.857054 -1.24949 -0.0846128 0.294741 20.0874 10
 124.000000 -0.326253 1.61989 -0.804324 -0.525416 -0.0846128 0.294741 20.0874 10
 124.500000 -0.155656 1.81042 -1.04506 -7.17504 -0.0846128 0.294741 20.0874 10
 125.000000 -0.363591 1.58564 -0.75629 -0.100361 -0.0849849 0.294278 20.8094 10
 125.500000 -0.484973 1.51295 -0.621055 0.782865 -0.0849849 0.294278 20.8094 10
 126.000000 -0.549039 1.41548 -0.517907 1.03576 -0.0849849 0.294278 20.8094 10
 126.500000 -0.615051 1.4212 -0.467781 1.02301 -0.0849849 0.294278 20.8094 10
 127.000000 -0.548775 1.4409 -0.531676 1.03276 -0.0849849 0.294278 20.8094 10
 127.500000 -0.450088 1.56639 -0.677351 0.466222 -0.0680284 0.293567 21.784 10
 128.000000 -0.459329 1.58062 -0.677602 0.602314 -0.0680284 0.293567 21.784 10
 128.500000 -0.418441 1.56552 -0.702028 0.476815 -0.0680284 0.293567 21.784 10
 129.000000 -0.639599 1.26445 -0.364151 0.832264 -0.0680284 0.293567 21.784 10
 129.500000 -0.445074 1.62289 -0.711572 0.425081 -0.0680284 0.293567 21.784 10
 130.000000 -0.513638 1.58235 -0.635154 0.796458 -0.0372835 0.296456 22.7557 10
 130.500000 -0.566894 1.45037 -0.52217 0.968588 -0.0372835 0.296456 22.7557 10
 131.000000 -0.566634 1.44198 -0.517909 0.964105 -0.0372835 0.296456 22.7557 10
 131.500000 -0.720337 1.3574 -0.347771 0.693159 -0.0372835 0.296456 22.7557 10
 132.000000 -0.69739 1.43537 -0.408088 0.889264 -0.0372835 0.296456 22.7557 10
 132.500000 -0.453148 1.53586 -0.658604 0.800867 -0.00854297 0.297084 23.7291 10
 133.000000 -0.523565 1.53435 -0.601639 1.01689 -0.00854297 0.297084 23.7291 10
 133.500000 -0.499865 1.5433 -0.625357 0.99699 -0.00854297 0.297084 23.7291 10
 134.000000 -0.598627 1.45593 -0.499548 0.894141 -0.00854297 0.297084 23.7291 10
 134.500000 -0.67982 1.35872 -0.38178 0.784121 -0.00854297 0.297084 23.7291 10
 135.000000 -0.413936 1.60803 -0.728388 0.438628 0.00364081 0.302824 24.6926 10
 135.500000 -0.54437 1.52729 -0.581198 0.964992 0.00364081 0.302824 24.6926 10
 136.000000 -0.558668 1.53008 -0.57119 0.953545 0.00364081 0.302824 24.6926 10
 136.500000 -0.482251 1.46902 -0.599777 0.977221 0.00364081 0.302824 24.6926 10
 137.000000 -0.624242 1.32999 -0.411698 0.792347 0.00364081 0.302824 24.6926 10
 137.500000 -0.569679 1.40438 -0.495427 0.83977 0.0310783 0.302762 25.6501 10
 138.000000 -0.780905 1.35829 -0.297922 0.179833 0.0310783 0.302762 25.6501 10
 138.500000 -1.06302 1.00505 0.128511 -6.56316 0.0310783 0.302762 25.6501 10
 139.000000 -1.38851 0.606429 0.614027 -15.2691 0.0310783 0.302762 25.6501 10
 139.500000 -1.08923 0.848476 0.232766 -9.00805 0.0310783 0.302762 25.6501 10
 140.000000 -1.51678 0.549993 0.753401 -15.9746 0.0100249 0.275238 25.6501 11
 140.500000 -1.3804 0.720172 0.549853 -14.6872 0.0100249 0.275238 25.6501 11
 141.000000 -1.30979 0.501893 0.599616 -15.0938 0.0100249 0.275238 25.6501 11
 141.500000 -1.13617 0.74744 0.325486 -11.263 0.0100249 0.275238 25.6501 11
 142.000000 -1.558 0.615679 0.757099 -15.5912 0.0100249 0.275238 25.6501 11
 142.500000 -1.25416 0.369631 0.620728 -15.2619 -0.0105944 0.252301 25.6501 12
 143.000000 -1.14094 0.506783 0.455513 -13.3025 -0.0105944 0.252301 25.6501 12
 143.500000 -1.28001 0.647047 0.500031 -14.0359 -0.0105944 0.252301 25.6501 12
 144.000000 -1.23076 0.831785 0.363074 -11.7675 -0.0105944 0.252301 25.6501 12
 144.500000 -1.12363 0.903184 0.233699 -8.86411 -0.0105944 0.252301 25.6501 12
 145.000000 -1.36789 0.644714 0.57691 -14.6462 -0.0307971 0.252301 25.6501 12
 145.500000 -1.30692 0.693776 0.499358 -13.9062 -0.0307971 0.252301 25.6501 12
 146.000000 -1.1466 0.802473 0.3057 -10.8004 -0.0307971 0.252301 25.6501 12
 146.500000 -1.21434 0.806387 0.361869 -11.7502 -0.0307971 0.252301 25.6501 12
 147.000000 -1.17266 0.821755 0.31804 -11.0473 -0.0307971 0.252301 25.6501 12
 147.500000 -1.25895 0.747165 0.430723 -12.8526 -0.0505996 0.252301 25.6501 12
 148.000000 -1.14843 0.906316 0.253466 -9.43874 -0.0505996 0.252301 25.6501 12
 148.500000 -1.36263 0.683745 0.55268 -13.9079 -0.0505996 0.252301 25.6501 12
 149.000000 -0.914257 1.17835 -0.0900113 -2.96641 -0.0505996 0.252301 25.6501 12
 149.500000 -0.96636 1.02856 0.0334801 -5.26518 -0.0505996 0.252301 25.6501 12
 150.000000 -0.799492 1.26791 -0.234398 -0.374057 -0.0559284 0.249247 26.2382 12
 150.500000 -0.466486 1.4893 -0.623138 1.11393 -0.0559284 0.249247 26.2382 12
 151.000000 -0.544091 1.41886 -0.523674 1.15125 -0.0559284 0.249247 26.2382 12
 151.500000 -0.555014 1.40728 -0.508746 1.13697 -0.0559284 0.249247 26.2382 12
 152.000000 -0.519833 1.52976 -0.60218 1.14375 -0.0559284 0.249247 26.2382 12
 152.500000 -0.356536 1.6911 -0.818775 -0.352116 -0.060777 0.246006 26.8405 12
 153.000000 -0.225771 1.82709 -0.99787 -5.18396 -0.060777 0.246006 26.8405 12
 153.500000 -0.11818 1.87314 -1.11064 -10.8619 -0.060777 0.246006 26.8405 12
 154.000000 -0.46878 1.54508 -0.651096 1.0507 -0.060777 0.246006 26.8405 12
 154.500000 -0.473317 1.47376 -0.609411 1.13532 -0.060777 0.246006 26.8405 12
 155.000000 -0.60895 1.42298 -0.473669 1.08968 -0.0215627 0.252745 27.5442 12
 155.500000 -0.429989 1.48412 -0.64931 0.987854 -0.0215627 0.252745 27.5442 12
 156.000000 -0.467925 1.55196 -0.655452 0.968244 -0.0215627 0.252745 27.5442 12
 156.500000 -0.741814 1.27484 -0.286055 0.22281 -0.0215627 0.252745 27.5442 12
 157.000000 -1.36432 0.60999 0.591347 -14.2697 -0.0215627 0.252745 27.5442 12
 157.500000 -1.08351 1.03437 0.13098 -6.51866 -0.0398839 0.233321 27.5458 13
 158.000000 -1.24131 0.579161 0.50193 -13.4137 -0.0398839 0.233321 27.5458 13
 158.500000 -1.26669 0.578142 0.523978 -13.6534 -0.0398839 0.233321 27.5458 13
 159.000000 -1.22877 0.957354 0.297383 -10.2364 -0.0398839 0.233321 27.5458 13
 159.500000 -1.28887 0.802157 0.428686 -12.4962 -0.0398839 0.233321 27.5458 13
 160.000000 -1.21059 0.758087 0.383479 -11.926 -0.0579023 0.233321 27.5458 13
 160.500000 -1.21304 0.807514 0.360169 -11.3899 -0.0579023 0.233321 27.5458 13
 161.000000 -1.0229 0.839694 0.181266 -7.0709 -0.0579023 0.233321 27.5458 13
 161.500000 -0.673648 1.31827 -0.365259 0.934951 -0.0579023 0.233321 27.5458 13
 162.000000 -0.642956 1.47368 -0.472997 1.25307 -0.0579023 0.233321 27.5458 13
 162.500000 -0.546304 1.39467 -0.50899 1.26556 -0.0106773 0.233917 27.9547 13
 163.000000 -0.629827 1.43383 -0.462515 1.29268 -0.0106773 0.233917 27.9547 13
 163.500000 -0.492409 1.54404 -0.631706 1.07464 -0.0106773 0.233917 27.9547 13
 164.000000 -0.464694 1.55478 -0.65953 0.972207 -0.0106773 0.233917 27.9547 13
 164.500000 -0.809849 1.19956 -0.18934 -0.901972 -0.0106773 0.233917 27.9547 13
 165.000000 -0.888097 0.952872 0.00806935 -5.04399 -0.0279547 0.233913 27.961 13
 165.500000 -0.930317 0.993909 0.021414 -4.98171 -0.0279547 0.233913 27.961 13
 166.000000 -0.930358 1.14483 -0.058589 -3.58434 -0.0279547 0.233913 27.961 13
 166.500000 -0.653862 1.32563 -0.385327 1.0066 -0.0279547 0.233913 27.961 13
 167.000000 -0.745141 1.33082 -0.313117 0.491216 -0.0279547 0.233913 27.961 13
 167.500000 -0.916115 1.11116 -0.0528831 -3.72468 -0.0446216 0.233953 27.9843 13
 168.000000 -0.840719 1.15178 -0.138029 -1.7486 -0.0446216 0.233953 27.9843 13
 168.500000 -0.790067 1.14788 -0.178169 -1.06615 -0.0446216 0.233953 27.9843 13
 169.000000 -0.619443 1.39334 -0.449394 1.25935 -0.0446216 0.233953 27.9843 13
 169.500000 -0.59122 1.37558 -0.462725 1.29249 -0.0446216 0.233953 27.9843 13
 170.000000 -0.471327 1.60343 -0.680225 0.884021 -0.0194239 0.233721 28.9536 13
 170.500000 -0.508474 1.54839 -0.621191 1.1569 -0.0194239 0.233721 28.9536 13
 171.000000 -0.283745 1.62142 -0.838829 -0.521705 -0.0194239 0.233721 28.9536 13
 171.500000 -0.370045 1.6226 -0.771065 0.371039 -0.0194239 0.233721 28.9536 13
 172.000000 -0.299588 1.79483 -0.920774 -2.43873 -0.0194239 0.233721 28.9536 13
 172.500000 -0.0588271 1.85216 -1.14698 -11.7304 -0.035953 0.233721 28.9536 13
 173.000000 -0.552965 1.49164 -0.55533 1.27334 -0.035953 0.233721 28.9536 13
 173.500000 -0.80759 1.31751 -0.253941 -0.138739 -0.035953 0.233721 28.9536 13
 174.000000 -0.475905 1.55632 -0.651422 1.08921 -0.035953 0.233721 28.9536 13
 174.500000 -0.520867 1.55132 -0.612834 1.17269 -0.035953 0.233721 28.9536 13
 175.000000 -0.256907 1.72677 -0.917592 -2.3437 -0.050584 0.218309 29.0444 14
 175.500000 -0.348182 1.73016 -0.846612 -0.582526 -0.050584 0.218309 29.0444 14
 176.000000 -0.386609 1.63823 -0.766329 0.47975 -0.050584 0.218309 29.0444 14
 176.500000 -0.550036 1.47418 -0.548387 1.34556 -0.050584 0.218309 29.0444 14
 177.000000 -0.341255 1.64825 -0.807755 0.0144971 -0.050584 0.218309 29.0444 14
 177.500000 -0.453759 1.57036 -0.676557 1.07011 -0.0183013 0.218275 29.8849 14
 178.000000 -0.826135 1.27421 -0.215389 -0.572931 -0.0183013 0.218275 29.8849 14
 178.500000 -0.982772 0.942167 0.0931254 -5.55594 -0.0183013 0.218275 29.8849 14
 179.000000 -1.37602 0.524534 0.644577 -14.7465 -0.0183013 0.218275 29.8849 14
 179.500000 -1.26771 0.84602 0.387988 -11.7503 -0.0183013 0.218275 29.8849 14
 180.000000 -1.16769 0.74381 0.354174 -11.4748 -0.0340495 0.218275 29.8849 14
 180.500000 -1.17495 0.791526 0.335639 -11.047 -0.0340495 0.218275 29.8849 14
 181.000000 -1.07369 0.752551 0.270044 -9.81873 -0.0340495 0.218275 29.8849 14
 181.500000 -1.27812 0.661445 0.491042 -12.9253 -0.0340495 0.218275 29.8849 14
 182.000000 -1.21983 0.674351 0.434567 -11.9096 -0.0340495 0.218275 29.8849 14
 182.500000 -0.938279 1.00796 0.0206413 -4.56728 -0.0493858 0.218251 29.8948 14
 183.000000 -0.695633 1.38913 -0.384984 0.982573 -0.0493858 0.218251 29.8948 14
 183.500000 -0.689954 1.17932 -0.277409 0.126876 -0.0493858 0.218251 29.8948 14
 184.000000 -0.882364 1.16234 -0.108598 -2.35848 -0.0493858 0.218251 29.8948 14
 184.500000 -0.997921 1.18698 -0.0226565 -3.94348 -0.0493858 0.218251 29.8948 14
 185.000000 -0.592272 1.3473 -0.446774 1.22801 -0.0109331 0.219889 30.5374 14
 185.500000 -0.640966 1.37789 -0.423693 1.24214 -0.0109331 0.219889 30.5374 14
 186.000000 -0.291588 1.67768 -0.863167 -0.977262 -0.0109331 0.219889 30.5374 14
 186.500000 -0.658736 1.37757 -0.409051 1.18473 -0.0109331 0.219889 30.5374 14
 187.000000 -0.468043 1.52073 -0.638682 1.19781 -0.0109331 0.219889 30.5374 14
 187.500000 -0.259018 1.69817 -0.900254 -1.79405 -0.023427 0.220258 30.6849 14
 188.000000 -0.803554 1.26952 -0.231856 -0.486847 -0.023427 0.220258 30.6849 14
 188.500000 -0.900445 0.977777 0.00499668 -4.28513 -0.023427 0.220258 30.6849 14
 189.000000 -0.860799 1.07616 -0.0808178 -3.03189 -0.023427 0.220258 30.6849 14
 189.500000 -0.76434 1.20387 -0.22949 -0.515926 -0.023427 0.220258 30.6849 14
 190.000000 -0.687998 1.32578 -0.357527 0.865105 -0.00259326 0.218795 31.6759 14
 190.500000 -0.566449 1.43604 -0.514894 1.31762 -0.00259326 0.218795 31.6759 14
 191.000000 -0.591916 1.33045 -0.438047 1.32295 -0.00259326 0.218795 31.6759 14
 191.500000 -0.518352 1.55046 -0.614393 1.18414 -0.00259326 0.218795 31.6759 14
 192.000000 -0.452041 1.51214 -0.646812 1.1531 -0.00259326 0.218795 31.6759 14
 192.500000 -0.800114 1.29463 -0.248071 -0.176821 -0.00491327 0.217707 32.3002 14
 193.000000 -0.687772 1.2297 -0.306303 0.561497 -0.00491327 0.217707 32.3002 14
 193.500000 -0.477066 1.44491 -0.591022 1.19517 -0.00491327 0.217707 32.3002 14
 194.000000 -0.376978 1.60422 -0.755679 0.545285 -0.00491327 0.217707 32.3002 14
 194.500000 -0.555343 1.4965 -0.556006 1.24222 -0.00491327 0.217707 32.3002 14
 195.000000 -0.915103 1.1177 -0.0572077 -3.55335 -0.0188851 0.217718 32.3266 14
 195.500000 -0.888221 1.15247 -0.0984065 -2.54882 -0.0188851 0.217718 32.3266 14
 196.000000 -0.449852 1.56053 -0.674411 1.08112 -0.0188851 0.217718 32.3266 14
 196.500000 -0.587181 1.48449 -0.523977 1.29659 -0.0188851 0.217718 32.3266 14
 197.000000 -0.585217 1.4884 -0.527642 1.29067 -0.0188851 0.217718 32.3266 14
 197.500000 -0.463092 1.61846 -0.694833 0.996899 0.00562234 0.218842 33.2636 14
 198.000000 -0.553639 1.46824 -0.542331 1.22592 0.00562234 0.218842 33.2636 14
 198.500000 -0.680282 1.36859 -0.386659 1.11489 0.00562234 0.218842 33.2636 14
 199.000000 -0.545532 1.38422 -0.504026 1.28035 0.00562234 0.218842 33.2636 14
 199.500000 -0.621731 1.46452 -0.4854 1.29565 0.00562234 0.218842 33.2636 14
 200.000000 -0.623517 1.2934 -0.392704 1.14234 0.0345946 0.217165 34.0815 14
 200.500000 -0.827287 1.21076 -0.180717 -1.00976 0.0345946 0.217165 34.0815 14
 201.000000 -1.06665 0.779906 0.249695 -9.44608 0.0345946 0.217165 34.0815 14
 201.500000 -1.2723 0.640429 0.496811 -13.2064 0.0345946 0.217165 34.0815 14
 202.000000 -1.2047 0.75845 0.37824 -11.4952 0.0345946 0.217165 34.0815 14
 202.500000 -1.30268 0.904268 0.389286 -11.5776 0.0208015 0.217165 34.0815 14
 203.000000 -1.329 0.741982 0.494072 -12.8738 0.0208015 0.217165 34.0815 14
 203.500000 -1.17607 0.631587 0.419632 -11.5827 0.0208015 0.217165 34.0815 14
 204.000000 -1.09096 0.898964 0.207854 -8.24416 0.0208015 0.217165 34.0815 14
 204.500000 -1.10335 0.884691 0.2259 -8.75102 0.0208015 0.217165 34.0815 14
 205.000000 -1.22239 0.815479 0.364163 -11.2013 0.00719598 0.217165 34.0815 14
 205.500000 -1.19376 0.792506 0.351279 -10.9243 0.00719598 0.217165 34.0815 14
 206.000000 -0.988793 0.893091 0.124246 -6.10155 0.00719598 0.217165 34.0815 14
 206.500000 -1.09281 0.824176 0.248544 -9.40496 0.00719598 0.217165 34.0815 14
 207.000000 -1.17787 0.792325 0.337732 -10.8991 0.00719598 0.217165 34.0815 14
 207.500000 -1.18531 0.803993 0.338095 -10.8999 -0.00622679 0.217165 34.0815 14
 208.000000 -0.858258 0.637108 0.155297 -6.86097 -0.00622679 0.217165 34.0815 14
 208.500000 -1.03705 0.569804 0.336599 -10.6354 -0.00622679 0.217165 34.0815 14
 209.000000 -1.13772 0.672166 0.366139 -10.6999 -0.00622679 0.217165 34.0815 14
 209.500000 -1.12706 0.802212 0.28916 -10.3344 -0.00622679 0.217165 34.0815 14
 210.000000 -1.17019 0.732743 0.362044 -10.6856 -0.0194717 0.217165 34.0815 14
 210.500000 -1.12202 0.962413 0.201627 -8.07221 -0.0194717 0.217165 34.0815 14
 211.000000 -1.15261 0.627165 0.402196 -10.6996 -0.0194717 0.217165 34.0815 14
 211.500000 -1.38699 0.741239 0.545075 -13.921 -0.0194717 0.217165 34.0815 14
 212.000000 -1.32671 0.700178 0.513224 -13.1054 -0.0194717 0.217165 34.0815 14
 212.500000 -1.30747 0.52049 0.588153 -14.4742 -0.0325438 0.23387 34.0815 13
 213.000000 -0.953965 0.901256 0.090677 -5.44005 -0.0325438 0.23387 34.0815 13
 213.500000 -0.766861 1.30974 -0.283864 0.267192 -0.0325438 0.23387 34.0815 13
 214.000000 -0.627872 1.29632 -0.390741 1.15454 -0.0325438 0.23387 34.0815 13
 214.500000 -0.526228 1.47051 -0.565503 1.08898 -0.0325438 0.23387 34.0815 13
 215.000000 -0.586922 1.43961 -0.500318 1.2117 -0.00136442 0.234818 34.8324 13
 215.500000 -0.514856 1.5445 -0.614014 1.06397 -0.00136442 0.234818 34.8324 13
 216.000000 -0.464663 1.50509 -0.633017 1.06016 -0.00136442 0.234818 34.8324 13
 216.500000 -0.519959 1.47686 -0.573899 1.10763 -0.00136442 0.234818 34.8324 13
 217.000000 -0.563807 1.52975 -0.566878 1.12269 -0.00136442 0.234818 34.8324 13
 217.500000 -0.658131 1.45324 -0.449765 1.29516 0.03171 0.237203 35.4836 13
 218.000000 -0.239513 1.72269 -0.929233 -2.51082 0.03171 0.237203 35.4836 13
 218.500000 -0.110424 1.90593 -1.13552 -9.91362 0.03171 0.237203 35.4836 13
 219.000000 -0.28335 1.70401 -0.884064 -1.57602 0.03171 0.237203 35.4836 13
 219.500000 -0.252898 1.52821 -0.812642 -0.298259 0.03171 0.237203 35.4836 13
 220.000000 -0.599605 1.33825 -0.436026 1.33635 0.0647379 0.237717 36.1078 13
 220.500000 -0.74817 1.16716 -0.223152 -0.687288 0.0647379 0.237717 36.1078 13
 221.000000 -0.733303 1.3085 -0.311037 0.476334 0.0647379 0.237717 36.1078 13
 221.500000 -0.601565 1.39657 -0.465574 1.39315 0.0647379 0.237717 36.1078 13
 222.000000 -0.378576 1.59761 -0.750856 0.436067 0.0647379 0.237717 36.1078 13
 222.500000 -0.662342 1.30294 -0.366292 1.06664 0.0857921 0.236328 37.0634 13
 223.000000 -0.549145 1.48224 -0.553394 1.08829 0.0857921 0.236328 37.0634 13
 223.500000 -0.320332 1.62605 -0.812349 -0.364493 0.0857921 0.236328 37.0634 13
 224.000000 -0.65503 1.40245 -0.42531 1.40866 0.0857921 0.236328 37.0634 13
 224.500000 -0.620721 1.33309 -0.416206 1.39159 0.0857921 0.236328 37.0634 13
 225.000000 -0.652337 1.33514 -0.391644 1.30469 0.114444 0.234689 37.7984 13
 225.500000 -1.01694 1.00028 0.0914804 -5.65611 0.114444 0.234689 37.7984 13
 226.000000 -0.714573 1.27482 -0.308505 0.598428 0.114444 0.234689 37.7984 13
 226.500000 -1.18977 0.808397 0.339659 -10.695 0.114444 0.234689 37.7984 13
 227.000000 -1.12607 0.977342 0.197423 -8.22826 0.114444 0.234689 37.7984 13
 227.500000 -1.46985 0.440365 0.767258 -15.677 0.102323 0.234689 37.7984 13
 228.000000 -1.48723 0.568255 0.718675 -15.303 0.102323 0.234689 37.7984 13
 228.500000 -1.43391 0.450736 0.731277 -15.3419 0.102323 0.234689 37.7984 13
 229.000000 -1.27983 0.632796 0.507168 -13.1543 0.102323 0.234689 37.7984 13
 229.500000 -1.36748 0.730981 0.533153 -13.7808 0.102323 0.234689 37.7984 13
 230.000000 -1.34989 0.591583 0.588237 -14.3639 0.0903468 0.234689 37.7984 13
 230.500000 -1.23299 0.915492 0.322351 -10.6974 0.0903468 0.234689 37.7984 13
 231.000000 -1.20403 0.754408 0.379751 -10.7879 0.0903468 0.234689 37.7984 13
 231.500000 -1.02257 0.928494 0.134052 -6.60447 0.0903468 0.234689 37.7984 13
 232.000000 -1.1103 0.920442 0.213263 -8.65985 0.0903468 0.234689 37.7984 13
 232.500000 -0.990086 1.1356 -0.0025551 -4.35817 0.0786516 0.234675 37.8088 13
 233.000000 -0.63138 1.30588 -0.393021 1.37218 0.0786516 0.234675 37.8088 13
 233.500000 -0.633764 1.36387 -0.422069 1.4508 0.0786516 0.234675 37.8088 13
 234.000000 -0.525315 1.48664 -0.574828 0.97531 0.0786516 0.234675 37.8088 13
 234.500000 -0.530778 1.44812 -0.549934 1.06821 0.0786516 0.234675 37.8088 13
 235.000000 -0.536287 1.52057 -0.584109 0.950728 0.0947066 0.233635 38.8061 13
 235.500000 -0.351184 1.78769 -0.875517 -1.53044 0.0947066 0.233635 38.8061 13
 236.000000 -0.53281 1.59805 -0.628144 0.967582 0.0947066 0.233635 38.8061 13
 236.500000 -0.57869 1.48741 -0.532378 1.20375 0.0947066 0.233635 38.8061 13
 237.000000 -0.415149 1.49154 -0.665019 0.901817 0.0947066 0.233635 38.8061 13
 237.500000 -0.288014 1.71764 -0.887786 -1.77539 0.0849361 0.233891 38.9391 13
 238.000000 -0.500227 1.54728 -0.627193 0.966103 0.0849361 0.233891 38.9391 13
 238.500000 -0.311881 1.65721 -0.835928 -0.774812 0.0849361 0.233891 38.9391 13
 239.000000 -0.796884 1.15489 -0.176267 -1.40377 0.0849361 0.233891 38.9391 13
 239.500000 -0.85394 1.07709 -0.087053 -3.17052 0.0849361 0.233891 38.9391 13
 240.000000 -1.24004 0.857039 0.358246 -10.7327 0.0735076 0.233891 38.9391 13
 240.500000 -0.911726 1.07485 -0.0373271 -3.95238 0.0735076 0.233891 38.9391 13
 241.000000 -0.574776 1.4858 -0.534676 1.19274 0.0735076 0.233891 38.9391 13
 241.500000 -0.352792 1.59209 -0.768311 0.171394 0.0735076 0.233891 38.9391 13
 242.000000 -0.531949 1.45963 -0.555131 1.12124 0.0735076 0.233891 38.9391 13
 242.500000 -0.812263 1.28859 -0.234681 -0.509297 0.0685327 0.232846 39.3692 13
 243.000000 -0.740851 1.28844 -0.294103 0.399179 0.0685327 0.232846 39.3692 13
 243.500000 -0.507225 1.4785 -0.584944 1.03419 0.0685327 0.232846 39.3692 13
 244.000000 -0.350121 1.67901 -0.817341 -0.485238 0.0685327 0.232846 39.3692 13
 244.500000 -0.517754 1.3625 -0.514593 1.26317 0.0685327 0.232846 39.3692 13
 245.000000 -0.511183 1.5024 -0.594521 1.01374 0.0858633 0.23314 40.3537 13
 245.500000 -0.616732 1.38092 -0.444966 1.41047 0.0858633 0.23314 40.3537 13
 246.000000 -0.510497 1.4998 -0.593684 1.09762 0.0858633 0.23314 40.3537 13
 246.500000 -0.588361 1.47313 -0.516987 1.28039 0.0858633 0.23314 40.3537 13
 247.000000 -0.411391 1.51148 -0.678673 0.874093 0.0858633 0.23314 40.3537 13
 247.500000 -0.396019 1.56116 -0.717463 0.64134 0.0939925 0.237638 41.3031 13
 248.000000 -0.77157 1.23968 -0.242634 -0.36912 0.0939925 0.237638 41.3031 13
 248.500000 -0.764654 1.26573 -0.262272 -0.101413 0.0939925 0.237638 41.3031 13
 249.000000 -0.683691 1.29069 -0.342316 0.915084 0.0939925 0.237638 41.3031 13
 249.500000 -0.825161 1.22925 -0.192336 -1.06687 0.0939925 0.237638 41.3031 13
 250.000000 -0.84643 1.08622 -0.0982099 -2.89664 0.0836155 0.221451 41.3478 14
 250.500000 -0.518506 1.42895 -0.549508 1.23007 0.0836155 0.221451 41.3478 14
 251.000000 -0.938264 0.994527 0.0277743 -4.48288 0.0836155 0.221451 41.3478 14
 251.500000 -0.8461 1.11317 -0.112904 -2.42299 0.0836155 0.221451 41.3478 14
 252.000000 -0.954422 1.16669 -0.0495302 -3.59025 0.0836155 0.221451 41.3478 14
 252.500000 -0.815612 1.17032 -0.168925 -1.3634 0.0753586 0.21034 41.5464 15
 253.000000 -0.713006 1.23483 -0.288394 0.371251 0.0753586 0.21034 41.5464 15
 253.500000 -0.469772 1.55961 -0.658064 1.06933 0.0753586 0.21034 41.5464 15
 254.000000 -0.617205 1.31629 -0.410068 1.45157 0.0753586 0.21034 41.5464 15
 254.500000 -0.940317 1.05834 -0.00438052 -4.05099 0.0753586 0.21034 41.5464 15
 255.000000 -0.686887 1.30283 -0.346187 1.06464 0.0931704 0.209837 42.5117 15
 255.500000 -0.291293 1.6633 -0.85558 -1.04812 0.0931704 0.209837 42.5117 15
 256.000000 -0.443039 1.53019 -0.663602 1.03068 0.0931704 0.209837 42.5117 15
 256.500000 -0.578265 1.45003 -0.51284 1.34401 0.0931704 0.209837 42.5117 15
 257.000000 -0.48266 1.49608 -0.613896 1.12219 0.0931704 0.209837 42.5117 15
 257.500000 -0.575667 1.40718 -0.492107 1.3996 0.121123 0.211431 43.1097 15
 258.000000 -0.545767 1.39562 -0.509933 1.41606 0.121123 0.211431 43.1097 15
 258.500000 -0.238501 1.79227 -0.968356 -3.35877 0.121123 0.211431 43.1097 15
 259.000000 -0.109041 1.76838 -1.05911 -6.27663 0.121123 0.211431 43.1097 15
 259.500000 -0.228164 1.79914 -0.980455 -3.65079 0.121123 0.211431 43.1097 15
 260.000000 -0.497018 1.48433 -0.596189 1.14832 0.13963 0.212 44.0466 15
 260.500000 -0.704937 1.40154 -0.383923 1.35714 0.13963 0.212 44.0466 15
 261.000000 -0.604952 1.36912 -0.448201 1.49344 0.13963 0.212 44.0466 15
 261.500000 -0.491032 1.57009 -0.646701 1.07723 0.13963 0.212 44.0466 15
 262.000000 -0.496428 1.55145 -0.632447 1.12189 0.13963 0.212 44.0466 15
 262.500000 -0.66051 1.2089 -0.317314 0.788454 0.149001 0.218413 45.0299 15
 263.000000 -0.414738 1.46933 -0.653449 1.00824 0.149001 0.218413 45.0299 15
 263.500000 -0.601628 1.41805 -0.476968 1.43188 0.149001 0.218413 45.0299 15
 264.000000 -0.784313 1.12614 -0.17126 -1.2348 0.149001 0.218413 45.0299 15
 264.500000 -0.949188 1.07369 -0.00497171 -4.22505 0.149001 0.218413 45.0299 15
 265.000000 -0.723996 1.32379 -0.326865 0.940524 0.16124 0.223695 46.0297 15
 265.500000 -0.57032 1.37802 -0.480842 1.38698 0.16124 0.223695 46.0297 15
 266.000000 -0.44851 1.58734 -0.68981 0.813162 0.16124 0.223695 46.0297 15
 266.500000 -0.533852 1.56153 -0.60786 1.10475 0.16124 0.223695 46.0297 15
 267.000000 -0.524087 1.47149 -0.567739 1.2187 0.16124 0.223695 46.0297 15
 267.500000 -0.399116 1.5603 -0.714547 0.665274 0.167838 0.226278 46.9779 15
 268.000000 -0.423009 1.53034 -0.679571 0.893246 0.167838 0.226278 46.9779 15
 268.500000 -0.348895 1.59475 -0.77283 0.197526 0.167838 0.226278 46.9779 15
 269.000000 -0.643281 1.353 -0.408541 1.37209 0.167838 0.226278 46.9779 15
 269.500000 -0.403365 1.56403 -0.71318 0.734525 0.167838 0.226278 46.9779 15
 270.000000 -0.442228 1.53836 -0.668617 0.930269 0.179208 0.22657 47.9778 15
 270.500000 -0.55454 1.44763 -0.530633 1.2599 0.179208 0.22657 47.9778 15
 271.000000 -0.530189 1.53139 -0.594755 1.13203 0.179208 0.22657 47.9778 15
 271.500000 -0.437986 1.55261 -0.679603 0.95268 0.179208 0.22657 47.9778 15
 272.000000 -0.754847 1.25408 -0.264191 0.261824 0.179208 0.22657 47.9778 15
 272.500000 -0.895788 1.18279 -0.108062 -2.77538 0.169778 0.226695 48.0268 15
 273.000000 -0.937563 1.11377 -0.0360456 -3.89028 0.169778 0.226695 48.0268 15
 273.500000 -0.915433 1.16164 -0.0801817 -3.21566 0.169778 0.226695 48.0268 15
 274.000000 -0.467981 1.53407 -0.645853 1.04191 0.169778 0.226695 48.0268 15
 274.500000 -0.317321 1.76391 -0.889646 -1.99057 0.169778 0.226695 48.0268 15
 275.000000 -0.465672 1.62553 -0.696557 0.879148 0.179852 0.227515 49.0251 15
 275.500000 -0.425798 1.4908 -0.656201 1.06162 0.179852 0.227515 49.0251 15
 276.000000 -0.643237 1.30347 -0.382117 1.25687 0.179852 0.227515 49.0251 15
 276.500000 -0.798418 1.2377 -0.21922 -0.439766 0.179852 0.227515 49.0251 15
 277.000000 -0.614739 1.40994 -0.462043 1.33541 0.179852 0.227515 49.0251 15
 277.500000 -0.52401 1.48979 -0.577551 1.14937 0.195617 0.227026 49.9611 15
 278.000000 -0.576235 1.36826 -0.47088 1.32105 0.195617 0.227026 49.9611 15
 278.500000 -0.60207 1.48241 -0.510838 1.29542 0.195617 0.227026 49.9611 15
 279.000000 -0.877256 1.04486 -0.0503073 -3.73962 0.195617 0.227026 49.9611 15
 279.500000 -1.10062 1.03381 0.146136 -7.04262 0.195617 0.227026 49.9611 15
 280.000000 -1.27679 0.860051 0.388816 -10.9215 0.185956 0.227026 49.9611 15
 280.500000 -1.13033 0.8961 0.243142 -9.73175 0.185956 0.227026 49.9611 15
 281.000000 -1.18728 0.90767 0.286448 -10.6488 0.185956 0.227026 49.9611 15
 281.500000 -0.998596 0.798739 0.182669 -8.02262 0.185956 0.227026 49.9611 15
 282.000000 -1.26665 0.889205 0.365175 -10.6571 0.185956 0.227026 49.9611 15
 282.500000 -1.11958 1.07793 0.13994 -6.88296 0.176394 0.227025 49.9619 15
 283.000000 -1.10239 0.719969 0.311337 -10.7075 0.176394 0.227025 49.9619 15
 283.500000 -1.28671 0.893168 0.380799 -10.7071 0.176394 0.227025 49.9619 15
 284.000000 -1.0912 0.99906 0.155961 -7.12205 0.176394 0.227025 49.9619 15
 284.500000 -1.13321 0.792869 0.299275 -10.6533 0.176394 0.227025 49.9619 15
 285.000000 -1.10936 0.680145 0.33812 -10.6736 0.166916 0.227025 49.9619 15
 285.500000 -0.852922 1.25416 -0.182172 -1.14827 0.166916 0.227025 49.9619 15
 286.000000 -0.77424 1.17454 -0.205579 -0.701406 0.166916 0.227025 49.9619 15
 286.500000 -0.651686 1.34286 -0.396294 1.27547 0.166916 0.227025 49.9619 15
 287.000000 -0.913007 1.16738 -0.0852797 -3.16722 0.166916 0.227025 49.9619 15
 287.500000 -0.6019 1.39913 -0.466666 1.32305 0.187063 0.228391 50.7359 15
 288.000000 -0.475534 1.47251 -0.60698 1.1371 0.187063 0.228391 50.7359 15
 288.500000 -0.299801 1.64982 -0.841509 -1.00806 0.187063 0.228391 50.7359 15
 289.000000 -0.552392 1.37321 -0.492652 1.35049 0.187063 0.228391 50.7359 15
 289.500000 -0.683637 1.22185 -0.30546 0.66481 0.187063 0.228391 50.7359 15
 290.000000 -0.572613 1.3809 -0.480539 1.36402 0.207632 0.23041 51.4707 15
 290.500000 -0.665597 1.31598 -0.37061 1.18012 0.207632 0.23041 51.4707 15
 291.000000 -0.478994 1.51031 -0.624404 1.07812 0.207632 0.23041 51.4707 15
 291.500000 -0.408968 1.55021 -0.701334 0.836442 0.207632 0.23041 51.4707 15
 292.000000 -0.870535 1.13157 -0.102223 -2.91351 0.207632 0.23041 51.4707 15
 292.500000 -0.867355 1.11098 -0.0939259 -3.07659 0.198762 0.230395 51.5059 15
 293.000000 -0.734092 1.30169 -0.306754 0.646128 0.198762 0.230395 51.5059 15
 293.500000 -1.0887 0.991644 0.157652 -7.23047 0.198762 0.230395 51.5059 15
 294.000000 -0.80685 1.02725 -0.0993403 -2.88872 0.198762 0.230395 51.5059 15
 294.500000 -0.937954 1.0344 0.00631679 -4.44196 0.198762 0.230395 51.5059 15
 295.000000 -1.06796 0.87114 0.202795 -8.31711 0.189632 0.230396 51.5061 15
 295.500000 -1.076 0.735772 0.280838 -9.97638 0.189632 0.230396 51.5061 15
 296.000000 -1.47571 0.500922 0.742148 -15.4933 0.189632 0.230396 51.5061 15
 296.500000 -1.36699 0.465699 0.666615 -14.9943 0.189632 0.230396 51.5061 15
 297.000000 -1.34128 0.688514 0.531753 -13.8699 0.189632 0.230396 51.5061 15
 297.500000 -1.18979 0.739189 0.375425 -10.6566 0.180582 0.230396 51.5061 15
 298.000000 -1.11809 0.88372 0.239044 -9.02766 0.180582 0.230396 51.5061 15
 298.500000 -0.999168 0.991408 0.0809897 -5.59134 0.180582 0.230396 51.5061 15
 299.000000 -0.696167 1.34481 -0.360967 1.11935 0.180582 0.230396 51.5061 15
 299.500000 -0.638304 1.35561 -0.413979 1.3615 0.180582 0.230396 51.5061 15
 300.000000 -0.498475 1.44831 -0.575811 1.21058 0.196535 0.229674 52.4246 15
 300.500000 -0.60232 1.50437 -0.5223 1.38926 0.196535 0.229674 52.4246 15
 301.000000 -0.711783 1.24661 -0.295707 0.502678 0.196535 0.229674 52.4246 15
 301.500000 -0.424793 1.47077 -0.646274 1.05249 0.196535 0.229674 52.4246 15
 302.000000 -0.551081 1.5266 -0.575441 1.26625 0.196535 0.229674 52.4246 15
 302.500000 -0.557201 1.35903 -0.481221 1.41587 0.217421 0.231423 53.1112 15
 303.000000 -0.775471 1.31035 -0.27702 0.245353 0.217421 0.231423 53.1112 15
 303.500000 -0.81775 1.0777 -0.117512 -2.60295 0.217421 0.231423 53.1112 15
 304.000000 -0.56161 1.52385 -0.56551 1.31075 0.217421 0.231423 53.1112 15
 304.500000 -0.487272 1.5598 -0.644212 1.0225 0.217421 0.231423 53.1112 15
 305.000000 -0.478846 1.42883 -0.581018 1.25128 0.23319 0.230958 54.0167 15
 305.500000 -0.383449 1.58489 -0.740159 0.4759 0.23319 0.230958 54.0167 15
 306.000000 -0.422007 1.48821 -0.657815 0.998565 0.23319 0.230958 54.0167 15
 306.500000 -0.465568 1.5417 -0.651847 1.02215 0.23319 0.230958 54.0167 15
 307.000000 -0.46534 1.43156 -0.593193 1.25573 0.23319 0.230958 54.0167 15
 307.500000 -0.729265 1.27873 -0.298495 0.480058 0.235622 0.230857 54.8597 15
 308.000000 -0.496453 1.54987 -0.631586 1.09059 0.235622 0.230857 54.8597 15
 308.500000 -0.483257 1.47736 -0.603429 1.20378 0.235622 0.230857 54.8597 15
 309.000000 -0.560543 1.67988 -0.649399 1.02163 0.235622 0.230857 54.8597 15
 309.500000 -0.797256 1.31045 -0.258865 0.0651746 0.235622 0.230857 54.8597 15
 310.000000 -0.650778 1.34709 -0.39929 1.26107 0.250921 0.229967 55.7597 15
 310.500000 -0.518401 1.4333 -0.551918 1.37089 0.250921 0.229967 55.7597 15
 311.000000 -0.562055 1.44692 -0.524222 1.43065 0.250921 0.229967 55.7597 15
 311.500000 -0.58912 1.32773 -0.438844 1.41349 0.250921 0.229967 55.7597 15
 312.000000 -0.484318 1.46159 -0.594168 1.21944 0.250921 0.229967 55.7597 15
 312.500000 -0.344582 1.62003 -0.789876 -0.189778 0.24787 0.228837 56.2807 15
 313.000000 -0.207223 1.69334 -0.938865 -3.10798 0.24787 0.228837 56.2807 15
 313.500000 -0.0627545 1.92589 -1.18582 -12.4374 0.24787 0.228837 56.2807 15
 314.000000 -0.178262 1.84572 -1.04656 -6.16204 0.24787 0.228837 56.2807 15
 314.500000 -0.510255 1.53494 -0.612599 1.14327 0.24787 0.228837 56.2807 15
 315.000000 -0.579557 1.45046 -0.512029 1.44439 0.267245 0.228398 56.9575 15
 315.500000 -0.228727 1.78082 -0.969875 -3.81976 0.267245 0.228398 56.9575 15
 316.000000 -0.59781 1.60373 -0.578716 1.30148 0.267245 0.228398 56.9575 15
 316.500000 -0.441955 1.52339 -0.660829 0.929597 0.267245 0.228398 56.9575 15
 317.000000 -0.668614 1.3514 -0.387045 1.23767 0.267245 0.228398 56.9575 15
 317.500000 -0.503407 1.50647 -0.602897 1.18689 0.279841 0.231279 57.9174 15
 318.000000 -0.507253 1.49272 -0.592501 1.27688 0.279841 0.231279 57.9174 15
 318.500000 -0.289141 1.69551 -0.874821 -1.78686 0.279841 0.231279 57.9174 15
 319.000000 -0.0946606 1.91053 -1.15099 -11.3593 0.279841 0.231279 57.9174 15
 319.500000 -0.330794 1.74134 -0.86657 -1.60662 0.279841 0.231279 57.9174 15
 320.000000 -0.222005 1.73405 -0.949459 -3.39051 0.271687 0.231148 57.9418 15
 320.500000 -0.891001 1.18472 -0.113148 -2.85956 0.271687 0.231148 57.9418 15
 321.000000 -0.607303 1.38625 -0.455439 1.42142 0.271687 0.231148 57.9418 15
 321.500000 -0.611224 1.4245 -0.472638 1.44743 0.271687 0.231148 57.9418 15
 322.000000 -0.54288 1.38621 -0.507213 1.46954 0.271687 0.231148 57.9418 15
 322.500000 -0.528808 1.4573 -0.556401 1.40171 0.288858 0.230302 58.7149 15
 323.000000 -0.333581 1.6961 -0.839764 -1.06291 0.288858 0.230302 58.7149 15
 323.500000 -0.754067 1.30472 -0.291829 0.39754 0.288858 0.230302 58.7149 15
 324.000000 -0.952078 1.16018 -0.0481148 -3.92064 0.288858 0.230302 58.7149 15
 324.500000 -0.881236 1.19511 -0.126928 -2.59784 0.288858 0.230302 58.7149 15
 325.000000 -0.894915 1.16323 -0.0984479 -3.15528 0.280892 0.230316 58.7455 15
 325.500000 -1.06383 0.940811 0.162762 -7.49399 0.280892 0.230316 58.7455 15
 326.000000 -1.11007 0.868444 0.240122 -9.23546 0.280892 0.230316 58.7455 15
 326.500000 -1.20027 0.849436 0.3276 -10.598 0.280892 0.230316 58.7455 15
 327.000000 -1.09372 0.769983 0.277745 -10.0838 0.280892 0.230316 58.7455 15
 327.500000 -1.46137 0.596913 0.681964 -15.249 0.272729 0.215921 58.7455 16
 328.000000 -1.30246 0.565684 0.560807 -14.3518 0.272729 0.215921 58.7455 16
 328.500000 -1.1918 0.822158 0.334315 -10.5487 0.272729 0.215921 58.7455 16
 329.000000 -1.26522 0.695949 0.462316 -11.9221 0.272729 0.215921 58.7455 16
 329.500000 -1.20036 0.617119 0.447658 -11.5744 0.272729 0.215921 58.7455 16
 330.000000 -1.3891 0.679358 0.577904 -14.4534 0.264631 0.215921 58.7455 16
 330.500000 -1.09017 0.801911 0.25798 -9.59643 0.264631 0.215921 58.7455 16
 331.000000 -1.06599 0.994356 0.136652 -6.86422 0.264631 0.215921 58.7455 16
 331.500000 -1.21987 0.719741 0.411191 -10.9384 0.264631 0.215921 58.7455 16
 332.000000 -1.13568 0.751958 0.322709 -10.5248 0.264631 0.215921 58.7455 16
 332.500000 -1.09596 0.830076 0.248131 -9.36535 0.2566 0.215921 58.7456 16
 333.000000 -1.08223 0.871255 0.21488 -8.52818 0.2566 0.215921 58.7456 16
 333.500000 -0.91813 0.889437 0.0671275 -5.46043 0.2566 0.215921 58.7456 16
 334.000000 -0.809433 1.06872 -0.119574 -2.64302 0.2566 0.215921 58.7456 16
 334.500000 -0.835331 1.17791 -0.156475 -1.87365 0.2566 0.215921 58.7456 16
 335.000000 -0.836938 1.23199 -0.183893 -1.28068 0.25035 0.21644 58.9364 16
 335.500000 -0.716021 1.29175 -0.31636 0.715595 0.25035 0.21644 58.9364 16
 336.000000 -0.950598 1.09245 -0.0136862 -4.2435 0.25035 0.21644 58.9364 16
 336.500000 -0.967098 1.08142 0.00619912 -4.52903 0.25035 0.21644 58.9364 16
 337.000000 -1.07436 0.905606 0.190184 -8.01212 0.25035 0.21644 58.9364 16
 337.500000 -1.10705 0.846595 0.248937 -9.24891 0.242445 0.21644 58.9365 16
 338.000000 -1.06594 0.870425 0.201449 -8.21435 0.242445 0.21644 58.9365 16
 338.500000 -1.14442 0.73356 0.339726 -10.3364 0.242445 0.21644 58.9365 16
 339.000000 -1.44013 0.422349 0.750807 -15.4682 0.242445 0.21644 58.9365 16
 339.500000 -1.27148 0.65635 0.48796 -12.6353 0.242445 0.21644 58.9365 16
 340.000000 -1.33009 0.497132 0.619279 -14.4712 0.234602 0.21644 58.9365 16
 340.500000 -1.31458 0.540019 0.584235 -14.1672 0.234602 0.21644 58.9365 16
 341.000000 -1.28687 0.525083 0.568324 -14.1365 0.234602 0.21644 58.9365 16
 341.500000 -1.301 0.563493 0.560684 -14.1112 0.234602 0.21644 58.9365 16
 342.000000 -1.32437 0.659809 0.531672 -13.803 0.234602 0.21644 58.9365 16
 342.500000 -1.09714 0.776227 0.277356 -9.61323 0.22682 0.21644 58.9365 16
 343.000000 -1.44715 0.513466 0.71126 -15.1326 0.22682 0.21644 58.9365 16
 343.500000 -1.16348 0.644371 0.402358 -10.7737 0.22682 0.21644 58.9365 16
 344.000000 -1.07456 1.00155 0.140287 -6.94385 0.22682 0.21644 58.9365 16
 344.500000 -0.982985 0.720566 0.211507 -8.38435 0.22682 0.21644 58.9365 16
 345.000000 -0.917165 0.902508 0.0593044 -5.33088 0.219128 0.203753 58.94 17
 345.500000 -1.06626 0.906346 0.182879 -7.70212 0.219128 0.203753 58.94 17
 346.000000 -1.37768 0.730733 0.542185 -13.9155 0.219128 0.203753 58.94 17
 346.500000 -1.33487 0.658997 0.541142 -13.9021 0.219128 0.203753 58.94 17
 347.000000 -1.33708 0.854034 0.444799 -11.4441 0.219128 0.203753 58.94 17
 347.500000 -1.47849 0.575187 0.707641 -15.0632 0.211465 0.203753 58.94 17
 348.000000 -1.27475 0.716894 0.459811 -11.7966 0.211465 0.203753 58.94 17
 348.500000 -1.25682 0.629061 0.489423 -12.62 0.211465 0.203753 58.94 17
 349.000000 -1.31431 0.621581 0.542437 -13.9182 0.211465 0.203753 58.94 17
 349.500000 -1.06289 0.815116 0.227963 -8.60607 0.211465 0.203753 58.94 17
 350.000000 -1.18651 0.834374 0.323459 -9.97555 0.203861 0.203753 58.9401 17
 350.500000 -1.41537 0.758489 0.561375 -14.0812 0.203861 0.203753 58.9401 17
 351.000000 -0.991001 0.707985 0.224864 -8.5432 0.203861 0.203753 58.9401 17
 351.500000 -0.994692 1.14889 -0.00554105 -4.2887 0.203861 0.203753 58.9401 17
 352.000000 -0.936341 1.10511 -0.0325101 -3.9061 0.203861 0.203753 58.9401 17
 352.500000 -0.772089 1.22433 -0.23401 -0.269097 0.201024 0.20297 59.4174 17
 353.000000 -0.502331 1.48557 -0.592617 1.42321 0.201024 0.20297 59.4174 17
 353.500000 -0.528915 1.41674 -0.534681 1.59649 0.201024 0.20297 59.4174 17
 354.000000 -1.00539 1.07357 0.0431174 -4.94551 0.201024 0.20297 59.4174 17
 354.500000 -0.944127 0.87094 0.0986778 -5.85716 0.201024 0.20297 59.4174 17
 355.000000 -1.08148 0.708033 0.300062 -9.60684 0.193533 0.20297 59.4174 17
 355.500000 -1.16878 0.532516 0.465184 -11.9025 0.193533 0.20297 59.4174 17
 356.000000 -1.10044 0.895706 0.217671 -8.39805 0.193533 0.20297 59.4174 17
 356.500000 -1.10336 1.02767 0.151685 -7.00016 0.193533 0.20297 59.4174 17
 357.000000 -1.10459 0.810557 0.26568 -9.11112 0.193533 0.20297 59.4174 17
 357.500000 -0.912728 1.07319 -0.0355983 -3.84031 0.18623 0.202984 59.433 17
 358.000000 -0.971654 1.06277 0.0199184 -4.496 0.18623 0.202984 59.433 17
 358.500000 -0.760043 1.18747 -0.224257 -0.32732 0.18623 0.202984 59.433 17
 359.000000 -0.552448 1.41794 -0.516487 1.60716 0.18623 0.202984 59.433 17
 359.500000 -0.522172 1.52581 -0.598205 1.39796 0.18623 0.202984 59.433 17
 360.000000 -1.00933 1.0415 0.0633165 -5.16117 0.178886 0.202983 59.4371 17
 360.500000 -1.00242 1.02345 0.0668899 -5.11899 0.178886 0.202983 59.4371 17
 361.000000 -0.961005 1.02304 0.0318568 -4.61476 0.178886 0.202983 59.4371 17
 361.500000 -1.08782 0.837779 0.237177 -8.74797 0.178886 0.202983 59.4371 17
 362.000000 -1.32087 0.719184 0.498538 -12.9309 0.178886 0.202983 59.4371 17
 362.500000 -1.21169 0.918025 0.30243 -9.46963 0.17156 0.202983 59.4372 17
 363.000000 -1.20739 0.868486 0.324011 -9.47195 0.17156 0.202983 59.4372 17
 363.500000 -0.82276 1.20049 -0.17904 -1.10913 0.17156 0.202983 59.4372 17
 364.000000 -0.509562 1.43784 -0.56139 1.54044 0.17156 0.202983 59.4372 17
 364.500000 -0.671615 1.34371 -0.380496 1.26055 0.17156 0.202983 59.4372 17
 365.000000 -0.76257 1.14057 -0.196984 -0.778951 0.167105 0.20375 59.7431 17
 365.500000 -0.971915 1.08152 0.0102595 -4.34607 0.167105 0.20375 59.7431 17
 366.000000 -0.786856 1.29413 -0.258896 0.166378 0.167105 0.20375 59.7431 17
 366.500000 -0.715749 1.25523 -0.297062 0.594134 0.167105 0.20375 59.7431 17
 367.000000 -0.34832 1.68009 -0.819357 -0.569851 0.167105 0.20375 59.7431 17
 367.500000 -0.644779 1.30933 -0.383996 1.27273 0.18154 0.202988 60.6556 17
 368.000000 -1.04937 1.04791 0.0944002 -5.63059 0.18154 0.202988 60.6556 17
 368.500000 -1.11653 0.890843 0.234003 -8.69301 0.18154 0.202988 60.6556 17
 369.000000 -1.34431 0.814389 0.471018 -12.1558 0.18154 0.202988 60.6556 17
 369.500000 -1.14514 1.01317 0.195578 -7.99381 0.18154 0.202988 60.6556 17
 370.000000 -1.19267 0.718966 0.388343 -10.1747 0.174372 0.202988 60.6556 17
 370.500000 -0.744614 1.18647 -0.236453 -0.125144 0.174372 0.202988 60.6556 17
 371.000000 -0.393243 1.5805 -0.730037 0.599592 0.174372 0.202988 60.6556 17
 371.500000 -0.485644 1.50364 -0.615554 1.29082 0.174372 0.202988 60.6556 17
 372.000000 -0.484852 1.52521 -0.627693 1.23201 0.174372 0.202988 60.6556 17
 372.500000 -0.56804 1.4198 -0.504966 1.58529 0.196118 0.202756 61.0981 17
 373.000000 -0.337902 1.65848 -0.815948 -0.552535 0.196118 0.202756 61.0981 17
 373.500000 -0.0686086 1.83157 -1.12735 -9.61251 0.196118 0.202756 61.0981 17
 374.000000 -0.536056 1.50561 -0.576328 1.47993 0.196118 0.202756 61.0981 17
 374.500000 -0.470992 1.53074 -0.641678 1.13741 0.196118 0.202756 61.0981 17
 375.000000 -0.611202 1.29129 -0.401522 1.38939 0.21217 0.201954 61.9267 17
 375.500000 -0.484093 1.40607 -0.564678 1.50797 0.21217 0.201954 61.9267 17
 376.000000 -0.47097 1.50992 -0.630582 1.17796 0.21217 0.201954 61.9267 17
 376.500000 -0.353237 1.71217 -0.832814 -0.881901 0.21217 0.201954 61.9267 17
 377.000000 -0.63744 1.41486 -0.446238 1.55501 0.21217 0.201954 61.9267 17
 377.500000 -0.347552 1.55788 -0.754037 0.31197 0.212904 0.201611 62.6564 17
 378.000000 -0.643703 1.27979 -0.369055 1.26151 0.212904 0.201611 62.6564 17
 378.500000 -0.303204 1.67197 -0.850827 -1.17946 0.212904 0.201611 62.6564 17
 379.000000 -0.414045 1.62618 -0.738037 0.525052 0.212904 0.201611 62.6564 17
 379.500000 -0.643605 1.30784 -0.384155 1.34932 0.212904 0.201611 62.6564 17
 380.000000 -0.605139 1.41875 -0.474499 1.59134 0.23331 0.203265 63.149 17
 380.500000 -0.789036 1.30908 -0.265016 0.175351 0.23331 0.203265 63.149 17
 381.000000 -0.8142 1.30462 -0.241555 -0.139794 0.23331 0.203265 63.149 17
 381.500000 -0.962713 1.16698 -0.042565 -3.74373 0.23331 0.203265 63.149 17
 382.000000 -0.835674 1.19523 -0.165411 -1.3684 0.23331 0.203265 63.149 17
 382.500000 -0.655802 1.27179 -0.354935 1.14332 0.243495 0.203156 64.1422 17
 383.000000 -0.975845 0.876377 0.122269 -6.32545 0.243495 0.203156 64.1422 17
 383.500000 -1.388 0.435736 0.699639 -14.8946 0.243495 0.203156 64.1422 17
 384.000000 -1.44105 0.633063 0.64628 -14.4824 0.243495 0.203156 64.1422 17
 384.500000 -1.11535 0.658644 0.354447 -9.742 0.243495 0.203156 64.1422 17
 385.000000 -1.21702 0.904474 0.313991 -9.4808 0.236623 0.203156 64.1422 17
 385.500000 -1.06073 0.863935 0.200434 -8.19155 0.236623 0.203156 64.1422 17
 386.000000 -1.171 0.800498 0.327609 -9.42816 0.236623 0.203156 64.1422 17
 386.500000 -1.09278 0.900906 0.208398 -8.34969 0.236623 0.203156 64.1422 17
 387.000000 -1.05922 0.748078 0.260264 -9.05951 0.236623 0.203156 64.1422 17
 387.500000 -1.35677 0.680106 0.549435 -14.1064 0.229797 0.203156 64.1422 17
 388.000000 -1.05662 0.59209 0.34082 -9.50834 0.229797 0.203156 64.1422 17
 388.500000 -1.0153 1.05169 0.0630919 -5.18039 0.229797 0.203156 64.1422 17
 389.000000 -1.00158 0.983752 0.0870811 -5.58945 0.229797 0.203156 64.1422 17
 389.500000 -0.823968 1.1777 -0.165882 -1.36328 0.229797 0.203156 64.1422 17
 390.000000 -0.963333 0.965499 0.0643378 -5.19994 0.223047 0.203156 64.146 17
 390.500000 -0.792245 1.1229 -0.162953 -1.41949 0.223047 0.203156 64.146 17
 391.000000 -0.947944 1.13144 -0.0365228 -3.84425 0.223047 0.203156 64.146 17
 391.500000 -0.997263 0.974358 0.0883659 -5.49249 0.223047 0.203156 64.146 17
 392.000000 -0.802831 1.29049 -0.243601 -0.0795721 0.223047 0.203156 64.146 17
 392.500000 -0.940669 1.13407 -0.0441164 -3.7341 0.216442 0.203172 64.1624 17
 393.000000 -1.09078 1.00458 0.152735 -6.99663 0.216442 0.203172 64.1624 17
 393.500000 -1.22509 0.527918 0.514714 -13.3438 0.216442 0.203172 64.1624 17
 394.000000 -1.31448 0.559633 0.574146 -14.0302 0.216442 0.203172 64.1624 17
 394.500000 -1.3867 0.546075 0.642865 -14.3911 0.216442 0.203172 64.1624 17
 395.000000 -0.80791 0.425356 0.232111 -8.75147 0.209754 0.203172 64.1626 17
 395.500000 -0.523264 0.489788 -0.0228726 -3.92388 0.209754 0.203172 64.1626 17
 396.000000 -0.0142832 0.598431 -0.474301 1.6241 0.209754 0.203172 64.1626 17
 396.500000 0.113014 0.44884 -0.481985 1.63063 0.209754 0.203172 64.1626 17
 397.000000 0.216721 0.548926 -0.622042 1.17313 0.209754 0.203172 64.1626 17
 397.500000 0.138207 0.502129 -0.533502 1.59669 0.229443 0.202172 64.6899 17
 398.000000 0.0963365 0.553282 -0.532074 1.63735 0.229443 0.202172 64.6899 17
 398.500000 -0.0750839 0.465875 -0.348606 1.12522 0.229443 0.202172 64.6899 17
 399.000000 -0.244316 0.490585 -0.234901 -0.227249 0.229443 0.202172 64.6899 17
 399.500000 -0.102461 0.401383 -0.288997 0.507527 0.229443 0.202172 64.6899 17
 400.000000 0.295729 0.514055 -0.662144 0.942709 0.236266 0.202113 65.6731 17
 400.500000 0.0469561 0.499727 -0.462096 1.60262 0.236266 0.202113 65.6731 17
 401.000000 -0.0604235 0.499937 -0.380225 1.32873 0.236266 0.202113 65.6731 17
 401.500000 0.247237 0.587288 -0.668532 0.956459 0.236266 0.202113 65.6731 17
 402.000000 0.0402892 0.556216 -0.49088 1.64476 0.236266 0.202113 65.6731 17
 402.500000 -0.0139441 0.48005 -0.403718 1.43965 0.251389 0.201505 66.4922 17
 403.000000 0.279581 0.491744 -0.636209 1.10585 0.251389 0.201505 66.4922 17
 403.500000 -0.295208 0.512 -0.208986 -0.668766 0.251389 0.201505 66.4922 17
 404.000000 -0.627094 0.526376 0.0356697 -4.69948 0.251389 0.201505 66.4922 17
 404.500000 -0.274284 0.588367 -0.269944 0.238606 0.251389 0.201505 66.4922 17
 405.000000 0.280973 0.433227 -0.601888 1.29901 0.263336 0.203572 67.4392 17
 405.500000 0.117794 0.503557 -0.518687 1.62057 0.263336 0.203572 67.4392 17
 406.000000 0.0884992 0.374054 -0.417789 1.49868 0.263336 0.203572 67.4392 17
 406.500000 0.24531 0.630426 -0.692725 0.825226 0.263336 0.203572 67.4392 17
 407.000000 0.100246 0.420561 -0.455057 1.57914 0.263336 0.203572 67.4392 17
 407.500000 0.324962 0.439844 -0.639974 1.139 0.27233 0.203671 68.4372 17
 408.000000 0.0561978 0.490782 -0.463783 1.57726 0.27233 0.203671 68.4372 17
 408.500000 0.151926 0.456327 -0.516391 1.6094 0.27233 0.203671 68.4372 17
 409.000000 0.133688 0.491047 -0.523353 1.60416 0.27233 0.203671 68.4372 17
 409.500000 0.0474024 0.544328 -0.489211 1.60551 0.27233 0.203671 68.4372 17
 410.000000 -0.162237 0.448007 -0.271713 0.221014 0.27201 0.203172 69.0986 17
 410.500000 -0.510953 0.444691 -0.00622124 -4.2231 0.27201 0.203172 69.0986 17
 411.000000 -0.495039 0.466011 -0.0305971 -3.9284 0.27201 0.203172 69.0986 17
 411.500000 -0.509872 0.544904 -0.0648572 -3.45379 0.27201 0.203172 69.0986 17
 412.000000 0.0811115 0.480036 -0.476383 1.58959 0.27201 0.203172 69.0986 17
 412.500000 -0.0444151 0.555279 -0.42556 1.50051 0.287282 0.203001 69.8509 17
 413.000000 0.423094 0.575794 -0.798174 -0.375245 0.287282 0.203001 69.8509 17
 413.500000 0.128039 0.488229 -0.517316 1.59833 0.287282 0.203001 69.8509 17
 414.000000 -0.214247 0.491326 -0.258142 0.0623991 0.287282 0.203001 69.8509 17
 414.500000 0.277728 0.518171 -0.650691 1.1019 0.287282 0.203001 69.8509 17
 415.000000 0.172295 0.45815 -0.533156 1.57644 0.303788 0.202293 70.4954 17
 415.500000 0.151434 0.499379 -0.542009 1.59259 0.303788 0.202293 70.4954 17
 416.000000 -0.00949866 0.506072 -0.422756 1.51632 0.303788 0.202293 70.4954 17
 416.500000 -0.0676358 0.364951 -0.293388 0.507259 0.303788 0.202293 70.4954 17
 417.000000 -0.201968 0.483652 -0.262885 0.108933 0.303788 0.202293 70.4954 17
 417.500000 0.0225724 0.493002 -0.439401 1.55569 0.319371 0.202679 71.1996 17
 418.000000 0.140344 0.522623 -0.547471 1.56518 0.319371 0.202679 71.1996 17
 418.500000 0.091672 0.471666 -0.479424 1.63309 0.319371 0.202679 71.1996 17
 419.000000 0.00521276 0.509887 -0.436285 1.58238 0.319371 0.202679 71.1996 17
 419.500000 -0.0822384 0.502851 -0.365352 1.26005 0.319371 0.202679 71.1996 17
 420.000000 -0.0971172 0.477098 -0.338586 1.01501 0.325632 0.205963 72.1885 17
 420.500000 0.00774937 0.381246 -0.360527 1.2371 0.325632 0.205963 72.1885 17
 421.000000 -0.0321667 0.565354 -0.440928 1.5705 0.325632 0.205963 72.1885 17
 421.500000 0.0885268 0.395806 -0.431046 1.55334 0.325632 0.205963 72.1885 17
 422.000000 0.358037 0.461474 -0.678746 0.869688 0.325632 0.205963 72.1885 17
 422.500000 0.0516477 0.457544 -0.44025 1.56945 0.34085 0.206286 72.8872 17
 423.000000 -0.101581 0.620848 -0.42089 1.56349 0.34085 0.206286 72.8872 17
 423.500000 -0.0203242 0.46375 -0.389035 1.44102 0.34085 0.206286 72.8872 17
 424.000000 -0.379501 0.413397 -0.0872044 -3.23111 0.34085 0.206286 72.8872 17
 424.500000 -0.391918 0.430836 -0.0880753 -3.21531 0.34085 0.206286 72.8872 17
 425.000000 -0.260719 0.461696 -0.205329 -0.829302 0.336584 0.206741 73.1476 17
 425.500000 -0.193717 0.493677 -0.275118 0.271758 0.336584 0.206741 73.1476 17
 426.000000 -0.457746 0.496363 -0.0764919 -3.40462 0.336584 0.206741 73.1476 17
 426.500000 -0.494199 0.542388 -0.0753851 -3.42407 0.336584 0.206741 73.1476 17
 427.000000 -1.15777 0.494276 0.476011 -12.3118 0.336584 0.206741 73.1476 17
 427.500000 -1.24275 0.616426 0.483946 -12.5711 0.33043 0.195255 73.1476 18
 428.000000 -1.04645 0.968899 0.13318 -6.64208 0.33043 0.195255 73.1476 18
 428.500000 -0.903399 1.12885 -0.0730331 -3.41108 0.33043 0.195255 73.1476 18
 429.000000 -1.12027 0.904493 0.230123 -8.76859 0.33043 0.195255 73.1476 18
 429.500000 -1.03859 0.800463 0.215236 -8.55243 0.33043 0.195255 73.1476 18
 430.000000 -1.26945 0.774461 0.425878 -10.8498 0.324314 0.184979 73.1476 19
 430.500000 -1.38227 0.690685 0.566277 -13.8996 0.324314 0.184979 73.1476 19
 431.000000 -1.22263 0.644686 0.452265 -11.2619 0.324314 0.184979 73.1476 19
 431.500000 -1.3735 0.541191 0.633998 -14.3935 0.324314 0.184979 73.1476 19
 432.000000 -0.982709 1.01225 0.0559905 -5.04329 0.324314 0.184979 73.1476 19
 432.500000 -0.862216 1.22974 -0.161375 -1.48233 0.319236 0.184715 73.2882 19
 433.000000 -0.402766 1.72496 -0.800203 -0.396814 0.319236 0.184715 73.2882 19
 433.500000 -0.302503 1.62384 -0.825281 -0.842028 0.319236 0.184715 73.2882 19
 434.000000 -0.516528 1.31007 -0.487445 1.723 0.319236 0.184715 73.2882 19
 434.500000 -0.591007 1.47296 -0.514756 1.70157 0.319236 0.184715 73.2882 19
 435.000000 -0.854048 1.004 -0.0477274 -3.68252 0.313304 0.184727 73.3043 19
 435.500000 -0.57188 1.47486 -0.531193 1.67141 0.313304 0.184727 73.3043 19
 436.000000 -0.332748 1.65245 -0.816781 -0.683696 0.313304 0.184727 73.3043 19
 436.500000 -0.421012 1.58688 -0.711425 0.697456 0.313304 0.184727 73.3043 19
 437.000000 -0.694325 1.30329 -0.34034 1.16482 0.313304 0.184727 73.3043 19
 437.500000 -0.922664 1.12931 -0.0569344 -3.47464 0.307434 0.184746 73.3241 19
 438.000000 -0.830419 1.08475 -0.110771 -2.44248 0.307434 0.184746 73.3241 19
 438.500000 -1.04572 0.987254 0.12294 -6.44633 0.307434 0.184746 73.3241 19
 439.000000 -1.01564 0.982271 0.0998357 -5.88973 0.307434 0.184746 73.3241 19
 439.500000 -1.32364 0.773194 0.473649 -11.8054 0.307434 0.184746 73.3241 19
 440.000000 -1.45417 0.740954 0.604214 -14.1719 0.301464 0.184746 73.3241 19
 440.500000 -1.60267 0.388242 0.90728 -15.9856 0.301464 0.184746 73.3241 19
 441.000000 -1.27625 0.802109 0.417723 -10.5312 0.301464 0.184746 73.3241 19
 441.500000 -0.952557 0.860086 0.111513 -6.16507 0.301464 0.184746 73.3241 19
 442.000000 -1.20967 0.753296 0.385161 -10.0218 0.301464 0.184746 73.3241 19
 442.500000 -1.41509 0.659242 0.610604 -14.0586 0.29553 0.184746 73.3241 19
 443.000000 -1.3838 0.645505 0.590296 -13.8109 0.29553 0.184746 73.3241 19
 443.500000 -1.02559 0.876705 0.16395 -7.49522 0.29553 0.184746 73.3241 19
 444.000000 -1.03439 0.819393 0.201685 -8.31596 0.29553 0.184746 73.3241 19
 444.500000 -1.08753 0.88246 0.213542 -8.51214 0.29553 0.184746 73.3241 19
 445.000000 -1.07094 0.924207 0.177527 -7.8207 0.289632 0.184745 73.3244 19
 445.500000 -0.922025 1.07898 -0.030814 -3.72078 0.289632 0.184745 73.3244 19
 446.000000 -0.84999 1.24254 -0.178492 -1.09493 0.289632 0.184745 73.3244 19
 446.500000 -0.792322 1.27668 -0.245058 -0.0445275 0.289632 0.184745 73.3244 19
 447.000000 -0.698516 1.30914 -0.340023 1.16142 0.289632 0.184745 73.3244 19
 447.500000 -0.560703 1.40653 -0.503783 1.7135 0.307903 0.184709 73.736 19
 448.000000 -0.382901 1.51112 -0.700997 0.756635 0.307903 0.184709 73.736 19
 448.500000 -0.592387 1.44229 -0.49733 1.74984 0.307903 0.184709 73.736 19
 449.000000 -0.444734 1.52385 -0.65887 1.04421 0.307903 0.184709 73.736 19
 449.500000 -0.474924 1.5219 -0.63383 1.18981 0.307903 0.184709 73.736 19
 450.000000 -0.45423 1.52515 -0.652022 1.08467 0.314708 0.184563 74.7317 19
 450.500000 -0.443899 1.62695 -0.714682 0.67366 0.314708 0.184563 74.7317 19
 451.000000 -0.309817 1.60561 -0.809622 -0.595642 0.314708 0.184563 74.7317 19
 451.500000 -0.159584 1.73731 -1.0012 -4.64272 0.314708 0.184563 74.7317 19
 452.000000 -0.402109 1.59172 -0.729029 0.529118 0.314708 0.184563 74.7317 19
 452.500000 -0.515338 1.51632 -0.598615 1.40897 0.326128 0.186151 75.6481 19
 453.000000 -0.623264 1.35487 -0.425785 1.63834 0.326128 0.186151 75.6481 19
 453.500000 -0.695333 1.36242 -0.371031 1.37607 0.326128 0.186151 75.6481 19
 454.000000 -0.43899 1.55521 -0.680198 0.979365 0.326128 0.186151 75.6481 19
 454.500000 -0.297123 1.75934 -0.903303 -2.58288 0.326128 0.186151 75.6481 19
 455.000000 -0.305582 1.68694 -0.857071 -1.56971 0.321232 0.186421 75.7747 19
 455.500000 -0.399683 1.55499 -0.711251 0.70234 0.321232 0.186421 75.7747 19
 456.000000 -0.67769 1.27687 -0.339827 1.10086 0.321232 0.186421 75.7747 19
 456.500000 -0.514971 1.46163 -0.569765 1.57186 0.321232 0.186421 75.7747 19
 457.000000 -0.499216 1.48404 -0.594282 1.46561 0.321232 0.186421 75.7747 19
 457.500000 -0.47525 1.47365 -0.607816 1.40153 0.332288 0.187334 76.6993 19
 458.000000 -0.653121 1.3578 -0.403093 1.53816 0.332288 0.187334 76.6993 19
 458.500000 -0.593977 1.39839 -0.472668 1.69296 0.332288 0.187334 76.6993 19
 459.000000 -0.681277 1.33205 -0.366373 1.3186 0.332288 0.187334 76.6993 19
 459.500000 -0.530294 1.45157 -0.552158 1.63876 0.332288 0.187334 76.6993 19
 460.000000 -0.49029 1.60064 -0.663591 1.13102 0.339211 0.186975 77.6985 19
 460.500000 -0.669381 1.3619 -0.392016 1.47511 0.339211 0.186975 77.6985 19
 461.000000 -0.737491 1.19666 -0.247794 -0.0953027 0.339211 0.186975 77.6985 19
 461.500000 -0.656955 1.30565 -0.37213 1.35148 0.339211 0.186975 77.6985 19
 462.000000 -1.03232 0.937938 0.13737 -6.87015 0.339211 0.186975 77.6985 19
 462.500000 -1.04038 0.933195 0.146729 -7.09807 0.333549 0.186974 77.699 19
 463.000000 -1.03453 0.778575 0.223425 -8.4539 0.333549 0.186974 77.699 19
 463.500000 -1.27641 0.609316 0.516266 -13.0462 0.333549 0.186974 77.699 19
 464.000000 -1.30153 0.596833 0.54411 -13.5886 0.333549 0.186974 77.699 19
 464.500000 -1.30377 0.645258 0.521333 -13.1674 0.333549 0.186974 77.699 19
 465.000000 -0.931712 1.07672 -0.0214118 -3.92146 0.327995 0.186974 77.7113 19
 465.500000 -0.821149 1.10364 -0.128616 -2.15423 0.327995 0.186974 77.7113 19
 466.000000 -1.06829 1.05265 0.108303 -6.11246 0.327995 0.186974 77.7113 19
 466.500000 -0.604666 1.31082 -0.417263 1.58088 0.327995 0.186974 77.7113 19
 467.000000 -0.514612 1.45774 -0.567976 1.58845 0.327995 0.186974 77.7113 19
 467.500000 -0.565158 1.56493 -0.584492 1.53606 0.341022 0.18766 78.5095 19
 468.000000 -0.305676 1.62639 -0.824146 -0.932549 0.341022 0.18766 78.5095 19
 468.500000 -0.607004 1.39628 -0.461027 1.65578 0.341022 0.18766 78.5095 19
 469.000000 -0.532359 1.47014 -0.560401 1.6464 0.341022 0.18766 78.5095 19
 469.500000 -0.63774 1.34626 -0.409447 1.53098 0.341022 0.18766 78.5095 19
 470.000000 -0.841216 1.16943 -0.147024 -1.79664 0.336109 0.187491 78.6099 19
 470.500000 -0.793904 1.24597 -0.227392 -0.410713 0.336109 0.187491 78.6099 19
 471.000000 -0.356569 1.66979 -0.807224 -0.634453 0.336109 0.187491 78.6099 19
 471.500000 -0.460421 1.56618 -0.669021 1.14214 0.336109 0.187491 78.6099 19
 472.000000 -0.538177 1.39939 -0.518017 1.70172 0.336109 0.187491 78.6099 19
 472.500000 -0.450692 1.61749 -0.704206 0.815906 0.339506 0.189438 79.5222 19
 473.000000 -0.447001 1.58411 -0.689282 0.99426 0.339506 0.189438 79.5222 19
 473.500000 -0.553984 1.45424 -0.534599 1.67371 0.339506 0.189438 79.5222 19
 474.000000 -0.694215 1.47852 -0.433578 1.58624 0.339506 0.189438 79.5222 19
 474.500000 -0.938313 1.22014 -0.0914565 -2.83632 0.339506 0.189438 79.5222 19
 475.000000 -0.839049 1.09035 -0.106581 -2.53821 0.334307 0.189476 79.5708 19
 475.500000 -0.794099 1.19978 -0.202593 -0.802893 0.334307 0.189476 79.5708 19
 476.000000 -1.04654 0.685609 0.282789 -9.26001 0.334307 0.189476 79.5708 19
 476.500000 -1.42291 0.721017 0.586632 -13.9132 0.334307 0.189476 79.5708 19
 477.000000 -1.06682 0.805025 0.236596 -8.6961 0.334307 0.189476 79.5708 19
 477.500000 -1.1899 0.961716 0.261079 -9.02718 0.328828 0.189476 79.5709 19
 478.000000 -0.909581 1.19263 -0.101535 -2.57049 0.328828 0.189476 79.5709 19
 478.500000 -0.834031 1.16843 -0.152514 -1.62395 0.328828 0.189476 79.5709 19
 479.000000 -0.405296 1.63092 -0.74754 0.345345 0.328828 0.189476 79.5709 19
 479.500000 -0.196629 1.78808 -0.999655 -4.74081 0.328828 0.189476 79.5709 19
 480.000000 -0.54244 1.39823 -0.513986 1.6837 0.344339 0.189053 80.1258 19
 480.500000 -0.825648 1.1342 -0.141239 -1.84384 0.344339 0.189053 80.1258 19
 481.000000 -0.811229 1.17607 -0.17565 -1.24797 0.344339 0.189053 80.1258 19
 481.500000 -0.669412 1.42435 -0.425202 1.5601 0.344339 0.189053 80.1258 19
 482.000000 -0.777561 1.3247 -0.282894 0.334002 0.344339 0.189053 80.1258 19
 482.500000 -0.869217 1.07838 -0.0749591 -3.05859 0.3391 0.18902 80.1545 19
 483.000000 -0.896088 1.05144 -0.0380329 -3.51857 0.3391 0.18902 80.1545 19
 483.500000 -1.00163 0.913946 0.124005 -6.53624 0.3391 0.18902 80.1545 19
 484.000000 -1.05219 0.854642 0.198086 -8.06796 0.3391 0.18902 80.1545 19
 484.500000 -0.517658 1.43627 -0.554096 1.66674 0.3391 0.18902 80.1545 19
 485.000000 -0.347526 1.56527 -0.758037 0.18127 0.338314 0.188522 80.7565 19
 485.500000 -0.376003 1.56841 -0.737203 0.495992 0.338314 0.188522 80.7565 19
 486.000000 -0.49857 1.5614 -0.636046 1.33313 0.338314 0.188522 80.7565 19
 486.500000 -0.64227 1.38985 -0.429001 1.56992 0.338314 0.188522 80.7565 19
 487.000000 -0.310524 1.64676 -0.83134 -1.01522 0.338314 0.188522 80.7565 19
 487.500000 -0.58255 1.48437 -0.527651 1.70776 0.353878 0.187973 81.2819 19
 488.000000 -0.466623 1.52808 -0.643733 1.2784 0.353878 0.187973 81.2819 19
 488.500000 -0.340235 1.55717 -0.759436 0.195199 0.353878 0.187973 81.2819 19
 489.000000 -0.443883 1.6107 -0.705997 0.81121 0.353878 0.187973 81.2819 19
 489.500000 -0.397551 1.51269 -0.690264 0.952823 0.353878 0.187973 81.2819 19
 490.000000 -0.128651 1.8165 -1.07026 -7.46081 0.348547 0.178578 81.2822 20
 490.500000 -0.294047 1.80184 -0.929066 -3.06708 0.348547 0.178578 81.2822 20
 491.000000 -0.039994 1.95141 -1.21913 -13.0775 0.348547 0.178578 81.2822 20
 491.500000 -0.546309 1.38257 -0.502525 1.7808 0.348547 0.178578 81.2822 20
 492.000000 -0.509705 1.43303 -0.558706 1.72615 0.348547 0.178578 81.2822 20
 492.500000 -0.546261 1.3523 -0.486375 1.75745 0.364771 0.179028 81.7224 20
 493.000000 -0.668534 1.24909 -0.332401 0.944284 0.364771 0.179028 81.7224 20
 493.500000 -0.787799 1.19864 -0.20723 -0.742443 0.364771 0.179028 81.7224 20
 494.000000 -0.730814 1.34494 -0.33249 0.945237 0.364771 0.179028 81.7224 20
 494.500000 -0.460831 1.6503 -0.713678 0.758611 0.364771 0.179028 81.7224 20
 495.000000 -0.431296 1.48838 -0.650551 1.25904 0.372351 0.178812 82.7196 20
 495.500000 -0.547577 1.4221 -0.522614 1.80387 0.372351 0.178812 82.7196 20
 496.000000 -0.265692 1.7499 -0.923255 -2.98594 0.372351 0.178812 82.7196 20
 496.500000 -0.616995 1.47527 -0.494952 1.79204 0.372351 0.178812 82.7196 20
 497.000000 -0.594028 1.46344 -0.507259 1.80425 0.372351 0.178812 82.7196 20
 497.500000 -0.515842 1.44709 -0.561317 1.7207 0.387167 0.178718 83.2846 20
 498.000000 -0.553232 1.52261 -0.571592 1.71404 0.387167 0.178718 83.2846 20
 498.500000 -0.505814 1.48708 -0.590641 1.62781 0.387167 0.178718 83.2846 20
 499.000000 -0.556227 1.489 -0.551306 1.78393 0.387167 0.178718 83.2846 20
 499.500000 -0.567318 1.25255 -0.415959 1.53494 0.387167 0.178718 83.2846 20
 500.000000 -0.598636 1.42363 -0.482354 1.77202 0.402642 0.179312 83.7626 20
