#! FIELDS time cv.node-0 sigma_cv.node-0 height logweight
#! SET action OPES_METAD_kernels
#! SET biasfactor                      16
#! SET epsilon   3.872940653519386e-08
#! SET kernel_cutoff       5.842373946721771
#! SET compression_threshold                       1
                     25    -0.5899046063423157     0.1406198130208985  1.062430625987055e-07                    -16
                   27.5      0.267725020647049     0.1376704460196902  1.085191486578087e-07                    -16
                     30    -0.1447919756174088      0.132771179787389    0.02307494149819728     -3.768904402700402
                   32.5    -0.6225058436393738     0.1299538664382172   0.006570297960977496     -5.046540144477591
                     35    -0.6238822937011719     0.1105549178852906     0.8171302620652123    -0.3849679280364154
                   37.5    -0.1706254035234451     0.1053347675867054     0.1192592851852473     -2.357835310532084
                     40    -0.4768054187297821    0.09522194638275473      1.481787440450891    0.06093597091986391
                   42.5    -0.2593319416046143    0.08995978499763808     0.4205943110925275     -1.255247367020922
                     45    -0.4065733253955841    0.08541779508571121      2.249776061098931      0.369861572687911
                   47.5    -0.8102741837501526    0.08232090093432237     0.2322242740418011      -1.93795020268289
                     50    -0.2202216386795044    0.07813173052384156      1.107921476045703    -0.4276415917616342
                   52.5      0.414630264043808    0.08177867144921173  3.516553547298676e-07     -15.34512134011772
                     55     0.3643797934055328     0.0842903617788318  1.307196606473616e-06     -14.00188174542925
                   57.5     0.2390332967042923    0.08551791883415263  4.913323879940861e-06     -12.66335751554066
                     60     0.2353135943412781    0.08584791808396919  1.853010161291964e-05     -11.33206026018983
                   62.5     0.2677782475948334    0.08731373244844237  5.329511647460214e-05     -10.25868166469758
                     65    0.07441221177577972    0.08636264725880295   0.008309245666774634     -5.220354752083312
                   67.5    -0.6685774922370911    0.08321129891455008       1.43233308259473    -0.1078357786947458
                     70    -0.6449474096298218    0.08200698533645845       3.01130038359694     0.6206528746296468
                   72.5    -0.3643661141395569    0.07911316098504317      2.934684959729112      0.558955790850986
                     75    -0.4874537587165833    0.07762472668923859      3.803880241028024     0.7993841185123778
                   77.5     -0.770029604434967    0.07567606367186742      1.348719832140604    -0.2629057819658914
                     80    -0.5527628064155579    0.07381036669402236      4.027304287759795      0.806072870130477
                   82.5     0.5373708009719849    0.07465743240875343  1.002466366494667e-06     -14.38866070814947
                     85     -0.531865656375885    0.07351244599524297      4.906389264837115     0.9994694498561475
                   87.5    -0.5283623337745667    0.07240879097876315      5.657230418378962      1.126738598829344
                     90    -0.7381396293640137    0.07122664919067452      1.485536328644267    -0.2268806567344913
                   92.5    -0.6775617599487305    0.07124562267290774      2.619402639048366     0.3405561098740616
                     95  -0.009254384785890579    0.07061556673515607    0.03054495071671764      -4.11982883678418
                   97.5     -1.175663709640503    0.07105999531579354  9.981533656340611e-07     -14.44235793741902
                    100    -0.4308151304721832    0.06988297474986294      4.516778049566081     0.8660974099051526
                  102.5    -0.3874645531177521    0.06816537338140141      4.109087872635969     0.7466142266826024
                    105    -0.2941310405731201    0.06672097104863267      2.105780318446042    0.05668184544138206
                  107.5    -0.3449118733406067     0.0652047440811882      3.910013780979011     0.6525495641736659
                    110    -0.3609380125999451    0.06387143615291942      5.270428777524224     0.9304604114550339
                  112.5    -0.5950894355773926     0.0625543511370636      4.317571490380232     0.7102053235881626
                    115    -0.8313688635826111    0.06195768218175333     0.6247741274913762     -1.232437046660962
                  117.5     -1.135266900062561    0.06258250036882708  4.511057549945284e-05     -10.75843171936383
                    120     -0.756159245967865    0.06243911889484632      1.732740722543443     -0.204627190692075
                  122.5    -0.5794584155082703    0.06128133010278571      5.132124227185713     0.8624713207468945
                    125    -0.7562901973724365    0.06049758848055528      1.984880231504416    -0.1003614826693929
                  127.5    -0.6773512959480286    0.05938964761892007      3.563079834062875     0.4662216588278464
                    130    -0.6351543664932251    0.05835514197604941      5.045186294001125     0.7964584947872331
                  132.5    -0.6586042046546936    0.05738544630142593      5.153109207894025     0.8008674219818537
                    135    -0.7283877730369568    0.05643537706743228      3.647549387207865      0.438628193539299
                  137.5    -0.4954265952110291    0.05552399079061739      5.537138692309487     0.8397695170223761
                    140     0.7534008622169495    0.05684980925088981   2.69566291247189e-07     -15.97456219593729
                  142.5     0.6207277774810791    0.05932392148112968  5.268120859151845e-07     -15.26193286552093
                    145     0.5769103169441223     0.0604970345347464  9.562452365049284e-07     -14.64618064800141
                  147.5     0.4307228326797485    0.06124734033242463  5.677752359046533e-06     -12.85255825227463
                    150     -0.234397754073143    0.06099617832651993      1.497287786008379    -0.3740570220217166
                  152.5    -0.8187746405601501    0.06052652803224336      1.542378287023666    -0.3521162464485013
                    155    -0.4736688435077667    0.06054406210510774      6.519727707593561      1.089680449009566
                  157.5     0.1309804916381836    0.06062117927009667   0.003231599732519888     -6.518657228837625
                    160     0.3834786415100098    0.06115072278973469  1.436312741888242e-05     -11.92602811184758
                  162.5    -0.5089901685714722     0.0609181063633033      7.725690104044316       1.26555803357261
                    165   0.008069347590208054    0.06064105743824976      0.014116093954168     -5.043991100811365
                  167.5   -0.05288306623697281    0.06027463233102875    0.05312708574977661     -3.724680629777318
                    170    -0.6802254915237427    0.05951926426239133      5.399164953027144     0.8840207699182224
                  172.5     -1.146977543830872    0.05979677402367613  1.786259583802668e-05     -11.73037349862517
                    175    -0.9175921082496643    0.05959029552042731     0.2138094201274882     -2.343701049552842
                  177.5    -0.6765574216842651     0.0593122765976432      6.526178780897133      1.070114340169421
                    180     0.3541738092899323    0.05976963828324464  2.307357211516102e-05     -11.47484841128119
                  182.5    0.02064131572842598    0.06021756909954733    0.02289761734569796     -4.567281827262364
                    185    -0.4467742443084717    0.05963840584870522      7.600686191746193      1.228014728946392
                  187.5    -0.9002537131309509    0.05955218839950185     0.3706934323019558     -1.794050404562249
                    190     -0.357526957988739    0.05885884810008092      5.357439287419195     0.8651047258590359
                  192.5    -0.2480711191892624    0.05838445342428145      1.905324807593312    -0.1768214200069848
                    195   -0.05720765143632889    0.05816512104852398    0.06534249957385124     -3.553350300902845
                  197.5    -0.6948330402374268    0.05760057400528385      6.245680037878568     0.9968990012144678
                    200    -0.3927043974399567    0.05706286283960833      7.291497459740932      1.142338892123564
                  202.5     0.3892857432365417    0.05736318666941102  2.169480026552885e-05       -11.577558757511
                    205     0.3641625940799713    0.05775277325903842  3.139370068170689e-05     -11.20125549298929
                  207.5      0.338094562292099    0.05784626535522481   4.23662736331437e-05     -10.89989261389337
                    210     0.3620437681674957    0.05785303752287918  5.248313194688788e-05     -10.68563633973558
                  212.5     0.5881529450416565    0.05805374520000859  1.183448763082154e-06     -14.47423204140844
                    215    -0.5003177523612976    0.05772678454928622      7.725295539190286       1.21169778635294
                  217.5    -0.4497648179531097    0.05745854646407662      8.436957343215667      1.295161933368763
                    220    -0.4360257387161255    0.05779348564496122      8.740732140865966       1.33634645672752
                  222.5    -0.3662916719913483     0.0573124099403642      6.730503498253103      1.066643570868524
                    225    -0.3916436731815338    0.05694324704539834      8.594836266582474      1.304693132136755
                  227.5     0.7672584056854248    0.05697325547039166  3.622081215676133e-07     -15.67698847604774
                    230     0.5882366299629211    0.05768818233220641   1.32986950765178e-06     -14.36390095745278
                  232.5  -0.002555103739723563    0.05760098452287792    0.02950533567900285     -4.358168064181391
                    235    -0.5841090083122253    0.05720945099596088      6.004638859769266     0.9507278631095141
                  237.5    -0.8877863883972168    0.05735372501203696     0.3921524428755615     -1.775390398807841
                    240     0.3582462966442108    0.05728786460691773  5.056220029115001e-05     -10.73274103896141
                  242.5    -0.2346809953451157    0.05702861360730491       1.39888163405528    -0.5092973430760854
                    245    -0.5945207476615906    0.05661180724673098      6.462694665242018      1.013740371083464
                  247.5    -0.7174633145332336    0.05621977240438122       4.48435643912695     0.6413399479166721
                    250   -0.09820985049009323    0.05595511711948238     0.1309863398480484     -2.896635910449569
                  252.5    -0.1689253151416779    0.05567458190549667     0.6099355756553098     -1.363401800143854
                    255    -0.3461869657039642    0.05522536541840612      6.970882586771491      1.064640646820222
                  257.5     -0.492107480764389    0.05495910674023009      9.791645583049922      1.399595362816998
                    260    -0.5961892008781433    0.05489638921634656      7.624691008964132      1.148315811784863
                  262.5    -0.3173136711120605    0.05444933630143448      5.363985444802966     0.7884543494541132
                    265    -0.3268648087978363    0.05401017387105365      6.295752590482493     0.9405240852472981
                  267.5    -0.7145470976829529    0.05365102594564001      4.812885236577423     0.6652737747697995
                    270     -0.668616771697998     0.0532760336004392       6.31739139397351     0.9302693852275747
                  272.5    -0.1080621257424355    0.05308989382498085     0.1558531624790957     -2.775377957105469
                    275    -0.6965571045875549    0.05277928047343532      6.059048818149368     0.8791479628500695
                  277.5    -0.5775509476661682    0.05239365341004253      7.997337790682007         1.149370613364
                    280     0.3888160288333893    0.05236607892408401  4.580029472077705e-05     -10.92148456161555
                  282.5     0.1399400681257248     0.0525787049017112   0.002588323948353831     -6.882957111572575
                    285     0.3381201922893524    0.05282002923171938  5.817871771133434e-05      -10.6736240475065
                  287.5      -0.46666619181633    0.05248165817091832      9.498234731006301       1.32304614130128
                    290    -0.4805386364459991    0.05219819557160479      9.949219960560416      1.364018516239691
                  292.5   -0.09392590820789337    0.05204297667576013     0.1176387052519619     -3.076590882233791
                    295     0.2027950137853622    0.05195283520039701  0.0006242747784176783     -8.317107207506488
                  297.5     0.3754245042800903     0.0523767626625026  5.967598968547692e-05     -10.65664133158722
                    300    -0.5758112668991089    0.05211713321678811      8.547225428923184      1.210576903643695
                  302.5    -0.4812208414077759    0.05188496546711818      10.54197072403485      1.415870004210076
                    305    -0.5810184478759766    0.05156655058738072      8.997328861184734      1.251277395306892
                  307.5    -0.2984952628612518    0.05133949431297574       4.17920513815969     0.4800578331155667
                    310    -0.3992897570133209    0.05102550773582843      9.182173692107668      1.261066058977366
                  312.5     -0.789875864982605    0.05079348954166301      2.161877520726241     -0.189778308189358
                    315    -0.5120285749435425    0.05084448768623052      11.06895418078882      1.444392419547264
                  317.5    -0.6028969883918762    0.05057644291281423      8.601385706101491       1.18688566907092
                    320    -0.9494591355323792    0.05062534367634781    0.08835073248078693      -3.39051203813895
                  322.5    -0.5564008951187134    0.05033531896221807      10.71368928945238      1.401705730931529
                    325   -0.09844788908958435     0.0502304493954174      0.112660047041488      -3.15528258611919
                  327.5      0.681964099407196    0.05056020621462166  6.261560229823575e-07     -15.24902499309915
                    330     0.5779039263725281    0.05109330998477109   1.37293311097729e-06     -14.45343114384461
                  332.5     0.2481308430433273    0.05122238214377249  0.0002219617163255468     -9.365352614810259
                    335    -0.1838932931423187    0.05110911645473919     0.7217174792125876     -1.280682196829578
                  337.5     0.2489373534917831    0.05097768990809984  0.0002505687105764858     -9.248912859732361
                    340     0.6192789673805237    0.05116277441702183  1.346895164287991e-06     -14.47121984979268
                  342.5     0.2773564159870148    0.05138003428055456  0.0001727001633864013      -9.61322753049491
                    345    0.05930441617965698    0.05138374550242575    0.01250433821466373     -5.330881313255842
                  347.5     0.7076410055160522    0.05140686385457535  7.416063594403037e-07     -15.06319910849346
                    350     0.3234594166278839    0.05143688924967468  0.0001200764995008323     -9.975549480360147
                  352.5    -0.2340098172426224    0.05124952945426178      1.979254197025043    -0.2690970204553447
                    355     0.3000620007514954    0.05122027048679115  0.0001743490315747049     -9.606839540339557
                  357.5   -0.03559833019971848    0.05110946508912048    0.05581247108963632     -3.840311794117589
                    360     0.0633164644241333    0.05108814126718292    0.01490284017245234      -5.16117463008411
                  362.5     0.3024299740791321    0.05097807642090106  0.0002009407238688101     -9.469628495953351
                    365    -0.1969835162162781    0.05089325377539997      1.197028341012602      -0.77895108365493
                  367.5    -0.3839956820011139    0.05076195378724881      9.338157991316072      1.272732585747559
                    370     0.3883427381515503    0.05065959057564724  9.990558672976689e-05     -10.17467995055031
                  372.5     -0.504965603351593    0.05061535423614048      12.80140595322395      1.585286416023523
                    375    -0.4015215933322906    0.05070160875003066      10.50609369552206      1.389389519010999
                  377.5    -0.7540373802185059    0.05066557316181833      3.579585548850564     0.3119701122147017
                    380    -0.4744989275932312    0.05061167318003871      12.88005849832497      1.591338944774897
                  382.5    -0.3549347817897797    0.05030605281213003      8.278983586808501      1.143322047117597
                    385     0.3139908909797668    0.05046579744246467  0.0002007250660873168     -9.480802150824283
                  387.5     0.5494351983070374    0.05042371441325329  1.968320259745103e-06     -14.10639201310696
                    390    0.06433775275945663    0.05034575602975843    0.01454760782496905     -5.199937945935208
                  392.5   -0.04411640763282776    0.05018920313797758    0.06320459948704218     -3.734101839782565
                    395     0.2321106940507889    0.05023910012674324  0.0004181188883828128     -8.751474696033235
                  397.5    -0.5335016250610352    0.05011945967349712      13.07627939999624      1.596685642705855
                    400    -0.6621441245079041    0.04992322958576026      6.826052719432737     0.9427094283467164
                  402.5    -0.4037178754806519    0.04977575652097874      11.25306979686292      1.439645448277757
                    405    -0.6018880605697632    0.04956427221684754      9.818401604265432       1.29900503303182
                  407.5    -0.6399742960929871    0.04938246408789421      8.397472986850785      1.139002646255631
                    410    -0.2717125713825226    0.04922860692922716      3.363771902462366      0.221014267906732
                  412.5    -0.4255600869655609    0.04899539174761729      12.14967416463396      1.500505036790933
                    415    -0.5331563353538513    0.04884810580270878      13.14767930721525      1.576437303827404
                  417.5    -0.4394005537033081    0.04863549976984895      12.93405137583397      1.555693624737074
                    420    -0.3385863304138184    0.04838682762581364      7.570877252820591      1.015013003738792
                  422.5    -0.4402501285076141    0.04819898214589721      13.23196349456588      1.569449720299609
                    425    -0.2053290456533432    0.04804290672962368       1.20578064367327    -0.8293018665449701
                  427.5       0.48394575715065    0.04805934198657474  9.588111716951335e-06     -12.57107361362842
                    430     0.4258779287338257    0.04810056871283439  5.356482068555133e-05      -10.8498475978981
                  432.5    -0.1613749414682388    0.04826683666008756     0.6246606550465031     -1.482325578014114
                    435   -0.04772739484906197    0.04825227635417479    0.06922164624711655     -3.682522215867635
                  437.5   -0.05693443864583969    0.04821734789902469    0.08527845144657024     -3.474638168600225
                    440     0.6042141914367676    0.04823234134007771  1.927188144562887e-06     -14.17194232172635
                  442.5     0.6106036305427551    0.04844978033594523  2.148753578528284e-06      -14.0586183729855
                    445     0.1775273233652115    0.04844026021439108   0.001099929696130387     -7.820701285899227
                  447.5    -0.5037825107574463    0.04829259393653898      15.25250313191607       1.71349828100462
                    450    -0.6520223617553711    0.04819827258145797      8.148832233174698      1.084674251937475
                  452.5    -0.5986151695251465    0.04822650958553091      11.26364758444487      1.408965810670235
                    455    -0.8570711612701416    0.04823701426494754     0.5727479562110758     -1.569706431508497
                  457.5    -0.6078155040740967     0.0480891944975571      11.21217784947656      1.401534438221827
                    460    -0.6635905504226685    0.04786023163524411      8.595645405618683      1.131017086525598
                  462.5     0.1467291563749313    0.04778927666543501   0.002296554683045837     -7.098067528854422
                    465   -0.02141181007027626    0.04796417593817935    0.05483702128940034     -3.921458907140218
                  467.5     -0.584492027759552    0.04777435643562876      12.91114177986466      1.536056099124562
                    470    -0.1470238119363785    0.04770580153591544     0.4615485837665359     -1.796638503621863
                  472.5    -0.7042057514190674    0.04755196615748915      6.312972349821306     0.8159061942652812
                    475    -0.1065805479884148    0.04748147488703278     0.2209043498537836     -2.538209407283275
                  477.5     0.2610790729522705    0.04755855363391362  0.0003352562421780059     -9.027177319173031
                    480    -0.5139864087104797    0.04750818598435248      15.04921254203517      1.683704137111232
                  482.5   -0.07495914399623871    0.04739279515951814     0.1315276995522666     -3.058591152901193
                    485    -0.7580370306968689    0.04729475705215633      3.364885003930456     0.1812696705058855
                  487.5    -0.5276514291763306    0.04720798147760336      15.51366159222448      1.707760443539356
                    490     -1.070256352424622     0.0472008143808773   0.001617790916920934     -7.460806108216338
                  492.5    -0.4863752126693726    0.04720637093816751      16.30450032028843      1.757446461330172
                    495    -0.6505506038665771     0.0470016818547262      9.948080592219055      1.259039449838739
                  497.5    -0.5613174438476562    0.04686028081386221      15.83231082678279      1.720699703969664
                    500    -0.4823537766933441       0.04670072207714      16.72291813504362      1.772016185997027
