#! FIELDS time p.x p.y cv.node-0 opes.bias opes.rct opes.zed opes.neff opes.nker
 0.000000 -0.598636 1.42363 0.464786 -16 -16 1 1 0
 0.500000 -0.789179 1.18136 0.207167 -16 -16 1 1 0
 1.000000 -0.650024 1.38569 0.413862 -16 -16 1 1 0
 1.500000 -0.485288 1.55965 0.599923 -16 -16 1 1 0
 2.000000 -0.415572 1.50748 0.611697 -16 -16 1 1 0
 2.500000 -0.516923 1.54634 0.575818 -16 -16 1 1 0
 3.000000 -0.599669 1.44877 0.47798 -16 -16 1 1 0
 3.500000 -0.655368 1.33647 0.382454 -16 -16 1 1 0
 4.000000 -0.52221 1.50723 0.55274 -16 -16 1 1 0
 4.500000 -0.648828 1.38303 0.413044 -16 -16 1 1 0
 5.000000 -0.442094 1.54229 0.614799 -16 -16 1 1 0
 5.500000 -0.597741 1.40179 0.453192 -16 -16 1 1 0
 6.000000 -0.499025 1.45761 0.539593 -16 -16 1 1 0
 6.500000 -0.610286 1.37887 0.433088 -16 -16 1 1 0
 7.000000 -0.72339 1.27349 0.304542 -16 -16 1 1 0
 7.500000 -0.565332 1.41789 0.480667 -16 -16 1 1 0
 8.000000 -0.568188 1.41414 0.476976 -16 -16 1 1 0
 8.500000 -0.557128 1.36723 0.457236 -16 -16 1 1 0
 9.000000 -0.489691 1.58119 0.608298 -16 -16 1 1 0
 9.500000 -0.536371 1.56333 0.573746 -16 -16 1 1 0
 10.000000 -0.573924 1.47443 0.506447 -16 -16 1 1 0
 10.500000 -0.560815 1.30948 0.422209 -16 -16 1 1 0
 11.000000 -0.609283 1.39845 0.444674 -16 -16 1 1 0
 11.500000 -0.413306 1.56208 0.640299 -16 -16 1 1 0
 12.000000 -0.582509 1.34702 0.431127 -16 -16 1 1 0
 12.500000 -0.76915 1.25027 0.262589 -16 -16 1 1 0
 13.000000 -0.445026 1.63036 0.656484 -16 -16 1 1 0
 13.500000 -0.613023 1.47788 0.486161 -16 -16 1 1 0
 14.000000 -0.552932 1.42363 0.490878 -16 -16 1 1 0
 14.500000 -0.537974 1.38541 0.478372 -16 -16 1 1 0
 15.000000 -0.517857 1.42605 0.51208 -16 -16 1 1 0
 15.500000 -0.460554 1.45309 0.558689 -16 -16 1 1 0
 16.000000 -0.480625 1.47703 0.560099 -16 -16 1 1 0
 16.500000 -0.624622 1.27539 0.36475 -16 -16 1 1 0
 17.000000 -0.644759 1.42607 0.439614 -16 -16 1 1 0
 17.500000 -0.623668 1.43921 0.45902 -16 -16 1 1 0
 18.000000 -0.470451 1.55783 0.607122 -16 -16 1 1 0
 18.500000 -0.612148 1.46544 0.479933 -16 -16 1 1 0
 19.000000 -0.656231 1.44084 0.441195 -16 -16 1 1 0
 19.500000 -0.464779 1.52488 0.593572 -16 -16 1 1 0
 20.000000 -0.681669 1.16143 0.260775 -16 -16 1 1 0
 20.500000 -0.757759 1.19776 0.236922 -16 -16 1 1 0
 21.000000 -0.43974 1.57439 0.632066 -16 -16 1 1 0
 21.500000 -0.620657 1.28365 0.371987 -16 -16 1 1 0
 22.000000 -0.62194 1.38447 0.429492 -16 -16 1 1 0
 22.500000 -0.606933 1.42067 0.458389 -16 -16 1 1 0
 23.000000 -0.556514 1.42188 0.487879 -16 -16 1 1 0
 23.500000 -0.672126 1.27342 0.335287 -16 -16 1 1 0
 24.000000 -0.410616 1.56622 0.643798 -16 -16 1 1 0
 24.500000 -0.68822 1.30538 0.344736 -16 -16 1 1 0
 25.000000 -0.513804 1.49766 0.552432 -16 -16 0.472044 1 1
 25.500000 -0.490284 1.43417 0.531994 -0.0139459 -16 0.472044 1 1
 26.000000 -0.60659 1.30112 0.390556 -0.874869 -16 0.472044 1 1
 26.500000 -0.808592 1.23144 0.226696 -3.54249 -16 0.472044 1 1
 27.000000 -1.13581 0.860681 -0.237066 -16 -16 0.472044 1 1
 27.500000 -1.07245 0.883639 -0.177832 -16 -16 0.316915 1 2
 28.000000 -0.598211 1.43636 0.472032 -0.222404 -16 0.316915 1 2
 28.500000 -0.82503 1.21206 0.204351 -3.76326 -16 0.316915 1 2
 29.000000 -0.776629 1.09073 0.15663 -3.64491 -16 0.316915 1 2
 29.500000 -0.573631 1.49913 0.519753 -0.0422418 -16 0.316915 1 2
 30.000000 -0.84036 1.18559 0.177996 -3.84841 -5.23469 0.334627 1.04261 3
 30.500000 -0.259884 1.68661 0.780191 -11.626 -5.23469 0.334627 1.04261 3
 31.000000 -0.402386 1.59157 0.660634 -7.55759 -5.23469 0.334627 1.04261 3
 31.500000 -0.291403 1.65133 0.747735 -10.6223 -5.23469 0.334627 1.04261 3
 32.000000 -0.283003 1.72231 0.784134 -11.7377 -5.23469 0.334627 1.04261 3
 32.500000 -0.539048 1.53736 0.55899 -4.34209 -4.98137 0.336859 1.06916 3
 33.000000 -0.684218 1.38969 0.396167 -0.387264 -4.98137 0.336859 1.06916 3
 33.500000 -0.478528 1.58762 0.617562 -0.00354082 -4.98137 0.336859 1.06916 3
 34.000000 -0.577472 1.31006 0.412829 -0.360958 -4.98137 0.336859 1.06916 3
 34.500000 -0.489721 1.51411 0.574313 0.12331 -4.98137 0.336859 1.06916 3
 35.000000 -0.431429 1.48752 0.592779 0.0866394 -1.67413 0.399449 2.06176 3
 35.500000 -0.721399 1.27623 0.307396 -2.7781 -1.67413 0.399449 2.06176 3
 36.000000 -0.603628 1.46635 0.485273 0.394985 -1.67413 0.399449 2.06176 3
 36.500000 -0.689466 1.30341 0.342824 -2.18253 -1.67413 0.399449 2.06176 3
 37.000000 -0.717384 1.3577 0.358169 -1.85739 -1.67413 0.399449 2.06176 3
 37.500000 -0.881769 1.11784 0.107966 -3.04538 -1.78685 0.400299 2.1529 3
 38.000000 -0.765017 1.32981 0.31329 -2.59694 -1.78685 0.400299 2.1529 3
 38.500000 -0.486824 1.64869 0.642868 0.836688 -1.78685 0.400299 2.1529 3
 39.000000 -0.74342 1.27555 0.293686 -2.63699 -1.78685 0.400299 2.1529 3
 39.500000 -0.677342 1.30112 0.348687 -2.093 -1.78685 0.400299 2.1529 3
 40.000000 -0.633701 1.31433 0.382314 -1.38311 -1.72653 0.32805 2.60397 4
 40.500000 -0.709443 1.25108 0.299352 -0.651309 -1.72653 0.32805 2.60397 4
 41.000000 -0.44949 1.53504 0.607104 0.97392 -1.72653 0.32805 2.60397 4
 41.500000 -0.709982 1.25011 0.298436 -0.660251 -1.72653 0.32805 2.60397 4
 42.000000 -0.767396 1.22399 0.247394 -1.18166 -1.72653 0.32805 2.60397 4
 42.500000 -0.785176 1.24271 0.248109 -1.17481 -1.6479 0.308916 3.17576 5
 43.000000 -0.537618 1.44233 0.509707 0.587521 -1.6479 0.308916 3.17576 5
 43.500000 -0.352134 1.62587 0.703873 0.18045 -1.6479 0.308916 3.17576 5
 44.000000 -0.57471 1.30585 0.412003 0.0572299 -1.6479 0.308916 3.17576 5
 44.500000 -0.931363 1.16825 0.109406 -1.05498 -1.6479 0.308916 3.17576 5
 45.000000 -0.643491 1.25437 0.340967 0.0395246 -1.28287 0.364723 4.14577 5
 45.500000 -0.594605 1.42168 0.466022 0.103923 -1.28287 0.364723 4.14577 5
 46.000000 -0.572183 1.40197 0.467968 0.0969556 -1.28287 0.364723 4.14577 5
 46.500000 -0.59052 1.37559 0.442674 0.226138 -1.28287 0.364723 4.14577 5
 47.000000 -0.577717 1.44245 0.487041 0.0601286 -1.28287 0.364723 4.14577 5
 47.500000 -0.411885 1.51161 0.615814 0.228192 -1.00445 0.351217 5.04651 5
 48.000000 -0.650185 1.35168 0.394308 0.21839 -1.00445 0.351217 5.04651 5
 48.500000 -0.818542 1.18436 0.190826 -0.74615 -1.00445 0.351217 5.04651 5
 49.000000 -0.833131 1.24904 0.22253 -0.351386 -1.00445 0.351217 5.04651 5
 49.500000 -0.560216 1.42398 0.486923 0.0424231 -1.00445 0.351217 5.04651 5
 50.000000 -0.61506 1.37085 0.425775 0.0234252 -0.865038 0.37057 6.04589 6
 50.500000 -0.735425 1.20563 0.255546 -0.23393 -0.865038 0.37057 6.04589 6
 51.000000 -0.468779 1.60644 0.632105 0.509101 -0.865038 0.37057 6.04589 6
 51.500000 -0.582356 1.51499 0.523221 0.333617 -0.865038 0.37057 6.04589 6
 52.000000 -0.782979 1.28333 0.274415 -0.0515644 -0.865038 0.37057 6.04589 6
 52.500000 -0.789732 1.2531 0.251745 -0.273205 -0.80479 0.380661 6.99336 6
 53.000000 -0.523246 1.42117 0.506382 0.145277 -0.80479 0.380661 6.99336 6
 53.500000 -0.637336 1.46287 0.464162 0.22021 -0.80479 0.380661 6.99336 6
 54.000000 -0.538447 1.35643 0.461917 0.228441 -0.80479 0.380661 6.99336 6
 54.500000 -0.460418 1.55339 0.61037 0.405081 -0.80479 0.380661 6.99336 6
 55.000000 -0.862689 1.08937 0.101332 -2.12062 -0.858474 0.375131 7.22612 6
 55.500000 -0.592885 1.37149 0.438993 0.309206 -0.858474 0.375131 7.22612 6
 56.000000 -0.631995 1.44259 0.456103 0.244848 -0.858474 0.375131 7.22612 6
 56.500000 -0.60174 1.34298 0.417632 0.37377 -0.858474 0.375131 7.22612 6
 57.000000 -0.435771 1.42419 0.557189 0.298773 -0.858474 0.375131 7.22612 6
 57.500000 -0.65562 1.47717 0.461501 0.224451 -0.736061 0.37471 8.15108 6
 58.000000 -0.560333 1.45306 0.502651 0.488519 -0.736061 0.37471 8.15108 6
 58.500000 -0.603938 1.39461 0.44561 0.674523 -0.736061 0.37471 8.15108 6
 59.000000 -0.498296 1.47353 0.54842 0.322474 -0.736061 0.37471 8.15108 6
 59.500000 -0.534181 1.52983 0.557807 0.307679 -0.736061 0.37471 8.15108 6
 60.000000 -0.547267 1.48201 0.525491 0.388122 -0.613971 0.417642 8.97778 7
 60.500000 -0.599359 1.41759 0.461038 0.607192 -0.613971 0.417642 8.97778 7
 61.000000 -0.751024 1.29314 0.299733 -0.0970241 -0.613971 0.417642 8.97778 7
 61.500000 -1.09997 0.875569 -0.202124 -10.5508 -0.613971 0.417642 8.97778 7
 62.000000 -1.17644 0.813582 -0.298911 -15.3723 -0.613971 0.417642 8.97778 7
 62.500000 -1.2198 0.745211 -0.379042 -15.8491 -0.674595 0.365436 8.97778 8
 63.000000 -1.03471 0.669137 -0.308726 -15.0779 -0.674595 0.365436 8.97778 8
 63.500000 -1.06944 0.851743 -0.198654 -10.2435 -0.674595 0.365436 8.97778 8
 64.000000 -1.20726 0.824354 -0.312156 -15.0835 -0.674595 0.365436 8.97778 8
 64.500000 -1.1284 0.831726 -0.25297 -13.257 -0.674595 0.365436 8.97778 8
 65.000000 -1.16303 0.832277 -0.276138 -14.4165 -0.731753 0.365434 8.97778 8
 65.500000 -1.08361 0.746254 -0.284936 -13.6527 -0.731753 0.365434 8.97778 8
 66.000000 -1.22967 0.892215 -0.278277 -13.565 -0.731753 0.365434 8.97778 8
 66.500000 -1.16887 0.748486 -0.341553 -14.0305 -0.731753 0.365434 8.97778 8
 67.000000 -1.1141 0.895143 -0.197648 -10.1813 -0.731753 0.365434 8.97778 8
 67.500000 -1.15522 0.838581 -0.266242 -13.3269 -0.78582 0.365434 8.97778 8
 68.000000 -1.2101 0.740826 -0.375603 -13.7218 -0.78582 0.365434 8.97778 8
 68.500000 -1.12943 0.900143 -0.204424 -10.4928 -0.78582 0.365434 8.97778 8
 69.000000 -1.07924 0.793624 -0.247309 -12.2065 -0.78582 0.365434 8.97778 8
 69.500000 -1.30592 0.770065 -0.420282 -14.5452 -0.78582 0.365434 8.97778 8
 70.000000 -1.07343 0.725817 -0.293066 -12.7194 -0.837113 0.365434 8.97779 8
 70.500000 -1.28837 0.680819 -0.474833 -15.1242 -0.837113 0.365434 8.97779 8
 71.000000 -1.34149 0.782198 -0.43606 -14.1573 -0.837113 0.365434 8.97779 8
 71.500000 -1.2071 0.554226 -0.514539 -15.774 -0.837113 0.365434 8.97779 8
 72.000000 -1.02057 0.489699 -0.434878 -14.127 -0.837113 0.365434 8.97779 8
 72.500000 -1.20459 0.516015 -0.542276 -15.9404 -0.885904 0.32483 8.97779 9
 73.000000 -1.14032 0.585442 -0.444225 -14.1871 -0.885904 0.32483 8.97779 9
 73.500000 -1.03707 0.48575 -0.449282 -14.2965 -0.885904 0.32483 8.97779 9
 74.000000 -0.545946 0.388457 -0.194167 -9.85284 -0.885904 0.32483 8.97779 9
 74.500000 -1.0544 0.549359 -0.412441 -13.4523 -0.885904 0.32483 8.97779 9
 75.000000 -1.19065 0.589044 -0.476392 -14.7575 -0.932424 0.32483 8.97779 9
 75.500000 -1.03077 0.863679 -0.164142 -8.42084 -0.932424 0.32483 8.97779 9
 76.000000 -1.19553 0.808966 -0.31536 -11.9212 -0.932424 0.32483 8.97779 9
 76.500000 -1.19958 0.737477 -0.370832 -12.5571 -0.932424 0.32483 8.97779 9
 77.000000 -1.10553 0.790285 -0.267579 -11.7622 -0.932424 0.32483 8.97779 9
 77.500000 -1.1075 0.849021 -0.226298 -11.2172 -0.976874 0.32483 8.97781 9
 78.000000 -1.1076 0.777522 -0.278317 -10.7826 -0.976874 0.32483 8.97781 9
 78.500000 -1.05459 0.604115 -0.371024 -12.1196 -0.976874 0.32483 8.97781 9
 79.000000 -1.12134 0.717877 -0.331628 -11.3899 -0.976874 0.32483 8.97781 9
 79.500000 -1.23692 0.691519 -0.430967 -13.3474 -0.976874 0.32483 8.97781 9
 80.000000 -1.27157 0.725075 -0.429899 -13.33 -1.01943 0.32483 8.97781 9
 80.500000 -1.18776 0.778613 -0.332296 -11.3371 -1.01943 0.32483 8.97781 9
 81.000000 -1.25767 0.334298 -0.723044 -15.9765 -1.01943 0.32483 8.97781 9
 81.500000 -1.69444 0.425199 -0.964143 -16 -1.01943 0.32483 8.97781 9
 82.000000 -1.13827 0.796186 -0.285555 -10.8273 -1.01943 0.32483 8.97781 9
 82.500000 -1.10554 0.855828 -0.220068 -10.3187 -1.06025 0.324829 8.97788 9
 83.000000 -1.13176 0.955158 -0.166915 -8.39171 -1.06025 0.324829 8.97788 9
 83.500000 -1.10463 0.672302 -0.354107 -11.1459 -1.06025 0.324829 8.97788 9
 84.000000 -1.33317 0.563802 -0.59563 -14.4954 -1.06025 0.324829 8.97788 9
 84.500000 -1.05518 0.437212 -0.499423 -12.9298 -1.06025 0.324829 8.97788 9
 85.000000 -1.23969 0.723927 -0.408635 -12.1412 -1.09947 0.365433 8.97789 8
 85.500000 -1.09276 0.858898 -0.209228 -9.59239 -1.09947 0.365433 8.97789 8
 86.000000 -1.09655 0.910689 -0.174752 -8.78535 -1.09947 0.365433 8.97789 8
 86.500000 -1.18112 0.839447 -0.283273 -10.1088 -1.09947 0.365433 8.97789 8
 87.000000 -1.30099 0.798002 -0.396176 -11.3729 -1.09947 0.365433 8.97789 8
 87.500000 -1.06611 0.824067 -0.216353 -9.66647 -1.1372 0.365432 8.978 8
 88.000000 -1.09566 0.927271 -0.162387 -8.17779 -1.1372 0.365432 8.978 8
 88.500000 -1.03009 0.769341 -0.231779 -9.07802 -1.1372 0.365432 8.978 8
 89.000000 -1.11378 0.788259 -0.27467 -9.37007 -1.1372 0.365432 8.978 8
 89.500000 -1.11871 0.7045 -0.339758 -10.3404 -1.1372 0.365432 8.978 8
 90.000000 -1.09125 0.952964 -0.141286 -7.43294 -1.1735 0.32484 8.9791 9
 90.500000 -0.755026 1.25704 0.275357 0.0787847 -1.1735 0.32484 8.9791 9
 91.000000 -0.408056 1.59088 0.657252 0.046643 -1.1735 0.32484 8.9791 9
 91.500000 -0.495454 1.4726 0.549513 0.784807 -1.1735 0.32484 8.9791 9
 92.000000 -0.732014 1.19 0.24787 -0.031588 -1.1735 0.32484 8.9791 9
 92.500000 -0.47141 1.56423 0.609801 0.433036 -1.04473 0.3179 9.82633 9
 93.000000 -0.456354 1.47932 0.574767 0.843277 -1.04473 0.3179 9.82633 9
 93.500000 -0.753955 1.21682 0.251167 -0.14807 -1.04473 0.3179 9.82633 9
 94.000000 -0.570284 1.41496 0.47623 0.784669 -1.04473 0.3179 9.82633 9
 94.500000 -0.845409 1.13228 0.140448 -1.33874 -1.04473 0.3179 9.82633 9
 95.000000 -0.691738 1.31987 0.351212 0.169856 -0.96873 0.318729 10.8249 9
 95.500000 -0.509251 1.4663 0.53848 0.778356 -0.96873 0.318729 10.8249 9
 96.000000 -0.383919 1.51118 0.63085 0.509953 -0.96873 0.318729 10.8249 9
 96.500000 -0.169961 1.86758 0.902918 -6.91071 -0.96873 0.318729 10.8249 9
 97.000000 -0.272562 1.62941 0.7475 -1.18193 -0.96873 0.318729 10.8249 9
 97.500000 -0.423009 1.52899 0.618521 0.582111 -0.855533 0.3106 11.5654 9
 98.000000 -0.422053 1.58632 0.647488 0.657798 -0.855533 0.3106 11.5654 9
 98.500000 -0.626182 1.34402 0.403956 0.481611 -0.855533 0.3106 11.5654 9
 99.000000 -0.828797 1.24015 0.219661 -0.472044 -0.855533 0.3106 11.5654 9
 99.500000 -0.439282 1.61719 0.653224 0.611298 -0.855533 0.3106 11.5654 9
 100.000000 -0.653436 1.3508 0.391893 0.454876 -0.774307 0.32185 12.494 9
 100.500000 -0.56965 1.43279 0.486365 0.639169 -0.774307 0.32185 12.494 9
 101.000000 -0.520569 1.49639 0.548 0.722472 -0.774307 0.32185 12.494 9
 101.500000 -0.691531 1.40091 0.398281 0.668739 -0.774307 0.32185 12.494 9
 102.000000 -0.287356 1.6326 0.741211 -0.930146 -0.774307 0.32185 12.494 9
 102.500000 -0.654648 1.305 0.364462 0.597225 -0.688925 0.322568 13.3271 9
 103.000000 -0.591192 1.40243 0.457314 0.640383 -0.688925 0.322568 13.3271 9
 103.500000 -0.598525 1.3861 0.443961 0.681817 -0.688925 0.322568 13.3271 9
 104.000000 -0.53705 1.45623 0.517503 0.577547 -0.688925 0.322568 13.3271 9
 104.500000 -0.577177 1.48078 0.50801 0.571391 -0.688925 0.322568 13.3271 9
 105.000000 -0.722468 1.37099 0.362889 0.76654 -0.596655 0.323051 13.9936 9
 105.500000 -0.492598 1.5048 0.567916 0.520294 -0.596655 0.323051 13.9936 9
 106.000000 -0.605174 1.34425 0.416361 0.836327 -0.596655 0.323051 13.9936 9
 106.500000 -0.533423 1.53363 0.560184 0.514811 -0.596655 0.323051 13.9936 9
 107.000000 -0.772992 1.30997 0.296603 0.459183 -0.596655 0.323051 13.9936 9
 107.500000 -0.660477 1.33152 0.376561 0.92373 -0.499425 0.326166 14.4892 9
 108.000000 -0.506601 1.43119 0.521209 0.381642 -0.499425 0.326166 14.4892 9
 108.500000 -0.513465 1.41915 0.510821 0.39381 -0.499425 0.326166 14.4892 9
 109.000000 -0.477568 1.53775 0.593092 0.389133 -0.499425 0.326166 14.4892 9
 109.500000 -0.731389 1.28366 0.305861 0.619248 -0.499425 0.326166 14.4892 9
 110.000000 -0.745308 1.19247 0.241261 -0.338009 -0.494571 0.321577 15.2068 9
 110.500000 -0.78414 1.14951 0.189989 -0.873729 -0.494571 0.321577 15.2068 9
 111.000000 -0.668661 1.23961 0.316963 0.755763 -0.494571 0.321577 15.2068 9
 111.500000 -0.599616 1.42846 0.466888 0.564859 -0.494571 0.321577 15.2068 9
 112.000000 -0.523707 1.52509 0.561165 0.376191 -0.494571 0.321577 15.2068 9
 112.500000 -0.574903 1.49043 0.514426 0.370671 -0.458068 0.325712 16.2053 9
 113.000000 -0.788851 1.16572 0.197422 -0.829774 -0.458068 0.325712 16.2053 9
 113.500000 -0.374661 1.66381 0.709727 -0.713099 -0.458068 0.325712 16.2053 9
 114.000000 -0.387429 1.55357 0.650089 0.0797923 -0.458068 0.325712 16.2053 9
 114.500000 -0.477336 1.44102 0.542915 0.489291 -0.458068 0.325712 16.2053 9
 115.000000 -0.347552 1.57056 0.679853 -0.245363 -0.45185 0.320561 16.9782 9
 115.500000 -0.150478 1.85623 0.908076 -6.76633 -0.45185 0.320561 16.9782 9
 116.000000 -0.375581 1.62308 0.690099 -0.111152 -0.45185 0.320561 16.9782 9
 116.500000 -0.424099 1.47848 0.592152 0.463432 -0.45185 0.320561 16.9782 9
 117.000000 -0.666091 1.41064 0.418621 0.840525 -0.45185 0.320561 16.9782 9
 117.500000 -0.426488 1.58549 0.644693 0.292016 -0.423934 0.315037 17.9692 9
 118.000000 -0.259561 1.66112 0.768849 -1.40436 -0.423934 0.315037 17.9692 9
 118.500000 -0.404697 1.57547 0.651539 0.429035 -0.423934 0.315037 17.9692 9
 119.000000 -0.516848 1.5112 0.557785 0.529573 -0.423934 0.315037 17.9692 9
 119.500000 -0.601535 1.45165 0.478487 0.53626 -0.423934 0.315037 17.9692 9
 120.000000 -0.45193 1.46788 0.57125 0.547036 -0.38374 0.323617 18.9421 9
 120.500000 -0.70083 1.27321 0.317953 0.556272 -0.38374 0.323617 18.9421 9
 121.000000 -0.618881 1.42941 0.456362 0.576222 -0.38374 0.323617 18.9421 9
 121.500000 -0.450972 1.55837 0.618012 0.662539 -0.38374 0.323617 18.9421 9
 122.000000 -0.543676 1.4268 0.497861 0.527832 -0.38374 0.323617 18.9421 9
 122.500000 -0.556585 1.39455 0.472793 0.534915 -0.347669 0.327525 19.9226 9
 123.000000 -0.572235 1.477 0.508776 0.630313 -0.347669 0.327525 19.9226 9
 123.500000 -0.267752 1.69561 0.780146 -1.92188 -0.347669 0.327525 19.9226 9
 124.000000 -0.311175 1.63717 0.730803 -0.684307 -0.347669 0.327525 19.9226 9
 124.500000 -0.310883 1.66824 0.745292 -1.00313 -0.347669 0.327525 19.9226 9
 125.000000 -0.483247 1.46517 0.55241 0.650444 -0.307689 0.333729 20.853 9
 125.500000 -0.509837 1.49029 0.550787 0.757598 -0.307689 0.333729 20.853 9
 126.000000 -0.596552 1.36839 0.435122 0.678062 -0.307689 0.333729 20.853 9
 126.500000 -0.595769 1.44014 0.475495 0.655898 -0.307689 0.333729 20.853 9
 127.000000 -0.567793 1.4236 0.4824 0.661292 -0.307689 0.333729 20.853 9
 127.500000 -0.46612 1.55238 0.606751 0.674853 -0.269559 0.334223 21.7779 9
 128.000000 -0.520821 1.52074 0.560518 0.81128 -0.269559 0.334223 21.7779 9
 128.500000 -0.446632 1.53793 0.610127 0.766889 -0.269559 0.334223 21.7779 9
 129.000000 -0.65635 1.24505 0.327651 0.432609 -0.269559 0.334223 21.7779 9
 129.500000 -0.470545 1.60001 0.627998 0.684095 -0.269559 0.334223 21.7779 9
 130.000000 -0.573294 1.52492 0.533492 0.753958 -0.229837 0.338147 22.6533 9
 130.500000 -0.589321 1.43101 0.474176 0.640591 -0.229837 0.338147 22.6533 9
 131.000000 -0.584478 1.42356 0.472852 0.636812 -0.229837 0.338147 22.6533 9
 131.500000 -0.701452 1.37085 0.375218 0.58237 -0.229837 0.338147 22.6533 9
 132.000000 -0.692352 1.4408 0.420287 0.591209 -0.229837 0.338147 22.6533 9
 132.500000 -0.473144 1.51879 0.585862 0.842868 -0.187986 0.344835 23.4573 9
 133.000000 -0.556952 1.50078 0.529978 0.845366 -0.187986 0.344835 23.4573 9
 133.500000 -0.547496 1.49793 0.533771 0.859311 -0.187986 0.344835 23.4573 9
 134.000000 -0.604533 1.44964 0.475681 0.599226 -0.187986 0.344835 23.4573 9
 134.500000 -0.702769 1.33559 0.353904 0.439798 -0.187986 0.344835 23.4573 9
 135.000000 -0.423209 1.60247 0.654735 0.47946 -0.16756 0.339048 24.4572 9
 135.500000 -0.540826 1.5302 0.554314 0.92088 -0.16756 0.339048 24.4572 9
 136.000000 -0.587643 1.50119 0.512969 0.751518 -0.16756 0.339048 24.4572 9
 136.500000 -0.519774 1.43092 0.51363 0.754886 -0.16756 0.339048 24.4572 9
 137.000000 -0.631978 1.32043 0.386888 0.494491 -0.16756 0.339048 24.4572 9
 137.500000 -0.570334 1.40359 0.469928 0.549602 -0.145494 0.342297 25.4535 9
 138.000000 -0.787066 1.34723 0.310394 0.0612711 -0.145494 0.342297 25.4535 9
 138.500000 -1.00581 1.04502 -0.0209004 -4.99577 -0.145494 0.342297 25.4535 9
 139.000000 -1.33615 0.615488 -0.557969 -14.593 -0.145494 0.342297 25.4535 9
 139.500000 -1.04009 0.844596 -0.184055 -8.85627 -0.145494 0.342297 25.4535 9
 140.000000 -1.44578 0.582488 -0.66095 -15.9319 -0.166548 0.308067 25.4535 10
 140.500000 -1.3975 0.668964 -0.560401 -14.548 -0.166548 0.308067 25.4535 10
 141.000000 -1.28089 0.443066 -0.652964 -15.5327 -0.166548 0.308067 25.4535 10
 141.500000 -1.05663 0.774754 -0.245762 -9.54316 -0.166548 0.308067 25.4535 10
 142.000000 -1.51007 0.532115 -0.746086 -15.8754 -0.166548 0.308067 25.4535 10
 142.500000 -1.29943 0.324153 -0.760935 -15.9227 -0.187167 0.280061 25.4535 11
 143.000000 -1.13661 0.447645 -0.547949 -14.231 -0.187167 0.280061 25.4535 11
 143.500000 -1.35899 0.56211 -0.615172 -15.3192 -0.187167 0.280061 25.4535 11
 144.000000 -1.19349 0.774309 -0.339406 -11.3322 -0.187167 0.280061 25.4535 11
 144.500000 -1.00259 0.976871 -0.0656817 -5.95128 -0.187167 0.280061 25.4535 11
 145.000000 -1.27336 0.688412 -0.458639 -12.9267 -0.207369 0.280061 25.4535 11
 145.500000 -1.24425 0.714456 -0.418872 -12.3724 -0.207369 0.280061 25.4535 11
 146.000000 -1.01853 0.941096 -0.101181 -7.0061 -0.207369 0.280061 25.4535 11
 146.500000 -1.09563 0.919469 -0.167896 -8.47599 -0.207369 0.280061 25.4535 11
 147.000000 -1.16268 0.798626 -0.300434 -10.4682 -0.207369 0.280061 25.4535 11
 147.500000 -1.18734 0.782008 -0.329511 -11.104 -0.227172 0.256723 25.4535 12
 148.000000 -1.09163 0.91173 -0.170704 -8.42967 -0.227172 0.256723 25.4535 12
 148.500000 -1.27509 0.752049 -0.412237 -11.9051 -0.227172 0.256723 25.4535 12
 149.000000 -0.870309 1.19956 0.168168 -1.60009 -0.227172 0.256723 25.4535 12
 149.500000 -0.908387 1.06769 0.0576515 -3.38217 -0.227172 0.256723 25.4535 12
 150.000000 -0.760016 1.30192 0.299597 0.221694 -0.216336 0.26239 26.3986 12
 150.500000 -0.478507 1.4784 0.561996 1.13117 -0.216336 0.26239 26.3986 12
 151.000000 -0.576341 1.38593 0.456656 0.828213 -0.216336 0.26239 26.3986 12
 151.500000 -0.582857 1.37915 0.449104 0.812884 -0.216336 0.26239 26.3986 12
 152.000000 -0.533448 1.517 0.551574 1.11481 -0.216336 0.26239 26.3986 12
 152.500000 -0.38205 1.66936 0.708407 -0.008381 -0.211984 0.260616 27.249 13
 153.000000 -0.368574 1.69829 0.728813 -0.23753 -0.211984 0.260616 27.249 13
 153.500000 -0.573004 1.44581 0.491545 0.914009 -0.211984 0.260616 27.249 13
 154.000000 -0.71627 1.32713 0.340889 0.608418 -0.211984 0.260616 27.249 13
 154.500000 -0.501031 1.44652 0.532565 1.05286 -0.211984 0.260616 27.249 13
 155.000000 -0.628564 1.40296 0.436061 0.776788 -0.181204 0.260566 28.1339 13
 155.500000 -0.456719 1.45869 0.563772 1.07997 -0.181204 0.260566 28.1339 13
 156.000000 -0.503323 1.51817 0.568884 1.0831 -0.181204 0.260566 28.1339 13
 156.500000 -0.752952 1.26142 0.279299 0.11567 -0.181204 0.260566 28.1339 13
 157.000000 -1.37206 0.563782 -0.623127 -15.2234 -0.181204 0.260566 28.1339 13
 157.500000 -1.15224 0.942945 -0.189356 -8.75534 -0.19955 0.282277 28.1341 12
 158.000000 -1.18577 0.545571 -0.506317 -13.153 -0.19955 0.282277 28.1341 12
 158.500000 -1.36501 0.498256 -0.669179 -15.4814 -0.19955 0.282277 28.1341 12
 159.000000 -1.23913 0.921764 -0.263503 -9.40283 -0.19955 0.282277 28.1341 12
 159.500000 -1.24722 0.832806 -0.333446 -10.8501 -0.19955 0.282277 28.1341 12
 160.000000 -0.945829 0.589702 -0.307792 -10.2956 -0.217568 0.282277 28.1341 12
 160.500000 -0.988956 0.512531 -0.395658 -11.5386 -0.217568 0.282277 28.1341 12
 161.000000 -0.9607 0.596525 -0.312744 -10.1122 -0.217568 0.282277 28.1341 12
 161.500000 -0.730553 1.21798 0.266198 -0.102778 -0.217568 0.282277 28.1341 12
 162.000000 -0.669347 1.44724 0.437178 0.817041 -0.217568 0.282277 28.1341 12
 162.500000 -0.569898 1.37062 0.451785 0.833551 -0.185443 0.282272 28.98 12
 163.000000 -0.609328 1.45355 0.475078 0.93272 -0.185443 0.282272 28.98 12
 163.500000 -0.524817 1.51424 0.554935 0.969289 -0.185443 0.282272 28.98 12
 164.000000 -0.50428 1.51637 0.567429 0.972979 -0.185443 0.282272 28.98 12
 164.500000 -0.826379 1.1738 0.179197 -1.50885 -0.185443 0.282272 28.98 12
 165.000000 -0.814787 1.02213 0.0870451 -3.26502 -0.202028 0.282102 29.0253 12
 165.500000 -0.800968 1.14366 0.175726 -1.56802 -0.202028 0.282102 29.0253 12
 166.000000 -0.754591 1.29139 0.29652 0.165919 -0.202028 0.282102 29.0253 12
 166.500000 -0.526501 1.46129 0.52614 0.949597 -0.202028 0.282102 29.0253 12
 167.000000 -0.763945 1.31125 0.302836 0.222994 -0.202028 0.282102 29.0253 12
 167.500000 -1.00759 1.00504 -0.049487 -5.50623 -0.219037 0.260456 29.0302 13
 168.000000 -1.05268 0.905772 -0.148836 -7.60249 -0.219037 0.260456 29.0302 13
 168.500000 -1.10777 0.736188 -0.308809 -10.0199 -0.219037 0.260456 29.0302 13
 169.000000 -1.09384 0.906642 -0.175806 -8.09557 -0.219037 0.260456 29.0302 13
 169.500000 -1.13764 0.919711 -0.196015 -8.38103 -0.219037 0.260456 29.0302 13
 170.000000 -0.989707 0.968607 -0.0629293 -5.55541 -0.235763 0.260439 29.0348 13
 170.500000 -0.799223 1.27336 0.25841 -0.166511 -0.235763 0.260439 29.0348 13
 171.000000 -0.33516 1.57715 0.689663 0.32856 -0.235763 0.260439 29.0348 13
 171.500000 -0.412593 1.57912 0.64907 0.770138 -0.235763 0.260439 29.0348 13
 172.000000 -0.330137 1.76901 0.780353 -1.60273 -0.235763 0.260439 29.0348 13
 172.500000 -0.191201 1.72212 0.831273 -3.41008 -0.251595 0.242268 29.0741 14
 173.000000 -0.699866 1.33655 0.356194 0.744332 -0.251595 0.242268 29.0741 14
 173.500000 -0.924466 1.14413 0.0980284 -2.81783 -0.251595 0.242268 29.0741 14
 174.000000 -0.532931 1.49135 0.538456 1.10026 -0.251595 0.242268 29.0741 14
 174.500000 -0.540206 1.53288 0.556038 1.11154 -0.251595 0.242268 29.0741 14
 175.000000 -0.265306 1.72356 0.793823 -1.92106 -0.264773 0.243304 29.2424 14
 175.500000 -0.46402 1.6168 0.639724 0.899861 -0.264773 0.243304 29.2424 14
 176.000000 -0.527831 1.49394 0.542666 1.09642 -0.264773 0.243304 29.2424 14
 176.500000 -0.58275 1.441 0.483388 1.06923 -0.264773 0.243304 29.2424 14
 177.000000 -0.360144 1.63332 0.703135 0.194305 -0.264773 0.243304 29.2424 14
 177.500000 -0.468069 1.55834 0.608677 1.05198 -0.222332 0.243175 29.767 14
 178.000000 -0.807945 1.284 0.259599 -0.146111 -0.222332 0.243175 29.767 14
 178.500000 -0.908836 1.0233 0.0274275 -3.74435 -0.222332 0.243175 29.767 14
 179.000000 -1.30548 0.550831 -0.58614 -14.6563 -0.222332 0.243175 29.767 14
 179.500000 -1.38233 0.664986 -0.552727 -13.9529 -0.222332 0.243175 29.767 14
 180.000000 -1.2997 0.581844 -0.558156 -14.0661 -0.238081 0.226964 29.767 15
 180.500000 -1.25496 0.672207 -0.458033 -12.3938 -0.238081 0.226964 29.767 15
 181.000000 -1.0209 0.765077 -0.228696 -8.65965 -0.238081 0.226964 29.767 15
 181.500000 -1.2835 0.624366 -0.514232 -13.0629 -0.238081 0.226964 29.767 15
 182.000000 -1.25798 0.605585 -0.510709 -13.0181 -0.238081 0.226964 29.767 15
 182.500000 -1.04523 0.864548 -0.173208 -7.64166 -0.253575 0.226962 29.7676 15
 183.000000 -1.03373 0.961535 -0.096959 -5.91695 -0.253575 0.226962 29.7676 15
 183.500000 -1.1415 0.585932 -0.444664 -12.2349 -0.253575 0.226962 29.7676 15
 184.000000 -1.19176 0.592698 -0.474375 -12.5888 -0.253575 0.226962 29.7676 15
 184.500000 -1.37873 0.610724 -0.591644 -14.1867 -0.253575 0.226962 29.7676 15
 185.000000 -1.16933 0.819108 -0.290026 -9.3911 -0.268841 0.226963 29.7677 15
 185.500000 -1.22362 0.695427 -0.418814 -11.6103 -0.268841 0.226963 29.7677 15
 186.000000 -0.832293 1.1272 0.145408 -2.02725 -0.268841 0.226963 29.7677 15
 186.500000 -0.982169 1.09921 0.0311378 -3.6272 -0.268841 0.226963 29.7677 15
 187.000000 -0.558668 1.42344 0.487511 1.0936 -0.268841 0.226963 29.7677 15
 187.500000 -0.33016 1.63686 0.720653 -0.0277553 -0.26478 0.224483 30.5786 15
 188.000000 -0.880719 1.19083 0.156043 -1.8236 -0.26478 0.224483 30.5786 15
 188.500000 -0.955085 0.910419 -0.0807464 -5.61646 -0.26478 0.224483 30.5786 15
 189.000000 -0.981947 0.893556 -0.110388 -6.18636 -0.26478 0.224483 30.5786 15
 189.500000 -1.02147 0.966081 -0.0856597 -5.70912 -0.26478 0.224483 30.5786 15
 190.000000 -1.00802 0.984894 -0.0636999 -5.29689 -0.279498 0.224474 30.5844 15
 190.500000 -0.847561 1.01432 0.0608251 -3.2588 -0.279498 0.224474 30.5844 15
 191.000000 -0.822641 1.10583 0.137549 -2.18627 -0.279498 0.224474 30.5844 15
 191.500000 -0.620065 1.45802 0.47139 1.07505 -0.279498 0.224474 30.5844 15
 192.000000 -0.474017 1.49073 0.57091 1.22242 -0.279498 0.224474 30.5844 15
 192.500000 -0.761587 1.32511 0.312548 0.443068 -0.264257 0.227823 31.5763 15
 193.000000 -0.661711 1.25482 0.330339 0.669978 -0.264257 0.227823 31.5763 15
 193.500000 -0.412657 1.51113 0.615147 1.14558 -0.264257 0.227823 31.5763 15
 194.000000 -0.371501 1.61284 0.687393 0.56768 -0.264257 0.227823 31.5763 15
 194.500000 -0.58639 1.46421 0.493903 1.05028 -0.264257 0.227823 31.5763 15
 195.000000 -0.918649 1.08906 0.0653354 -3.28922 -0.277942 0.227713 31.6195 15
 195.500000 -0.841662 1.1829 0.17546 -1.43175 -0.277942 0.227713 31.6195 15
 196.000000 -0.437511 1.57581 0.633976 1.06189 -0.277942 0.227713 31.6195 15
 196.500000 -0.603597 1.46856 0.486489 1.04437 -0.277942 0.227713 31.6195 15
 197.000000 -0.609183 1.46506 0.481418 1.04113 -0.277942 0.227713 31.6195 15
 197.500000 -0.49485 1.59061 0.610169 1.15984 -0.233705 0.227036 31.9423 15
 198.000000 -0.57804 1.4445 0.487971 1.00642 -0.233705 0.227036 31.9423 15
 198.500000 -0.736795 1.31689 0.32254 0.574965 -0.233705 0.227036 31.9423 15
 199.000000 -0.569985 1.35981 0.445641 0.96477 -0.233705 0.227036 31.9423 15
 199.500000 -0.654393 1.43211 0.437413 0.954281 -0.233705 0.227036 31.9423 15
 200.000000 -0.643074 1.2725 0.35207 0.717934 -0.211862 0.226829 32.9222 15
 200.500000 -0.831956 1.19062 0.186454 -1.25874 -0.211862 0.226829 32.9222 15
 201.000000 -0.995573 0.760383 -0.215067 -8.05833 -0.211862 0.226829 32.9222 15
 201.500000 -1.26835 0.599815 -0.522376 -13.2955 -0.211862 0.226829 32.9222 15
 202.000000 -1.28861 0.659455 -0.491145 -12.8996 -0.211862 0.226829 32.9222 15
 202.500000 -1.39132 0.797418 -0.45961 -12.4881 -0.225655 0.226829 32.9222 15
 203.000000 -1.39213 0.637009 -0.580965 -13.9241 -0.225655 0.226829 32.9222 15
 203.500000 -1.14504 0.503586 -0.51033 -12.7633 -0.225655 0.226829 32.9222 15
 204.000000 -1.18691 0.800286 -0.315802 -9.65371 -0.225655 0.226829 32.9222 15
 204.500000 -1.18729 0.754328 -0.349884 -10.2376 -0.225655 0.226829 32.9222 15
 205.000000 -1.23843 0.731424 -0.402171 -11.2968 -0.239261 0.226829 32.9222 15
 205.500000 -1.53484 0.560182 -0.741898 -15.547 -0.239261 0.226829 32.9222 15
 206.000000 -0.968597 0.89307 -0.101888 -5.73801 -0.239261 0.226829 32.9222 15
 206.500000 -0.91037 1.0972 0.0760635 -3.08818 -0.239261 0.226829 32.9222 15
 207.000000 -0.795369 1.16727 0.19436 -1.08484 -0.239261 0.226829 32.9222 15
 207.500000 -0.825404 1.07317 0.114307 -2.7132 -0.251546 0.226756 32.9946 15
 208.000000 -0.64102 1.38019 0.415982 0.94742 -0.251546 0.226756 32.9946 15
 208.500000 -0.538125 1.3728 0.471268 0.963597 -0.251546 0.226756 32.9946 15
 209.000000 -0.708355 1.25765 0.304008 0.5457 -0.251546 0.226756 32.9946 15
 209.500000 -0.590121 1.41484 0.464812 0.961809 -0.251546 0.226756 32.9946 15
 210.000000 -0.722461 1.25918 0.296416 0.480327 -0.237449 0.226883 33.9846 15
 210.500000 -0.745191 1.2419 0.272044 0.360603 -0.237449 0.226883 33.9846 15
 211.000000 -0.716792 1.29161 0.31943 0.7359 -0.237449 0.226883 33.9846 15
 211.500000 -0.648754 1.40577 0.425943 0.932501 -0.237449 0.226883 33.9846 15
 212.000000 -0.556123 1.52266 0.541895 1.08506 -0.237449 0.226883 33.9846 15
 212.500000 -0.614035 1.35949 0.419912 0.930782 -0.209072 0.228279 34.8223 15
 213.000000 -0.407151 1.50074 0.612881 1.13584 -0.209072 0.228279 34.8223 15
 213.500000 -0.379552 1.6651 0.707745 0.203134 -0.209072 0.228279 34.8223 15
 214.000000 -0.516334 1.4082 0.503234 0.974407 -0.209072 0.228279 34.8223 15
 214.500000 -0.497539 1.49848 0.561895 1.11023 -0.209072 0.228279 34.8223 15
 215.000000 -0.607919 1.41938 0.457113 1.01018 -0.178958 0.228141 35.5814 15
 215.500000 -0.532331 1.52686 0.557297 1.07789 -0.178958 0.228141 35.5814 15
 216.000000 -0.479648 1.48978 0.567295 1.0985 -0.178958 0.228141 35.5814 15
 216.500000 -0.531893 1.46555 0.525381 1.02231 -0.178958 0.228141 35.5814 15
 217.000000 -0.577898 1.51475 0.525594 1.02249 -0.178958 0.228141 35.5814 15
 217.500000 -0.647638 1.46826 0.46121 1.08879 -0.147154 0.228131 36.2497 15
 218.000000 -0.254239 1.71495 0.79573 -1.75908 -0.147154 0.228131 36.2497 15
 218.500000 -0.372657 1.66443 0.711072 0.0659904 -0.147154 0.228131 36.2497 15
 219.000000 -0.44434 1.56202 0.623437 1.02077 -0.147154 0.228131 36.2497 15
 219.500000 -0.40201 1.3981 0.562096 1.0672 -0.147154 0.228131 36.2497 15
 220.000000 -0.665828 1.26838 0.33603 0.74927 -0.129181 0.228016 37.2383 15
 220.500000 -0.83858 1.06289 0.0991114 -2.90773 -0.129181 0.228016 37.2383 15
 221.000000 -0.679754 1.35868 0.38097 1.03106 -0.129181 0.228016 37.2383 15
 221.500000 -0.483637 1.52113 0.581279 1.05907 -0.129181 0.228016 37.2383 15
 222.000000 -0.367896 1.61145 0.688654 0.386248 -0.129181 0.228016 37.2383 15
 222.500000 -0.67372 1.29126 0.344991 0.887411 -0.10764 0.228141 38.1692 15
 223.000000 -0.512064 1.52219 0.566118 1.01075 -0.10764 0.228141 38.1692 15
 223.500000 -0.355839 1.59515 0.687282 0.3731 -0.10764 0.228141 38.1692 15
 224.000000 -0.680536 1.37694 0.391028 1.1032 -0.10764 0.228141 38.1692 15
 224.500000 -0.63603 1.31808 0.383134 1.08682 -0.10764 0.228141 38.1692 15
 225.000000 -0.526877 1.46025 0.525372 0.97912 -0.0839637 0.228338 39.0331 15
 225.500000 -0.741589 1.27549 0.294756 0.593771 -0.0839637 0.228338 39.0331 15
 226.000000 -0.415633 1.54463 0.630375 0.90673 -0.0839637 0.228338 39.0331 15
 226.500000 -0.90908 1.06038 0.0523006 -3.37508 -0.0839637 0.228338 39.0331 15
 227.000000 -0.983425 1.06424 0.00677576 -4.02902 -0.0839637 0.228338 39.0331 15
 227.500000 -1.27334 0.512225 -0.593467 -14.5043 -0.096085 0.228338 39.0331 15
 228.000000 -1.52639 0.530345 -0.759175 -15.6482 -0.096085 0.228338 39.0331 15
 228.500000 -1.45495 0.424327 -0.791791 -15.7273 -0.096085 0.228338 39.0331 15
 229.000000 -1.30605 0.561647 -0.578186 -13.9876 -0.096085 0.228338 39.0331 15
 229.500000 -1.38465 0.676031 -0.545974 -13.4387 -0.096085 0.228338 39.0331 15
 230.000000 -1.378 0.5445 -0.642298 -14.8492 -0.108061 0.228338 39.0331 15
 230.500000 -1.34682 0.806395 -0.421864 -11.5272 -0.108061 0.228338 39.0331 15
 231.000000 -1.32794 0.554401 -0.599215 -14.1702 -0.108061 0.228338 39.0331 15
 231.500000 -1.16667 0.707866 -0.370187 -10.7545 -0.108061 0.228338 39.0331 15
 232.000000 -1.00524 0.9976 -0.0530786 -5.17674 -0.108061 0.228338 39.0331 15
 232.500000 -0.554469 1.51863 0.540717 1.05177 -0.0826297 0.228521 39.8301 15
 233.000000 -0.376497 1.57199 0.665016 0.591288 -0.0826297 0.228521 39.8301 15
 233.500000 -0.487481 1.50682 0.571792 1.10761 -0.0826297 0.228521 39.8301 15
 234.000000 -0.576729 1.43579 0.483972 1.12121 -0.0826297 0.228521 39.8301 15
 234.500000 -0.533493 1.44632 0.514187 1.11754 -0.0826297 0.228521 39.8301 15
 235.000000 -0.566478 1.4918 0.519893 1.11787 -0.0559902 0.22882 40.558 15
 235.500000 -0.386461 1.75574 0.745376 -0.749731 -0.0559902 0.22882 40.558 15
 236.000000 -0.568677 1.56348 0.555986 1.1628 -0.0559902 0.22882 40.558 15
 236.500000 -0.586282 1.48223 0.503642 1.17682 -0.0559902 0.22882 40.558 15
 237.000000 -0.418321 1.49045 0.601494 1.04069 -0.0559902 0.22882 40.558 15
 237.500000 -0.305425 1.70628 0.765371 -1.18651 -0.0638038 0.230297 40.8366 15
 238.000000 -0.501832 1.54634 0.584122 1.09412 -0.0638038 0.230297 40.8366 15
 238.500000 -0.296413 1.67773 0.75718 -0.916543 -0.0638038 0.230297 40.8366 15
 239.000000 -0.756073 1.18767 0.231624 -0.401859 -0.0638038 0.230297 40.8366 15
 239.500000 -0.809484 1.1113 0.14941 -2.32744 -0.0638038 0.230297 40.8366 15
 240.000000 -1.17744 0.88852 -0.245303 -8.87605 -0.0752308 0.230297 40.8368 15
 240.500000 -0.850702 1.17277 0.163306 -1.99996 -0.0752308 0.230297 40.8368 15
 241.000000 -0.579763 1.47949 0.505857 1.16831 -0.0752308 0.230297 40.8368 15
 241.500000 -0.365107 1.58191 0.675951 0.420431 -0.0752308 0.230297 40.8368 15
 242.000000 -0.567426 1.42488 0.483308 1.15375 -0.0752308 0.230297 40.8368 15
 242.500000 -0.827463 1.26729 0.237354 -0.293832 -0.0774395 0.228162 41.4392 15
 243.000000 -0.875833 1.13818 0.125058 -2.5737 -0.0774395 0.228162 41.4392 15
 243.500000 -0.730364 1.2492 0.285537 0.465556 -0.0774395 0.228162 41.4392 15
 244.000000 -0.420157 1.62028 0.664968 0.551437 -0.0774395 0.228162 41.4392 15
 244.500000 -0.565793 1.31458 0.422252 1.06734 -0.0774395 0.228162 41.4392 15
 245.000000 -0.534677 1.48054 0.531776 1.17177 -0.0501746 0.228269 42.0953 15
 245.500000 -0.639688 1.35678 0.403389 0.995004 -0.0501746 0.228269 42.0953 15
 246.000000 -0.557466 1.45436 0.504974 1.2162 -0.0501746 0.228269 42.0953 15
 246.500000 -0.617744 1.44516 0.465682 1.145 -0.0501746 0.228269 42.0953 15
 247.000000 -0.42634 1.49676 0.600326 1.04667 -0.0501746 0.228269 42.0953 15
 247.500000 -0.39399 1.56579 0.652564 0.655548 -0.0389705 0.227822 43.0913 15
 248.000000 -0.740914 1.26056 0.286078 0.415417 -0.0389705 0.227822 43.0913 15
 248.500000 -0.594319 1.41476 0.462358 1.11707 -0.0389705 0.227822 43.0913 15
 249.000000 -0.641871 1.32905 0.386083 0.932076 -0.0389705 0.227822 43.0913 15
 249.500000 -0.686425 1.37074 0.384004 0.926721 -0.0389705 0.227822 43.0913 15
 250.000000 -0.534174 1.41419 0.496379 1.18391 -0.0132501 0.229535 43.7621 15
 250.500000 -0.320867 1.6222 0.718698 -0.181814 -0.0132501 0.229535 43.7621 15
 251.000000 -0.905269 1.01878 0.0266648 -3.87766 -0.0132501 0.229535 43.7621 15
 251.500000 -0.837404 1.108 0.129639 -2.5856 -0.0132501 0.229535 43.7621 15
 252.000000 -0.93487 1.17628 0.112396 -2.87554 -0.0132501 0.229535 43.7621 15
 252.500000 -0.785593 1.19035 0.215087 -0.663483 -0.018404 0.222181 44.1937 16
 253.000000 -0.693141 1.24635 0.306315 0.580039 -0.018404 0.222181 44.1937 16
 253.500000 -0.460322 1.56988 0.618659 0.986471 -0.018404 0.222181 44.1937 16
 254.000000 -0.625129 1.30989 0.384773 0.925469 -0.018404 0.222181 44.1937 16
 254.500000 -0.909964 1.07742 0.0631514 -3.37136 -0.018404 0.222181 44.1937 16
 255.000000 -0.579222 1.39768 0.461552 1.18605 0.00613246 0.222419 44.8885 16
 255.500000 -0.291741 1.67619 0.758921 -0.956827 0.00613246 0.222419 44.8885 16
 256.000000 -0.462042 1.51183 0.588408 1.10736 0.00613246 0.222419 44.8885 16
 256.500000 -0.576724 1.45328 0.493482 1.30325 0.00613246 0.222419 44.8885 16
 257.000000 -0.530078 1.44766 0.516835 1.30357 0.00613246 0.222419 44.8885 16
 257.500000 -0.559024 1.42387 0.487539 1.29729 0.0335121 0.225204 45.4039 16
 258.000000 -0.54896 1.39328 0.47645 1.3339 0.0335121 0.225204 45.4039 16
 258.500000 -0.276529 1.76099 0.804414 -2.02208 0.0335121 0.225204 45.4039 16
 259.000000 -0.448166 1.48272 0.581062 1.11338 0.0335121 0.225204 45.4039 16
 259.500000 -0.540262 1.47325 0.524779 1.32211 0.0335121 0.225204 45.4039 16
 260.000000 -0.565881 1.41826 0.48056 1.3411 0.0612211 0.226757 45.878 16
 260.500000 -0.717452 1.38659 0.374866 0.831817 0.0612211 0.226757 45.878 16
 261.000000 -0.66611 1.30321 0.356606 0.737287 0.0612211 0.226757 45.878 16
 261.500000 -0.524101 1.53987 0.568551 1.15258 0.0612211 0.226757 45.878 16
 262.000000 -0.484208 1.56525 0.603324 0.967203 0.0612211 0.226757 45.878 16
 262.500000 -0.613757 1.25263 0.357637 0.74238 0.0712344 0.226371 46.8739 16
 263.000000 -0.39189 1.49277 0.617169 0.866384 0.0712344 0.226371 46.8739 16
 263.500000 -0.613667 1.40814 0.447556 1.27528 0.0712344 0.226371 46.8739 16
 264.000000 -0.806111 1.08684 0.135525 -2.40383 0.0712344 0.226371 46.8739 16
 264.500000 -1.01409 0.979424 -0.0714977 -5.80661 0.0712344 0.226371 46.8739 16
 265.000000 -0.842902 1.19627 0.183215 -1.31225 0.0635591 0.224971 47.0997 16
 265.500000 -0.70986 1.22209 0.281336 0.277482 0.0635591 0.224971 47.0997 16
 266.000000 -0.478032 1.55876 0.603444 0.952365 0.0635591 0.224971 47.0997 16
 266.500000 -0.563113 1.53228 0.543001 1.25833 0.0635591 0.224971 47.0997 16
 267.000000 -0.512387 1.48422 0.546182 1.24462 0.0635591 0.224971 47.0997 16
 267.500000 -0.385717 1.57499 0.661525 0.505701 0.0691599 0.224668 48.0333 16
 268.000000 -0.474847 1.47969 0.564705 1.15793 0.0691599 0.224668 48.0333 16
 268.500000 -0.334084 1.61222 0.706993 0.0070853 0.0691599 0.224668 48.0333 16
 269.000000 -0.660015 1.33509 0.378915 0.896189 0.0691599 0.224668 48.0333 16
 269.500000 -0.438131 1.53555 0.613568 0.933395 0.0691599 0.224668 48.0333 16
 270.000000 -0.442535 1.53904 0.612921 0.936728 0.0828766 0.224079 49.0129 16
 270.500000 -0.559445 1.44327 0.497863 1.34817 0.0828766 0.224079 49.0129 16
 271.000000 -0.520059 1.54231 0.572027 1.15551 0.0828766 0.224079 49.0129 16
 271.500000 -0.41942 1.57204 0.641907 0.826237 0.0828766 0.224079 49.0129 16
 272.000000 -0.729563 1.27343 0.300776 0.431332 0.0828766 0.224079 49.0129 16
 272.500000 -0.671576 1.36669 0.3904 0.933397 0.0960651 0.224874 49.9947 16
 273.000000 -0.643753 1.42293 0.438443 1.21714 0.0960651 0.224874 49.9947 16
 273.500000 -0.663063 1.41988 0.425568 1.16051 0.0960651 0.224874 49.9947 16
 274.000000 -0.304627 1.69018 0.758539 -1.0209 0.0960651 0.224874 49.9947 16
 274.500000 -0.386066 1.70195 0.721314 -0.253811 0.0960651 0.224874 49.9947 16
 275.000000 -0.509392 1.58675 0.600319 1.02826 0.111051 0.224787 50.9359 16
 275.500000 -0.464332 1.45446 0.557304 1.20617 0.111051 0.224787 50.9359 16
 276.000000 -0.637183 1.31046 0.377994 0.918264 0.111051 0.224787 50.9359 16
 276.500000 -0.764001 1.25676 0.269719 0.0732402 0.111051 0.224787 50.9359 16
 277.000000 -0.455247 1.56855 0.620757 0.998484 0.111051 0.224787 50.9359 16
 277.500000 -0.488181 1.52615 0.581346 1.14419 0.12847 0.226106 51.7887 16
 278.000000 -0.599206 1.34505 0.420293 1.08338 0.12847 0.226106 51.7887 16
 278.500000 -0.646949 1.43515 0.443396 1.18683 0.12847 0.226106 51.7887 16
 279.000000 -0.876556 1.0256 0.0498137 -3.74732 0.12847 0.226106 51.7887 16
 279.500000 -1.09015 1.03003 -0.0868012 -6.18519 0.12847 0.226106 51.7887 16
 280.000000 -1.45088 0.648806 -0.613537 -14.6326 0.118808 0.226106 51.7887 16
 280.500000 -1.23907 0.739565 -0.39656 -11.5441 0.118808 0.226106 51.7887 16
 281.000000 -1.19037 0.742257 -0.360942 -10.8457 0.118808 0.226106 51.7887 16
 281.500000 -1.10365 0.541629 -0.452319 -12.3056 0.118808 0.226106 51.7887 16
 282.000000 -0.946379 0.457963 -0.408413 -11.7405 0.118808 0.226106 51.7887 16
 282.500000 -1.24428 0.880515 -0.296736 -9.67724 0.109239 0.226106 51.7887 16
 283.000000 -1.0674 0.7633 -0.261423 -9.11218 0.109239 0.226106 51.7887 16
 283.500000 -1.09214 0.911755 -0.171028 -7.8635 0.109239 0.226106 51.7887 16
 284.000000 -1.05197 0.995367 -0.0854833 -6.162 0.109239 0.226106 51.7887 16
 284.500000 -1.25148 0.624878 -0.491465 -12.8297 0.109239 0.226106 51.7887 16
 285.000000 -1.15668 0.432441 -0.573891 -14.1234 0.0997606 0.226106 51.7887 16
 285.500000 -1.05003 1.00775 -0.0756151 -5.9883 0.0997606 0.226106 51.7887 16
 286.000000 -0.840617 1.042 0.0838781 -3.27966 0.0997606 0.226106 51.7887 16
 286.500000 -0.711706 1.28522 0.318649 0.549755 0.0997606 0.226106 51.7887 16
 287.000000 -0.954268 1.10066 0.0501471 -3.74273 0.0997606 0.226106 51.7887 16
 287.500000 -0.608582 1.38882 0.43968 1.17147 0.117549 0.225759 52.6231 16
 288.000000 -0.530695 1.41768 0.500261 1.31619 0.117549 0.225759 52.6231 16
 288.500000 -0.337591 1.62302 0.710236 -0.112485 0.117549 0.225759 52.6231 16
 289.000000 -0.605142 1.32014 0.402478 1.04281 0.117549 0.225759 52.6231 16
 289.500000 -0.743402 1.15426 0.218299 -0.727421 0.117549 0.225759 52.6231 16
 290.000000 -0.69791 1.2587 0.31094 0.468121 0.121429 0.227432 53.5295 16
 290.500000 -0.772834 1.20305 0.230964 -0.465198 0.121429 0.227432 53.5295 16
 291.000000 -0.560294 1.43397 0.492329 1.30173 0.121429 0.227432 53.5295 16
 291.500000 -0.419331 1.54279 0.627447 0.966909 0.121429 0.227432 53.5295 16
 292.000000 -0.853102 1.13401 0.136715 -2.40447 0.121429 0.227432 53.5295 16
 292.500000 -0.851709 1.11119 0.122683 -2.70314 0.112762 0.227454 53.587 16
 293.000000 -0.671115 1.3595 0.386523 0.953541 0.112762 0.227454 53.587 16
 293.500000 -0.939356 1.11519 0.0694099 -3.40154 0.112762 0.227454 53.587 16
 294.000000 -0.601065 1.28535 0.384559 0.944038 0.112762 0.227454 53.587 16
 294.500000 -0.671888 1.29198 0.346508 0.7596 0.112762 0.227454 53.587 16
 295.000000 -0.686846 1.19304 0.277355 0.195608 0.113547 0.227146 54.367 16
 295.500000 -0.618439 1.35135 0.41269 1.07517 0.113547 0.227146 54.367 16
 296.000000 -1.15617 0.885866 -0.232759 -8.85873 0.113547 0.227146 54.367 16
 296.500000 -1.25691 0.592934 -0.519636 -13.3129 0.113547 0.227146 54.367 16
 297.000000 -1.24086 0.599081 -0.503719 -13.0588 0.113547 0.227146 54.367 16
 297.500000 -1.24576 0.656011 -0.463859 -12.4734 0.104497 0.227146 54.367 16
 298.000000 -1.12485 0.88344 -0.213283 -8.62576 0.104497 0.227146 54.367 16
 298.500000 -0.916969 1.06728 0.0518525 -3.65579 0.104497 0.227146 54.367 16
 299.000000 -0.510872 1.53906 0.575436 1.15866 0.104497 0.227146 54.367 16
 299.500000 -0.611898 1.38559 0.435942 1.18311 0.104497 0.227146 54.367 16
 300.000000 -0.511367 1.43572 0.520963 1.26116 0.123768 0.227445 55.0828 16
 300.500000 -0.613977 1.49388 0.494213 1.32324 0.123768 0.227445 55.0828 16
 301.000000 -0.707134 1.24515 0.297132 0.429257 0.123768 0.227445 55.0828 16
 301.500000 -0.410942 1.48577 0.603148 1.07389 0.123768 0.227445 55.0828 16
 302.000000 -0.54436 1.53303 0.553812 1.23412 0.123768 0.227445 55.0828 16
 302.500000 -0.599201 1.31402 0.402411 1.00046 0.136107 0.22898 56.0537 16
 303.000000 -0.789315 1.28899 0.274004 0.176045 0.136107 0.22898 56.0537 16
 303.500000 -0.794076 1.09439 0.148058 -2.14495 0.136107 0.22898 56.0537 16
 304.000000 -0.56332 1.52544 0.539327 1.24517 0.136107 0.22898 56.0537 16
 304.500000 -0.512986 1.53634 0.57288 1.15579 0.136107 0.22898 56.0537 16
 305.000000 -0.496144 1.41341 0.517496 1.28829 0.154921 0.229364 56.7553 16
 305.500000 -0.387483 1.58473 0.665316 0.512401 0.154921 0.229364 56.7553 16
 306.000000 -0.423016 1.4884 0.59786 1.06328 0.154921 0.229364 56.7553 16
 306.500000 -0.453314 1.55523 0.615169 0.970874 0.154921 0.229364 56.7553 16
 307.000000 -0.493337 1.40438 0.514177 1.33288 0.154921 0.229364 56.7553 16
 307.500000 -0.735055 1.2682 0.294285 0.368432 0.156989 0.229531 57.6055 16
 308.000000 -0.478457 1.5696 0.60864 0.997524 0.156989 0.229531 57.6055 16
 308.500000 -0.480827 1.48116 0.562151 1.19863 0.156989 0.229531 57.6055 16
 309.000000 -0.591478 1.65278 0.588253 1.09601 0.156989 0.229531 57.6055 16
 309.500000 -0.797203 1.30128 0.276679 0.250387 0.156989 0.229531 57.6055 16
 310.000000 -0.493508 1.48084 0.554927 1.22378 0.173286 0.229785 58.4145 16
 310.500000 -0.506321 1.44566 0.529135 1.33559 0.173286 0.229785 58.4145 16
 311.000000 -0.592282 1.41861 0.465658 1.27209 0.173286 0.229785 58.4145 16
 311.500000 -0.612971 1.30145 0.386993 0.928929 0.173286 0.229785 58.4145 16
 312.000000 -0.513035 1.43466 0.51945 1.34639 0.173286 0.229785 58.4145 16
 312.500000 -0.374069 1.59292 0.676471 0.331967 0.174755 0.234199 59.244 16
 313.000000 -0.244784 1.65844 0.775328 -1.64339 0.174755 0.234199 59.244 16
 313.500000 -0.3708 1.66349 0.711614 -0.191936 0.174755 0.234199 59.244 16
 314.000000 -0.608599 1.46389 0.481113 1.28807 0.174755 0.234199 59.244 16
 314.500000 -0.70557 1.34332 0.356771 0.770677 0.174755 0.234199 59.244 16
 315.000000 -0.639116 1.39221 0.423897 1.071 0.186971 0.234076 60.1916 16
 315.500000 -0.276518 1.74829 0.798897 -2.2875 0.186971 0.234076 60.1916 16
 316.000000 -0.652967 1.54907 0.501469 1.31958 0.186971 0.234076 60.1916 16
 316.500000 -0.469409 1.49683 0.576623 1.14591 0.186971 0.234076 60.1916 16
 317.000000 -0.693242 1.32515 0.353429 0.770935 0.186971 0.234076 60.1916 16
 317.500000 -0.521738 1.49064 0.544334 1.26032 0.20302 0.233883 60.9677 16
 318.000000 -0.525587 1.47308 0.532922 1.32715 0.20302 0.233883 60.9677 16
 318.500000 -0.332979 1.65765 0.72883 -0.57758 0.20302 0.233883 60.9677 16
 319.000000 -0.366939 1.66739 0.71546 -0.305931 0.20302 0.233883 60.9677 16
 319.500000 -0.535487 1.54345 0.56409 1.23521 0.20302 0.233883 60.9677 16
 320.000000 -0.455579 1.52347 0.597906 1.06516 0.214357 0.234179 61.9266 16
 320.500000 -0.985643 1.04252 -0.00941875 -5.0044 0.214357 0.234179 61.9266 16
 321.000000 -0.719885 1.27438 0.307194 0.431848 0.214357 0.234179 61.9266 16
 321.500000 -0.660801 1.37083 0.399095 0.961685 0.214357 0.234179 61.9266 16
 322.000000 -0.574062 1.3549 0.440501 1.15662 0.214357 0.234179 61.9266 16
 322.500000 -0.559906 1.42714 0.488828 1.30801 0.23063 0.236068 62.6558 16
 323.000000 -0.377449 1.65615 0.704681 -0.142713 0.23063 0.236068 62.6558 16
 323.500000 -0.77686 1.27762 0.274654 0.085887 0.23063 0.236068 62.6558 16
 324.000000 -0.917605 1.18302 0.127733 -2.78259 0.23063 0.236068 62.6558 16
 324.500000 -0.862611 1.20085 0.173816 -1.74252 0.23063 0.236068 62.6558 16
 325.000000 -0.884043 1.15679 0.131974 -2.69705 0.222842 0.2361 62.7101 16
 325.500000 -1.00991 0.966345 -0.0778347 -6.50605 0.222842 0.2361 62.7101 16
 326.000000 -0.947585 1.12039 0.0675767 -3.56619 0.222842 0.2361 62.7101 16
 326.500000 -0.919121 1.0964 0.0699206 -3.53329 0.222842 0.2361 62.7101 16
 327.000000 -0.816685 1.06299 0.113096 -2.94084 0.222842 0.2361 62.7101 16
 327.500000 -1.22281 0.760927 -0.369476 -11.0783 0.214679 0.2361 62.7101 16
 328.000000 -1.27321 0.540293 -0.571592 -14.1616 0.214679 0.2361 62.7101 16
 328.500000 -1.17791 0.806113 -0.305375 -9.90891 0.214679 0.2361 62.7101 16
 329.000000 -1.18666 0.693007 -0.395061 -11.3517 0.214679 0.2361 62.7101 16
 329.500000 -1.12164 0.615296 -0.408661 -11.5531 0.214679 0.2361 62.7101 16
 330.000000 -1.25638 0.762472 -0.391532 -11.2967 0.206582 0.2361 62.7101 16
 330.500000 -1.01527 0.870778 -0.148722 -7.72303 0.206582 0.2361 62.7101 16
 331.000000 -0.93397 1.14212 0.090642 -3.25638 0.206582 0.2361 62.7101 16
 331.500000 -1.0219 0.955218 -0.0935271 -6.74302 0.206582 0.2361 62.7101 16
 332.000000 -1.11464 0.85201 -0.228975 -9.05156 0.206582 0.2361 62.7101 16
 332.500000 -1.05165 0.854612 -0.184628 -8.42363 0.198551 0.2361 62.7103 16
 333.000000 -1.05711 0.898708 -0.156814 -7.82911 0.198551 0.2361 62.7103 16
 333.500000 -0.864586 0.969598 0.0194299 -4.41514 0.198551 0.2361 62.7103 16
 334.000000 -0.644528 1.2043 0.309936 0.419494 0.198551 0.2361 62.7103 16
 334.500000 -0.659901 1.345 0.384737 0.867853 0.198551 0.2361 62.7103 16
 335.000000 -0.58159 1.44003 0.48352 1.33394 0.215177 0.237302 63.4176 16
 335.500000 -0.492439 1.52416 0.577976 1.16965 0.215177 0.237302 63.4176 16
 336.000000 -0.755231 1.2956 0.298675 0.296967 0.215177 0.237302 63.4176 16
 336.500000 -0.634614 1.30579 0.376775 0.801217 0.215177 0.237302 63.4176 16
 337.000000 -0.764755 1.25144 0.26599 -0.0473573 0.215177 0.237302 63.4176 16
 337.500000 -0.623852 1.33495 0.400087 0.950075 0.223686 0.238227 64.4158 16
 338.000000 -0.485434 1.43679 0.536119 1.31752 0.223686 0.238227 64.4158 16
 338.500000 -0.615412 1.3283 0.401186 1.0002 0.223686 0.238227 64.4158 16
 339.000000 -0.973814 1.01262 -0.0221239 -5.44922 0.223686 0.238227 64.4158 16
 339.500000 -1.15646 0.891168 -0.229148 -8.96345 0.223686 0.238227 64.4158 16
 340.000000 -1.28836 0.5333 -0.587672 -14.3858 0.215843 0.238227 64.4158 16
 340.500000 -1.20697 0.482013 -0.570362 -14.1377 0.215843 0.238227 64.4158 16
 341.000000 -1.23283 0.54603 -0.53884 -13.7885 0.215843 0.238227 64.4158 16
 341.500000 -1.40132 0.459163 -0.72578 -15.6394 0.215843 0.238227 64.4158 16
 342.000000 -1.33129 0.629432 -0.543893 -13.8679 0.215843 0.238227 64.4158 16
 342.500000 -1.12833 0.741604 -0.318857 -10.1152 0.208061 0.238227 64.4159 16
 343.000000 -1.39091 0.505501 -0.681896 -15.1716 0.208061 0.238227 64.4159 16
 343.500000 -1.17277 0.601143 -0.454753 -12.0412 0.208061 0.238227 64.4159 16
 344.000000 -1.07441 1.01247 -0.088499 -6.71129 0.208061 0.238227 64.4159 16
 344.500000 -0.927283 0.737628 -0.185889 -8.38181 0.208061 0.238227 64.4159 16
 345.000000 -0.931921 0.864599 -0.0977702 -6.84974 0.200345 0.238225 64.4167 16
 345.500000 -1.0455 0.886585 -0.157664 -7.75445 0.200345 0.238225 64.4167 16
 346.000000 -1.31098 0.754247 -0.435564 -11.7297 0.200345 0.238225 64.4167 16
 346.500000 -1.33597 0.632136 -0.545118 -13.8846 0.200345 0.238225 64.4167 16
 347.000000 -1.31565 0.828756 -0.383716 -10.9591 0.200345 0.238225 64.4167 16
 347.500000 -1.33126 0.669273 -0.513564 -13.2737 0.192683 0.224212 64.4167 17
 348.000000 -1.25452 0.669654 -0.459656 -12.0504 0.192683 0.224212 64.4167 17
 348.500000 -1.33212 0.536156 -0.616311 -14.325 0.192683 0.224212 64.4167 17
 349.000000 -1.20533 0.700771 -0.402149 -11.1796 0.192683 0.224212 64.4167 17
 349.500000 -0.972163 0.923223 -0.0830316 -6.4867 0.192683 0.224212 64.4167 17
 350.000000 -1.06579 0.984907 -0.101933 -6.7428 0.185085 0.224211 64.4177 17
 350.500000 -1.33645 0.78133 -0.433185 -11.6314 0.185085 0.224211 64.4177 17
 351.000000 -1.00675 0.607462 -0.335821 -10.1643 0.185085 0.224211 64.4177 17
 351.500000 -1.04259 1.07349 -0.0256159 -5.45421 0.185085 0.224211 64.4177 17
 352.000000 -1.06107 1.00003 -0.0882801 -6.46223 0.185085 0.224211 64.4177 17
 352.500000 -0.844441 1.06716 0.0982188 -3.14555 0.177809 0.22418 64.4521 17
 353.000000 -0.684744 1.30682 0.347661 0.730469 0.177809 0.22418 64.4521 17
 353.500000 -0.613535 1.33017 0.403366 1.07003 0.177809 0.22418 64.4521 17
 354.000000 -1.07311 0.993879 -0.100548 -6.61831 0.177809 0.22418 64.4521 17
 354.500000 -1.04298 0.689767 -0.299024 -9.67334 0.177809 0.22418 64.4521 17
 355.000000 -1.28293 0.568818 -0.556396 -13.7816 0.170318 0.22418 64.4521 17
 355.500000 -1.27333 0.436067 -0.653133 -14.6964 0.170318 0.22418 64.4521 17
 356.000000 -1.03193 0.619781 -0.343733 -10.2818 0.170318 0.22418 64.4521 17
 356.500000 -1.30962 0.794988 -0.404397 -11.2126 0.170318 0.22418 64.4521 17
 357.000000 -1.13481 0.543111 -0.472768 -12.2759 0.170318 0.22418 64.4521 17
 357.500000 -1.09667 0.77959 -0.269373 -9.32546 0.162884 0.22418 64.4521 17
 358.000000 -1.25151 0.632325 -0.485822 -12.5289 0.162884 0.22418 64.4521 17
 358.500000 -1.25853 0.810762 -0.357393 -10.419 0.162884 0.22418 64.4521 17
 359.000000 -0.966483 0.95855 -0.054635 -6.02235 0.162884 0.22418 64.4521 17
 359.500000 -0.853792 1.18445 0.168861 -1.82569 0.162884 0.22418 64.4521 17
 360.000000 -1.22237 0.698256 -0.415826 -11.4062 0.155504 0.22418 64.4522 17
 360.500000 -1.17796 0.857848 -0.267775 -9.19495 0.155504 0.22418 64.4522 17
 361.000000 -1.06782 0.760177 -0.263992 -9.15679 0.155504 0.22418 64.4522 17
 361.500000 -1.16828 0.496288 -0.532193 -13.277 0.155504 0.22418 64.4522 17
 362.000000 -1.44236 0.675244 -0.587338 -13.9025 0.155504 0.22418 64.4522 17
 362.500000 -1.25706 0.887463 -0.300489 -9.54923 0.148178 0.22418 64.4522 17
 363.000000 -1.41775 0.648805 -0.590066 -13.9274 0.148178 0.22418 64.4522 17
 363.500000 -1.11685 0.835539 -0.242369 -8.89672 0.148178 0.22418 64.4522 17
 364.000000 -0.825701 1.14973 0.16415 -1.92938 0.148178 0.22418 64.4522 17
 364.500000 -1.01725 1.04699 -0.0270536 -5.45671 0.148178 0.22418 64.4522 17
 365.000000 -1.1055 0.625362 -0.389944 -10.8206 0.140906 0.22418 64.4522 17
 365.500000 -1.47265 0.650545 -0.627672 -14.3413 0.140906 0.22418 64.4522 17
 366.000000 -1.22941 0.827127 -0.325345 -9.72162 0.140906 0.22418 64.4522 17
 366.500000 -1.0673 0.752724 -0.269103 -9.13317 0.140906 0.22418 64.4522 17
 367.000000 -0.667108 1.3764 0.39859 1.04124 0.140906 0.22418 64.4522 17
 367.500000 -0.797226 1.1628 0.190345 -1.35133 0.135314 0.223801 64.6502 17
 368.000000 -1.15782 0.844035 -0.264059 -9.09039 0.135314 0.223801 64.6502 17
 368.500000 -1.09863 0.883058 -0.195857 -8.27962 0.135314 0.223801 64.6502 17
 369.000000 -1.3928 0.712179 -0.524379 -13.1719 0.135314 0.223801 64.6502 17
 369.500000 -1.02797 1.12536 0.0189119 -4.33267 0.135314 0.223801 64.6502 17
 370.000000 -0.863962 0.952173 0.00786676 -4.5898 0.128209 0.211458 64.6584 18
 370.500000 -0.582882 1.38366 0.451618 1.37933 0.128209 0.211458 64.6584 18
 371.000000 -0.252392 1.7235 0.800452 -2.37062 0.128209 0.211458 64.6584 18
 371.500000 -0.47645 1.5155 0.582354 1.23852 0.128209 0.211458 64.6584 18
 372.000000 -0.504659 1.50632 0.562016 1.33452 0.128209 0.211458 64.6584 18
 372.500000 -0.607574 1.37996 0.435273 1.30423 0.143981 0.211189 65.4284 18
 373.000000 -0.382559 1.6202 0.685011 0.243347 0.143981 0.211189 65.4284 18
 373.500000 -0.237815 1.69392 0.794887 -2.24201 0.143981 0.211189 65.4284 18
 374.000000 -0.68085 1.36303 0.38284 1.02726 0.143981 0.211189 65.4284 18
 374.500000 -0.519757 1.48396 0.541926 1.39336 0.143981 0.211189 65.4284 18
 375.000000 -0.641957 1.25812 0.344135 0.760777 0.14997 0.210702 66.4075 18
 375.500000 -0.531468 1.36067 0.468307 1.45506 0.14997 0.210702 66.4075 18
 376.000000 -0.521461 1.46317 0.529973 1.42026 0.14997 0.210702 66.4075 18
 376.500000 -0.385261 1.6868 0.714783 -0.308551 0.14997 0.210702 66.4075 18
 377.000000 -0.669817 1.38361 0.401124 1.16625 0.14997 0.210702 66.4075 18
 377.500000 -0.374758 1.53597 0.648229 0.722189 0.155355 0.210445 67.3768 18
 378.000000 -0.66631 1.25069 0.32509 0.665991 0.155355 0.210445 67.3768 18
 378.500000 -0.324045 1.65824 0.733797 -0.652949 0.155355 0.210445 67.3768 18
 379.000000 -0.472952 1.57253 0.613101 1.05889 0.155355 0.210445 67.3768 18
 379.500000 -0.678288 1.26997 0.329526 0.700628 0.155355 0.210445 67.3768 18
 380.000000 -0.642484 1.38319 0.416834 1.24393 0.168943 0.210784 68.2281 18
 380.500000 -0.831813 1.26092 0.230733 -0.516328 0.168943 0.210784 68.2281 18
 381.000000 -0.90914 1.18303 0.133097 -2.44948 0.168943 0.210784 68.2281 18
 381.500000 -1.02903 1.0732 -0.0169308 -5.0797 0.168943 0.210784 68.2281 18
 382.000000 -0.951124 1.07985 0.0382465 -3.90478 0.168943 0.210784 68.2281 18
 382.500000 -0.691357 1.23355 0.299586 0.425867 0.170962 0.210971 69.0761 18
 383.000000 -0.961627 0.869685 -0.113818 -6.78886 0.170962 0.210971 69.0761 18
 383.500000 -1.37783 0.391395 -0.762902 -15.7959 0.170962 0.210971 69.0761 18
 384.000000 -1.50114 0.549925 -0.725761 -15.6323 0.170962 0.210971 69.0761 18
 384.500000 -1.09641 0.617098 -0.389924 -10.7109 0.170962 0.210971 69.0761 18
 385.000000 -1.38068 0.798415 -0.451419 -11.6158 0.164089 0.210971 69.0761 18
 385.500000 -1.16096 0.65923 -0.402652 -10.8283 0.164089 0.210971 69.0761 18
 386.000000 -1.15731 0.792879 -0.300972 -9.44614 0.164089 0.210971 69.0761 18
 386.500000 -1.11041 0.87836 -0.207166 -8.48146 0.164089 0.210971 69.0761 18
 387.000000 -1.09634 0.691117 -0.334404 -9.86307 0.164089 0.210971 69.0761 18
 387.500000 -1.40586 0.592134 -0.625149 -14.3173 0.157263 0.210971 69.0761 18
 388.000000 -1.02135 0.520348 -0.411892 -10.9374 0.157263 0.210971 69.0761 18
 388.500000 -1.0769 0.996395 -0.101319 -6.60507 0.157263 0.210971 69.0761 18
 389.000000 -1.10651 0.822018 -0.245155 -8.94095 0.157263 0.210971 69.0761 18
 389.500000 -1.04053 0.951614 -0.108413 -6.70774 0.157263 0.210971 69.0761 18
 390.000000 -1.22642 0.6762 -0.435187 -11.2202 0.150483 0.210971 69.0761 18
 390.500000 -1.02299 0.882223 -0.145724 -7.33585 0.150483 0.210971 69.0761 18
 391.000000 -1.08701 0.892866 -0.181029 -8.02633 0.150483 0.210971 69.0761 18
 391.500000 -1.15214 0.713279 -0.356164 -10.172 0.150483 0.210971 69.0761 18
 392.000000 -0.990139 1.08599 0.0170927 -4.32537 0.150483 0.210971 69.0761 18
 392.500000 -1.09818 0.950928 -0.147362 -7.36692 0.143753 0.210971 69.0766 18
 393.000000 -0.990137 0.57243 -0.350915 -10.1241 0.143753 0.210971 69.0766 18
 393.500000 -1.22846 0.555952 -0.528135 -12.8754 0.143753 0.210971 69.0766 18
 394.000000 -1.27278 0.521728 -0.585689 -13.7849 0.143753 0.210971 69.0766 18
 394.500000 -1.47346 0.453696 -0.781696 -15.839 0.143753 0.210971 69.0766 18
 395.000000 -0.794348 0.365259 -0.376759 -10.4684 0.137064 0.210971 69.0766 18
 395.500000 -0.233627 0.459117 0.0568853 -3.60769 0.137064 0.210971 69.0766 18
 396.000000 -0.0984477 0.578359 0.225492 -0.559383 0.137064 0.210971 69.0766 18
 396.500000 -0.0935894 0.421403 0.115058 -2.79161 0.137064 0.210971 69.0766 18
 397.000000 0.0129386 0.503275 0.238684 -0.323367 0.137064 0.210971 69.0766 18
 397.500000 -0.0567537 0.473576 0.175489 -1.60427 0.131587 0.210606 69.2308 18
 398.000000 -0.064167 0.522725 0.206458 -0.903049 0.131587 0.210606 69.2308 18
 398.500000 -0.248361 0.424704 0.0223128 -4.2109 0.131587 0.210606 69.2308 18
 399.000000 -0.344152 0.47301 -0.00174854 -4.73556 0.131587 0.210606 69.2308 18
 399.500000 -0.117805 0.394775 0.080617 -3.21647 0.131587 0.210606 69.2308 18
 400.000000 0.0927489 0.494148 0.279507 0.265003 0.132526 0.21022 70.0021 18
 400.500000 -0.130755 0.459056 0.120031 -2.60512 0.132526 0.21022 70.0021 18
 401.000000 -0.211167 0.483042 0.0882954 -3.10966 0.132526 0.21022 70.0021 18
 401.500000 0.0223784 0.565401 0.28841 0.415396 0.132526 0.21022 70.0021 18
 402.000000 -0.166757 0.534146 0.152572 -1.98329 0.132526 0.21022 70.0021 18
 402.500000 -0.175449 0.43144 0.0723725 -3.34625 0.126171 0.210191 70.0302 18
 403.000000 0.081353 0.46138 0.249272 -0.0740842 0.126171 0.210191 70.0302 18
 403.500000 -0.475703 0.499064 -0.0657809 -6.0348 0.126171 0.210191 70.0302 18
 404.000000 -0.618062 0.513033 -0.147256 -7.2662 0.126171 0.210191 70.0302 18
 404.500000 -0.113677 0.560911 0.203926 -0.896491 0.126171 0.210191 70.0302 18
 405.000000 0.0914108 0.397063 0.20858 -0.801836 0.122237 0.210418 70.3579 18
 405.500000 -0.134295 0.474362 0.129045 -2.34666 0.122237 0.210418 70.3579 18
 406.000000 -0.0866391 0.33962 0.0586011 -3.46852 0.122237 0.210418 70.3579 18
 406.500000 0.00536036 0.607386 0.307749 0.58744 0.122237 0.210418 70.3579 18
 407.000000 -0.103482 0.369334 0.0704805 -3.29293 0.122237 0.210418 70.3579 18
 407.500000 0.118697 0.434882 0.252272 -0.0139053 0.121416 0.210023 70.9945 18
 408.000000 -0.117902 0.464267 0.131668 -2.25799 0.121416 0.210023 70.9945 18
 408.500000 -0.0176053 0.419508 0.15969 -1.65466 0.121416 0.210023 70.9945 18
 409.000000 -0.0700221 0.471574 0.166025 -1.51665 0.121416 0.210023 70.9945 18
 409.500000 -0.183629 0.50412 0.120557 -2.48055 0.121416 0.210023 70.9945 18
 410.000000 -0.366384 0.447457 -0.0346897 -5.40652 0.115011 0.210027 70.9981 18
 410.500000 -0.606789 0.438141 -0.196161 -8.17937 0.115011 0.210027 70.9981 18
 411.000000 -0.463314 0.445141 -0.0980282 -6.38016 0.115011 0.210027 70.9981 18
 411.500000 -0.411534 0.538362 0.00389526 -4.4741 0.115011 0.210027 70.9981 18
 412.000000 0.0228705 0.456057 0.210606 -0.610094 0.115011 0.210027 70.9981 18
 412.500000 -0.21976 0.515154 0.106403 -2.73935 0.10899 0.210012 71.0495 18
 413.000000 0.191888 0.554483 0.380021 1.06059 0.10899 0.210012 71.0495 18
 413.500000 -0.0523039 0.460335 0.168559 -1.45349 0.10899 0.210012 71.0495 18
 414.000000 -0.347529 0.464462 -0.0101928 -4.7695 0.10899 0.210012 71.0495 18
 414.500000 0.0973847 0.491217 0.280151 0.374327 0.10899 0.210012 71.0495 18
 415.000000 -0.000144526 0.424953 0.174184 -1.33475 0.104143 0.20964 71.2508 18
 415.500000 -0.0590633 0.472309 0.173176 -1.27927 0.104143 0.20964 71.2508 18
 416.000000 -0.236407 0.478484 0.0693909 -3.16633 0.104143 0.20964 71.2508 18
 416.500000 -0.256179 0.329001 -0.0543376 -5.71704 0.104143 0.20964 71.2508 18
 417.000000 -0.360681 0.450311 -0.0289705 -5.20432 0.104143 0.20964 71.2508 18
 417.500000 -0.0832844 0.459468 0.149192 -1.75569 0.0988187 0.209845 71.3856 18
 418.000000 -0.0878117 0.494766 0.172074 -1.26016 0.0988187 0.209845 71.3856 18
 418.500000 -0.136592 0.441374 0.103508 -2.4683 0.0988187 0.209845 71.3856 18
 419.000000 -0.24131 0.467419 0.0582376 -3.25111 0.0988187 0.209845 71.3856 18
 419.500000 -0.269027 0.487698 0.055947 -3.29538 0.0988187 0.209845 71.3856 18
 420.000000 -0.270597 0.423417 0.00751434 -4.39997 0.0926191 0.209844 71.3955 18
 420.500000 -0.173288 0.36401 0.0235898 -3.94827 0.0926191 0.209844 71.3955 18
 421.000000 -0.253997 0.534445 0.0993114 -2.53639 0.0926191 0.209844 71.3955 18
 421.500000 -0.111805 0.3487 0.0499803 -3.39524 0.0926191 0.209844 71.3955 18
 422.000000 0.189398 0.452579 0.306617 0.597872 0.0926191 0.209844 71.3955 18
 422.500000 -0.133171 0.423196 0.0922249 -2.65269 0.0867899 0.209789 71.4517 18
 423.000000 -0.328901 0.59661 0.0978007 -2.48883 0.0867899 0.209789 71.4517 18
 423.500000 -0.224589 0.425057 0.0373246 -3.54005 0.0867899 0.209789 71.4517 18
 424.000000 -0.519107 0.420566 -0.15241 -7.35903 0.0867899 0.209789 71.4517 18
 424.500000 -0.36429 0.41449 -0.0579784 -5.71082 0.0867899 0.209789 71.4517 18
 425.000000 -0.212247 0.458915 0.0699438 -2.92754 0.0809027 0.20974 71.4946 18
 425.500000 -0.151481 0.486999 0.127764 -1.9983 0.0809027 0.20974 71.4946 18
 426.000000 -0.435841 0.482283 -0.0528161 -5.5356 0.0809027 0.20974 71.4946 18
 426.500000 -0.476164 0.528647 -0.0442216 -5.34662 0.0809027 0.20974 71.4946 18
 427.000000 -0.928262 0.438957 -0.41069 -10.6798 0.0809027 0.20974 71.4946 18
 427.500000 -0.898264 0.536296 -0.315874 -9.64983 0.0747492 0.20974 71.4946 18
 428.000000 -0.978732 1.04873 -0.000688481 -4.27818 0.0747492 0.20974 71.4946 18
 428.500000 -0.860995 1.16025 0.148763 -1.65873 0.0747492 0.20974 71.4946 18
 429.000000 -1.11982 0.866057 -0.222365 -8.59159 0.0747492 0.20974 71.4946 18
 429.500000 -1.11608 0.602347 -0.414627 -10.6671 0.0747492 0.20974 71.4946 18
 430.000000 -1.5252 0.569281 -0.727897 -15.6056 0.068633 0.20974 71.4946 18
 430.500000 -1.35093 0.65969 -0.534652 -13.091 0.068633 0.20974 71.4946 18
 431.000000 -1.22579 0.608314 -0.48616 -11.8806 0.068633 0.20974 71.4946 18
 431.500000 -1.37171 0.495947 -0.675744 -14.8357 0.068633 0.20974 71.4946 18
 432.000000 -0.982526 0.998657 -0.037424 -5.18912 0.068633 0.20974 71.4946 18
 432.500000 -1.01188 1.09349 0.00799693 -4.06595 0.0626515 0.209739 71.5085 18
 433.000000 -0.493722 1.63945 0.634699 0.860578 0.0626515 0.209739 71.5085 18
 433.500000 -0.372049 1.56355 0.663286 0.567497 0.0626515 0.209739 71.5085 18
 434.000000 -0.576734 1.24713 0.376305 1.03606 0.0626515 0.209739 71.5085 18
 434.500000 -0.640631 1.42769 0.442896 1.38366 0.0626515 0.209739 71.5085 18
 435.000000 -0.835347 0.987189 0.0502838 -3.14508 0.0568543 0.20985 71.543 18
 435.500000 -0.507505 1.53998 0.577763 1.19348 0.0568543 0.20985 71.543 18
 436.000000 -0.367713 1.62364 0.694548 0.101282 0.0568543 0.20985 71.543 18
 436.500000 -0.497647 1.51035 0.567991 1.23494 0.0568543 0.20985 71.543 18
 437.000000 -0.684213 1.30648 0.347777 0.863398 0.0568543 0.20985 71.543 18
 437.500000 -0.762982 1.30098 0.297238 0.524328 0.0604166 0.209917 72.4438 18
 438.000000 -0.552584 1.4042 0.480415 1.43732 0.0604166 0.209917 72.4438 18
 438.500000 -0.767993 1.22646 0.248561 0.063946 0.0604166 0.209917 72.4438 18
 439.000000 -0.504788 1.46966 0.542752 1.32112 0.0604166 0.209917 72.4438 18
 439.500000 -0.685419 1.30579 0.346645 0.871672 0.0604166 0.209917 72.4438 18
 440.000000 -0.642954 1.28179 0.357667 0.930626 0.0686411 0.209536 73.4429 18
 440.500000 -0.886382 1.14512 0.122902 -2.09973 0.0686411 0.209536 73.4429 18
 441.000000 -0.963543 1.08554 0.034036 -3.34585 0.0686411 0.209536 73.4429 18
 441.500000 -0.688248 1.17659 0.266257 0.294016 0.0686411 0.209536 73.4429 18
 442.000000 -0.730013 1.3273 0.332781 0.844913 0.0686411 0.209536 73.4429 18
 442.500000 -0.825888 1.11525 0.141655 -1.81285 0.0636128 0.209633 73.5711 18
 443.000000 -0.966562 1.03438 -0.00251586 -4.13348 0.0636128 0.209633 73.5711 18
 443.500000 -0.70221 1.33519 0.354004 0.958633 0.0636128 0.209633 73.5711 18
 444.000000 -0.502818 1.44013 0.528142 1.35294 0.0636128 0.209633 73.5711 18
 444.500000 -0.609287 1.45609 0.476484 1.42296 0.0636128 0.209633 73.5711 18
 445.000000 -0.519943 1.48747 0.543671 1.30449 0.0779718 0.209368 74.331 18
 445.500000 -0.465528 1.5333 0.59744 1.09713 0.0779718 0.209368 74.331 18
 446.000000 -0.507894 1.52354 0.569122 1.24425 0.0779718 0.209368 74.331 18
 446.500000 -0.538577 1.51062 0.545395 1.33968 0.0779718 0.209368 74.331 18
 447.000000 -0.477109 1.52612 0.587424 1.1531 0.0779718 0.209368 74.331 18
 447.500000 -0.536415 1.43181 0.504703 1.42608 0.094502 0.210323 74.8928 18
 448.000000 -0.413548 1.48546 0.601555 1.05548 0.094502 0.210323 74.8928 18
 448.500000 -0.64118 1.39443 0.423954 1.27263 0.094502 0.210323 74.8928 18
 449.000000 -0.476201 1.49472 0.571772 1.2357 0.094502 0.210323 74.8928 18
 449.500000 -0.512471 1.48676 0.547467 1.35564 0.094502 0.210323 74.8928 18
 450.000000 -0.507092 1.47491 0.544233 1.36888 0.10937 0.210062 75.5911 18
 450.500000 -0.493097 1.58033 0.606012 1.03891 0.10937 0.210062 75.5911 18
 451.000000 -0.356772 1.56752 0.673434 0.352975 0.10937 0.210062 75.5911 18
 451.500000 -0.216851 1.69077 0.804315 -2.6148 0.10937 0.210062 75.5911 18
 452.000000 -0.486199 1.5107 0.574505 1.25347 0.10937 0.210062 75.5911 18
 452.500000 -0.561784 1.47272 0.512385 1.47868 0.12618 0.210479 76.0931 18
 453.000000 -0.672147 1.31177 0.358075 0.895639 0.12618 0.210479 76.0931 18
 453.500000 -0.653267 1.39825 0.419087 1.2162 0.12618 0.210479 76.0931 18
 454.000000 -0.434987 1.56242 0.628717 0.83302 0.12618 0.210479 76.0931 18
 454.500000 -0.32686 1.73393 0.76659 -1.61756 0.12618 0.210479 76.0931 18
 455.000000 -0.371099 1.63315 0.697245 -0.0537142 0.125233 0.210395 76.6913 18
 455.500000 -0.465972 1.49074 0.575374 1.24952 0.125233 0.210395 76.6913 18
 456.000000 -0.684093 1.2633 0.322032 0.690766 0.125233 0.210395 76.6913 18
 456.500000 -0.471054 1.505 0.579932 1.21759 0.125233 0.210395 76.6913 18
 457.000000 -0.519551 1.46495 0.531989 1.47363 0.125233 0.210395 76.6913 18
 457.500000 -0.5028 1.44828 0.53251 1.47211 0.141362 0.210149 77.2371 18
 458.000000 -0.610761 1.39411 0.441388 1.31002 0.141362 0.210149 77.2371 18
 458.500000 -0.637547 1.3567 0.404598 1.11589 0.141362 0.210149 77.2371 18
 459.000000 -0.669873 1.34103 0.376554 0.967292 0.141362 0.210149 77.2371 18
 459.500000 -0.566218 1.4168 0.479564 1.47494 0.141362 0.210149 77.2371 18
 460.000000 -0.546856 1.54692 0.55958 1.38046 0.1552 0.210305 77.9783 18
 460.500000 -0.693193 1.33541 0.359482 0.859907 0.1552 0.210305 77.9783 18
 461.000000 -0.613952 1.32719 0.401402 1.07893 0.1552 0.210305 77.9783 18
 461.500000 -0.599241 1.36192 0.429895 1.23169 0.1552 0.210305 77.9783 18
 462.000000 -0.92105 1.03864 0.0299237 -3.53839 0.1552 0.210305 77.9783 18
 462.500000 -0.998332 0.945831 -0.084493 -6.20266 0.149545 0.210303 77.9798 18
 463.000000 -1.06718 0.708012 -0.301971 -9.53923 0.149545 0.210303 77.9798 18
 463.500000 -1.34496 0.531588 -0.628941 -14.34 0.149545 0.210303 77.9798 18
 464.000000 -1.21829 0.532923 -0.538779 -13.3231 0.149545 0.210303 77.9798 18
 464.500000 -1.3345 0.598797 -0.569603 -13.8076 0.149545 0.210303 77.9798 18
 465.000000 -1.01315 0.947585 -0.0930677 -6.26613 0.14392 0.210301 77.9813 18
 465.500000 -1.01071 0.74382 -0.237351 -8.90812 0.14392 0.210301 77.9813 18
 466.000000 -1.33416 0.664337 -0.519341 -12.8654 0.14392 0.210301 77.9813 18
 466.500000 -0.820137 0.475794 -0.309127 -9.60387 0.14392 0.210301 77.9813 18
 467.000000 -0.352929 0.44757 -0.0261234 -4.82926 0.14392 0.210301 77.9813 18
 467.500000 -0.308528 0.548408 0.0756814 -2.75532 0.138627 0.210274 78.0287 18
 468.000000 -0.10641 0.448716 0.127297 -2.04261 0.138627 0.210274 78.0287 18
 468.500000 -0.0568943 0.472864 0.174887 -1.32578 0.138627 0.210274 78.0287 18
 469.000000 0.0671745 0.452142 0.234189 -0.283968 0.138627 0.210274 78.0287 18
 469.500000 -0.433938 0.469383 -0.0611867 -5.57982 0.138627 0.210274 78.0287 18
 470.000000 -0.758741 0.329855 -0.380287 -10.4264 0.133056 0.210274 78.0287 18
 470.500000 -0.128563 0.557596 0.192569 -1.01198 0.133056 0.210274 78.0287 18
 471.000000 0.205902 0.489776 0.342736 0.771714 0.133056 0.210274 78.0287 18
 471.500000 -0.0681208 0.516425 0.199559 -0.885369 0.133056 0.210274 78.0287 18
 472.000000 -0.031118 0.403101 0.139488 -1.88033 0.133056 0.210274 78.0287 18
 472.500000 -0.0415867 0.531765 0.226475 -0.410492 0.130737 0.211028 78.4674 18
 473.000000 0.0642796 0.465494 0.242101 -0.122621 0.130737 0.211028 78.4674 18
 473.500000 -0.193758 0.49829 0.110113 -2.25459 0.130737 0.211028 78.4674 18
 474.000000 -0.230874 0.564918 0.135509 -1.90137 0.130737 0.211028 78.4674 18
 474.500000 -0.409121 0.5001 -0.0226894 -4.67188 0.130737 0.211028 78.4674 18
 475.000000 -0.109306 0.471718 0.142326 -1.79525 0.126032 0.211095 78.5893 18
 475.500000 -0.0132404 0.466127 0.19627 -0.846139 0.126032 0.211095 78.5893 18
 476.000000 -0.0250542 0.47268 0.193921 -0.886189 0.126032 0.211095 78.5893 18
 476.500000 -0.202083 0.507784 0.111908 -2.13943 0.126032 0.211095 78.5893 18
 477.000000 -0.287757 0.448056 0.0150908 -3.77862 0.126032 0.211095 78.5893 18
 477.500000 -0.516128 0.580147 -0.0319564 -4.96095 0.120586 0.211101 78.5946 18
 478.000000 -0.256504 0.541049 0.102546 -2.25732 0.120586 0.211101 78.5946 18
 478.500000 -0.103585 0.460861 0.137889 -1.79432 0.120586 0.211101 78.5946 18
 479.000000 0.305993 0.566908 0.454161 1.34844 0.120586 0.211101 78.5946 18
 479.500000 -0.0174533 0.476322 0.201118 -0.763958 0.120586 0.211101 78.5946 18
 480.000000 -0.193365 0.4082 0.0441317 -3.14979 0.115344 0.211131 78.6268 18
 480.500000 -0.412924 0.465029 -0.0510711 -5.23842 0.115344 0.211131 78.6268 18
 481.000000 -0.0289694 0.462579 0.184248 -1.05195 0.115344 0.211131 78.6268 18
 481.500000 -0.0975361 0.554192 0.208868 -0.634483 0.115344 0.211131 78.6268 18
 482.000000 -0.18794 0.568139 0.164059 -1.39158 0.115344 0.211131 78.6268 18
 482.500000 -0.492555 0.421878 -0.134283 -6.86762 0.109929 0.211132 78.6276 18
 483.000000 -0.111985 0.506963 0.166253 -1.35553 0.109929 0.211132 78.6276 18
 483.500000 0.00399437 0.468133 0.208052 -0.648035 0.109929 0.211132 78.6276 18
 484.000000 -0.221124 0.511763 0.103102 -2.24003 0.109929 0.211132 78.6276 18
 484.500000 0.175776 0.532638 0.355405 0.831129 0.109929 0.211132 78.6276 18
 485.000000 0.083575 0.414764 0.21683 -0.504227 0.107459 0.211342 79.0333 18
 485.500000 -0.186366 0.506964 0.120946 -2.00475 0.107459 0.211342 79.0333 18
 486.000000 -0.238007 0.504564 0.0874637 -2.441 0.107459 0.211342 79.0333 18
 486.500000 -0.490116 0.506762 -0.0692929 -5.60926 0.107459 0.211342 79.0333 18
 487.000000 -0.139949 0.465613 0.119213 -2.02876 0.107459 0.211342 79.0333 18
 487.500000 -0.251654 0.494502 0.0716899 -2.65301 0.102437 0.211463 79.0861 18
 488.000000 -0.126746 0.465719 0.127341 -1.89989 0.102437 0.211463 79.0861 18
 488.500000 0.0290003 0.423723 0.190773 -0.864961 0.102437 0.211463 79.0861 18
 489.000000 0.0392315 0.548117 0.286194 0.382887 0.102437 0.211463 79.0861 18
 489.500000 -0.0962071 0.424731 0.115913 -2.05114 0.102437 0.211463 79.0861 18
 490.000000 0.0898923 0.423302 0.226798 -0.30358 0.100661 0.211884 79.5689 18
 490.500000 0.0712724 0.551314 0.307359 0.546772 0.100661 0.211884 79.5689 18
 491.000000 0.128804 0.542373 0.334835 0.713055 0.100661 0.211884 79.5689 18
 491.500000 -0.319761 0.432118 -0.0167653 -4.35157 0.100661 0.211884 79.5689 18
 492.000000 -0.00455028 0.407329 0.158627 -1.35796 0.100661 0.211884 79.5689 18
 492.500000 -0.0249542 0.440706 0.170754 -1.13798 0.0968957 0.211588 79.7982 18
 493.000000 0.117856 0.413794 0.236489 -0.113279 0.0968957 0.211588 79.7982 18
 493.500000 -0.227175 0.454966 0.0578197 -2.76362 0.0968957 0.211588 79.7982 18
 494.000000 -0.0493385 0.51018 0.206369 -0.506876 0.0968957 0.211588 79.7982 18
 494.500000 0.236745 0.550322 0.403043 1.06989 0.0968957 0.211588 79.7982 18
 495.000000 -0.304779 0.427543 -0.0107781 -4.19338 0.0916912 0.21161 79.8097 18
 495.500000 -0.095316 0.418252 0.111688 -2.0344 0.0916912 0.21161 79.8097 18
 496.000000 0.140007 0.489719 0.304173 0.524912 0.0916912 0.21161 79.8097 18
 496.500000 -0.27295 0.491473 0.0562795 -2.78093 0.0916912 0.21161 79.8097 18
 497.000000 -0.182374 0.515435 0.129529 -1.76446 0.0916912 0.21161 79.8097 18
 497.500000 -0.180764 0.419934 0.0605993 -2.71711 0.086759 0.21164 79.8595 18
 498.000000 0.0786634 0.600017 0.345731 0.770853 0.086759 0.21164 79.8595 18
 498.500000 0.0375505 0.504504 0.254211 0.0870428 0.086759 0.21164 79.8595 18
 499.000000 -0.0199148 0.47447 0.198302 -0.624499 0.086759 0.21164 79.8595 18
 499.500000 -0.163925 0.398054 0.0547476 -2.73069 0.086759 0.21164 79.8595 18
 500.000000 0.127404 0.539671 0.332118 0.697326 0.0911321 0.211598 80.8052 18
