#! FIELDS time p.x p.y cv.node-0 opes.bias opes.rct opes.zed opes.neff opes.nker
 0.000000 -0.7 1.4 0.00044012 -16 -16 1 1 0
 0.500000 -0.792893 1.17208 0.590915 -16 -16 1 1 0
 1.000000 -0.64946 1.38578 -0.0560425 -16 -16 1 1 0
 1.500000 -0.485271 1.55964 -0.562094 -16 -16 1 1 0
 2.000000 -0.415574 1.50748 -0.593083 -16 -16 1 1 0
 2.500000 -0.516923 1.54634 -0.504077 -16 -16 1 1 0
 3.000000 -0.599669 1.44877 -0.242524 -16 -16 1 1 0
 3.500000 -0.655368 1.33647 0.040595 -16 -16 1 1 0
 4.000000 -0.52221 1.50723 -0.444818 -16 -16 1 1 0
 4.500000 -0.648828 1.38303 -0.0522972 -16 -16 1 1 0
 5.000000 -0.442094 1.54229 -0.597255 -16 -16 1 1 0
 5.500000 -0.597741 1.40179 -0.170123 -16 -16 1 1 0
 6.000000 -0.499025 1.45761 -0.412407 -16 -16 1 1 0
 6.500000 -0.610286 1.37887 -0.111209 -16 -16 1 1 0
 7.000000 -0.72339 1.27349 0.276689 -16 -16 1 1 0
 7.500000 -0.565332 1.41789 -0.249621 -16 -16 1 1 0
 8.000000 -0.568188 1.41414 -0.239141 -16 -16 1 1 0
 8.500000 -0.557128 1.36723 -0.18655 -16 -16 1 1 0
 9.000000 -0.489691 1.58119 -0.582745 -16 -16 1 1 0
 9.500000 -0.536371 1.56333 -0.50113 -16 -16 1 1 0
 10.000000 -0.573924 1.47443 -0.32201 -16 -16 1 1 0
 10.500000 -0.560815 1.30948 -0.0915376 -16 -16 1 1 0
 11.000000 -0.609283 1.39845 -0.145203 -16 -16 1 1 0
 11.500000 -0.413306 1.56208 -0.655474 -16 -16 1 1 0
 12.000000 -0.582509 1.34702 -0.10923 -16 -16 1 1 0
 12.500000 -0.76915 1.25027 0.401302 -16 -16 1 1 0
 13.000000 -0.445026 1.63036 -0.691662 -16 -16 1 1 0
 13.500000 -0.613023 1.47788 -0.268898 -16 -16 1 1 0
 14.000000 -0.552932 1.42363 -0.27874 -16 -16 1 1 0
 14.500000 -0.537974 1.38541 -0.247472 -16 -16 1 1 0
 15.000000 -0.517857 1.42605 -0.339576 -16 -16 1 1 0
 15.500000 -0.460554 1.45309 -0.465182 -16 -16 1 1 0
 16.000000 -0.480625 1.47703 -0.46535 -16 -16 1 1 0
 16.500000 -0.624622 1.27539 0.0872441 -16 -16 1 1 0
 17.000000 -0.644759 1.42607 -0.133695 -16 -16 1 1 0
 17.500000 -0.623668 1.43921 -0.189268 -16 -16 1 1 0
 18.000000 -0.470451 1.55783 -0.578881 -16 -16 1 1 0
 18.500000 -0.612148 1.46544 -0.250121 -16 -16 1 1 0
 19.000000 -0.656231 1.44084 -0.141411 -16 -16 1 1 0
 19.500000 -0.464779 1.52488 -0.546912 -16 -16 1 1 0
 20.000000 -0.681669 1.16143 0.393012 -16 -16 1 1 0
 20.500000 -0.757759 1.19776 0.479243 -16 -16 1 1 0
 21.000000 -0.43974 1.57439 -0.636386 -16 -16 1 1 0
 21.500000 -0.620657 1.28365 0.0658219 -16 -16 1 1 0
 22.000000 -0.62194 1.38447 -0.100442 -16 -16 1 1 0
 22.500000 -0.606933 1.42067 -0.185515 -16 -16 1 1 0
 23.000000 -0.556514 1.42188 -0.270222 -16 -16 1 1 0
 23.500000 -0.672126 1.27342 0.182248 -16 -16 1 1 0
 24.000000 -0.410616 1.56622 -0.663196 -16 -16 1 1 0
 24.500000 -0.68822 1.30538 0.154972 -16 -16 1 1 0
 25.000000 -0.513804 1.49766 -0.443966 -16 -16 0.472044 1 1
 25.500000 -0.508298 1.4159 -0.341099 -0.0445407 -16 0.472044 1 1
 26.000000 -0.669475 1.23644 0.241363 -1.97699 -16 0.472044 1 1
 26.500000 -1.01187 1.02773 1.23276 -11.834 -16 0.472044 1 1
 27.000000 -1.06991 0.942873 1.48544 -15.6694 -16 0.472044 1 1
 27.500000 -1.06986 0.907988 1.5502 -16 -16 0.315778 1 2
 28.000000 -0.581941 1.44538 -0.265078 -0.137919 -16 0.315778 1 2
 28.500000 -0.800881 1.22903 0.496862 -3.45243 -16 0.315778 1 2
 29.000000 -0.762737 1.10317 0.656307 -3.2639 -16 0.315778 1 2
 29.500000 -0.562197 1.50863 -0.389919 -0.0155137 -16 0.315778 1 2
 30.000000 -0.820517 1.20761 0.571858 -3.55486 -4.94114 0.335052 1.05712 3
 30.500000 -0.306487 1.63655 -0.84903 -8.30069 -4.94114 0.335052 1.05712 3
 31.000000 -0.467742 1.52721 -0.545727 -4.76777 -4.94114 0.335052 1.05712 3
 31.500000 -0.289328 1.65248 -0.880774 -8.70991 -4.94114 0.335052 1.05712 3
 32.000000 -0.300024 1.70507 -0.914777 -9.15315 -4.94114 0.335052 1.05712 3
 32.500000 -0.609279 1.47017 -0.262082 -2.20524 -3.58409 0.356415 1.28029 3
 33.000000 -0.753915 1.32059 0.239312 -0.0964314 -3.58409 0.356415 1.28029 3
 33.500000 -0.485396 1.5811 -0.587935 0.243057 -3.58409 0.356415 1.28029 3
 34.000000 -0.625482 1.26017 0.114142 0.2198 -3.58409 0.356415 1.28029 3
 34.500000 -0.473935 1.53018 -0.54102 0.393353 -3.58409 0.356415 1.28029 3
 35.000000 -0.39355 1.52569 -0.641703 0.0422615 -1.62457 0.403793 2.2659 4
 35.500000 -0.689908 1.30714 0.15481 -1.85231 -1.62457 0.403793 2.2659 4
 36.000000 -0.58893 1.47839 -0.305565 0.303059 -1.62457 0.403793 2.2659 4
 36.500000 -0.712531 1.28122 0.242896 -2.16008 -1.62457 0.403793 2.2659 4
 37.000000 -0.720483 1.3571 0.11413 -1.68172 -1.62457 0.403793 2.2659 4
 37.500000 -0.86268 1.15776 0.739703 -2.76348 -1.72674 0.39917 2.39425 4
 38.000000 -0.732605 1.36187 0.124548 -1.7347 -1.72674 0.39917 2.39425 4
 38.500000 -0.479535 1.65795 -0.684096 0.905146 -1.72674 0.39917 2.39425 4
 39.000000 -0.740195 1.27961 0.294958 -1.9802 -1.72674 0.39917 2.39425 4
 39.500000 -0.66772 1.31319 0.1039 -1.65752 -1.72674 0.39917 2.39425 4
 40.000000 -0.589974 1.36948 -0.131569 -0.520768 -1.47016 0.360724 3.27924 4
 40.500000 -0.715756 1.24468 0.315591 -1.1776 -1.47016 0.360724 3.27924 4
 41.000000 -0.469299 1.51531 -0.529174 0.718786 -1.47016 0.360724 3.27924 4
 41.500000 -0.734971 1.2252 0.386791 -1.47963 -1.47016 0.360724 3.27924 4
 42.000000 -0.776887 1.21532 0.481346 -1.68006 -1.47016 0.360724 3.27924 4
 42.500000 -0.772373 1.2442 0.418527 -1.5746 -1.48124 0.315013 3.71035 5
 43.000000 -0.513918 1.46535 -0.400085 0.703638 -1.48124 0.315013 3.71035 5
 43.500000 -0.380426 1.59778 -0.731403 0.622544 -1.48124 0.315013 3.71035 5
 44.000000 -0.579342 1.30129 -0.0430352 0.391795 -1.48124 0.315013 3.71035 5
 44.500000 -0.959502 1.13762 0.934088 -1.82467 -1.48124 0.315013 3.71035 5
 45.000000 -0.708229 1.18543 0.406166 -0.374146 -1.29679 0.344623 4.68824 5
 45.500000 -0.590678 1.42795 -0.223699 0.267378 -1.29679 0.344623 4.68824 5
 46.000000 -0.619199 1.34991 -0.0473063 0.121303 -1.29679 0.344623 4.68824 5
 46.500000 -0.623388 1.34357 -0.0291054 0.105324 -1.29679 0.344623 4.68824 5
 47.000000 -0.623801 1.39882 -0.121421 0.191025 -1.29679 0.344623 4.68824 5
 47.500000 -0.420695 1.50303 -0.581209 0.389781 -0.960257 0.351893 5.26745 5
 48.000000 -0.667564 1.33407 0.0665328 -0.354722 -0.960257 0.351893 5.26745 5
 48.500000 -0.650325 1.34442 0.0177196 -0.334499 -0.960257 0.351893 5.26745 5
 49.000000 -0.767018 1.31802 0.265707 -0.102637 -0.960257 0.351893 5.26745 5
 49.500000 -0.619523 1.36507 -0.0720962 -0.210749 -0.960257 0.351893 5.26745 5
 50.000000 -0.657985 1.32735 0.0613054 -0.354481 -0.893169 0.35421 6.19025 5
 50.500000 -0.658307 1.28658 0.133127 0.252709 -0.893169 0.35421 6.19025 5
 51.000000 -0.491317 1.58419 -0.584368 0.738901 -0.893169 0.35421 6.19025 5
 51.500000 -0.595018 1.50203 -0.333213 0.399958 -0.893169 0.35421 6.19025 5
 52.000000 -0.785289 1.28135 0.368094 0.0886472 -0.893169 0.35421 6.19025 5
 52.500000 -0.684396 1.36197 0.0452536 0.299056 -0.730632 0.366929 7.06186 5
 53.000000 -0.478256 1.46549 -0.454153 0.344959 -0.730632 0.366929 7.06186 5
 53.500000 -0.626141 1.47317 -0.24177 0.298309 -0.730632 0.366929 7.06186 5
 54.000000 -0.522118 1.37275 -0.256873 0.273415 -0.730632 0.366929 7.06186 5
 54.500000 -0.465502 1.54815 -0.573747 0.463354 -0.730632 0.366929 7.06186 5
 55.000000 -0.879314 1.07036 0.932726 -2.71515 -0.794222 0.355818 7.18699 5
 55.500000 -0.517314 1.4443 -0.365858 0.252836 -0.794222 0.355818 7.18699 5
 56.000000 -0.644363 1.43068 -0.142267 0.530794 -0.794222 0.355818 7.18699 5
 56.500000 -0.584745 1.35951 -0.124996 0.567346 -0.794222 0.355818 7.18699 5
 57.000000 -0.434817 1.42544 -0.470754 0.387661 -0.794222 0.355818 7.18699 5
 57.500000 -0.630377 1.50232 -0.283443 0.258754 -0.676963 0.38474 8.12722 6
 58.000000 -0.591973 1.42076 -0.210151 0.615084 -0.676963 0.38474 8.12722 6
 58.500000 -0.614427 1.38282 -0.110589 0.619158 -0.676963 0.38474 8.12722 6
 59.000000 -0.518808 1.45353 -0.376321 0.521856 -0.676963 0.38474 8.12722 6
 59.500000 -0.530838 1.53389 -0.468892 0.442608 -0.676963 0.38474 8.12722 6
 60.000000 -0.555703 1.47389 -0.348726 0.54435 -0.537655 0.39635 8.8328 6
 60.500000 -0.609131 1.40848 -0.16194 0.658751 -0.537655 0.39635 8.8328 6
 61.000000 -0.804736 1.23966 0.482611 -0.714338 -0.537655 0.39635 8.8328 6
 61.500000 -1.31948 0.646821 2.41682 -15.9774 -0.537655 0.39635 8.8328 6
 62.000000 -1.25884 0.727143 2.1777 -15.2427 -0.537655 0.39635 8.8328 6
 62.500000 -1.27817 0.693195 2.26926 -15.851 -0.59828 0.339729 8.8328 7
 63.000000 -1.13547 0.545736 2.27406 -14.8982 -0.59828 0.339729 8.8328 7
 63.500000 -1.18828 0.777384 1.97668 -12.0379 -0.59828 0.339729 8.8328 7
 64.000000 -1.23818 0.801685 2.00823 -12.5499 -0.59828 0.339729 8.8328 7
 64.500000 -1.22828 0.713776 2.15438 -14.5047 -0.59828 0.339729 8.8328 7
 65.000000 -1.22128 0.752661 2.07317 -13.5689 -0.655438 0.297263 8.8328 8
 65.500000 -1.16593 0.704341 2.06961 -12.598 -0.655438 0.297263 8.8328 8
 66.000000 -1.27095 0.837619 1.98777 -11.8504 -0.655438 0.297263 8.8328 8
 66.500000 -1.23766 0.644722 2.29147 -13.5785 -0.655438 0.297263 8.8328 8
 67.000000 -1.25451 0.736572 2.1538 -12.9845 -0.655438 0.297263 8.8328 8
 67.500000 -1.196 0.784104 1.97651 -11.7126 -0.709505 0.297263 8.83282 8
 68.000000 -1.18099 0.778778 1.96266 -10.8143 -0.709505 0.297263 8.83282 8
 68.500000 -1.15046 0.86222 1.76177 -8.66432 -0.709505 0.297263 8.83282 8
 69.000000 -0.997867 0.878006 1.4821 -5.46646 -0.709505 0.297263 8.83282 8
 69.500000 -1.32018 0.776729 2.17599 -11.7142 -0.709505 0.297263 8.83282 8
 70.000000 -1.11886 0.720079 1.96245 -10.8131 -0.760796 0.297263 8.83285 8
 70.500000 -1.43301 0.612858 2.64874 -15.5224 -0.760796 0.297263 8.83285 8
 71.000000 -1.43772 0.694203 2.50217 -13.9421 -0.760796 0.297263 8.83285 8
 71.500000 -1.30126 0.477839 2.68231 -15.7198 -0.760796 0.297263 8.83285 8
 72.000000 -1.14533 0.410519 2.49603 -13.8649 -0.760796 0.297263 8.83285 8
 72.500000 -1.26899 0.412489 2.73216 -15.8881 -0.809586 0.264234 8.83285 9
 73.000000 -1.23442 0.503565 2.52352 -13.9759 -0.809586 0.264234 8.83285 9
 73.500000 -1.29329 0.55636 2.53552 -14.0951 -0.809586 0.264234 8.83285 9
 74.000000 -1.02189 0.736954 1.75881 -8.45502 -0.809586 0.264234 8.83285 9
 74.500000 -1.40433 0.577151 2.67203 -14.8133 -0.809586 0.264234 8.83285 9
 75.000000 -1.28396 0.509501 2.59981 -14.584 -0.856106 0.264234 8.83285 9
 75.500000 -1.03995 0.84537 1.61194 -6.70966 -0.856106 0.264234 8.83285 9
 76.000000 -1.21567 0.768449 2.03566 -10.1074 -0.856106 0.264234 8.83285 9
 76.500000 -1.30481 0.62176 2.43919 -12.8273 -0.856106 0.264234 8.83285 9
 77.000000 -1.27487 0.577526 2.46883 -13.0621 -0.856106 0.264234 8.83285 9
 77.500000 -1.14293 0.83969 1.79172 -8.83108 -0.900542 0.29721 8.8331 8
 78.000000 -1.14063 0.735744 1.97296 -8.81256 -0.900542 0.29721 8.8331 8
 78.500000 -1.14337 0.531941 2.31045 -11.2244 -0.900542 0.29721 8.8331 8
 79.000000 -1.10017 0.763689 1.85613 -8.42526 -0.900542 0.29721 8.8331 8
 79.500000 -1.06996 0.828207 1.69317 -7.51736 -0.900542 0.29721 8.8331 8
 80.000000 -1.11249 0.83867 1.74505 -7.91263 -0.943063 0.297208 8.83373 8
 80.500000 -1.09899 0.913983 1.58517 -6.33866 -0.943063 0.297208 8.83373 8
 81.000000 -1.2645 0.426747 2.70128 -13.8803 -0.943063 0.297208 8.83373 8
 81.500000 -1.71702 0.401114 3.45158 -15.9981 -0.943063 0.297208 8.83373 8
 82.000000 -1.30843 0.607059 2.47103 -12.9127 -0.943063 0.297208 8.83373 8
 82.500000 -1.3087 0.627583 2.43484 -12.5002 -0.983884 0.297208 8.83373 8
 83.000000 -1.06337 0.99052 1.38437 -4.59834 -0.983884 0.297208 8.83373 8
 83.500000 -0.559857 1.43668 -0.287007 1.08386 -0.983884 0.297208 8.83373 8
 84.000000 -0.580197 1.35358 -0.123827 0.864051 -0.983884 0.297208 8.83373 8
 84.500000 -0.569881 1.37623 -0.177728 0.954792 -0.983884 0.297208 8.83373 8
 85.000000 -0.646692 1.4252 -0.129123 0.872973 -0.795059 0.317117 9.09376 8
 85.500000 -0.445695 1.51468 -0.560631 0.469901 -0.795059 0.317117 9.09376 8
 86.000000 -0.336846 1.67924 -0.855306 -0.619193 -0.795059 0.317117 9.09376 8
 86.500000 -0.679681 1.36956 0.0235239 0.815958 -0.795059 0.317117 9.09376 8
 87.000000 -0.837326 1.23759 0.540258 -0.902297 -0.795059 0.317117 9.09376 8
 87.500000 -0.588643 1.45248 -0.265621 1.09477 -0.606024 0.330916 9.23801 8
 88.000000 -0.487593 1.52916 -0.521362 0.59085 -0.606024 0.330916 9.23801 8
 88.500000 -0.537938 1.50654 -0.421486 0.922464 -0.606024 0.330916 9.23801 8
 89.000000 -0.532129 1.53851 -0.473386 0.762117 -0.606024 0.330916 9.23801 8
 89.500000 -0.442711 1.58887 -0.648876 0.0896194 -0.606024 0.330916 9.23801 8
 90.000000 -0.406601 1.57795 -0.680445 -0.0379477 -0.579073 0.320138 10.0555 8
 90.500000 -0.462406 1.5453 -0.574399 0.527038 -0.579073 0.320138 10.0555 8
 91.000000 -0.40923 1.58981 -0.689734 0.185227 -0.579073 0.320138 10.0555 8
 91.500000 -0.504774 1.46424 -0.412501 0.964796 -0.579073 0.320138 10.0555 8
 92.000000 -0.755732 1.1662 0.532475 -1.15618 -0.579073 0.320138 10.0555 8
 92.500000 -0.529725 1.50704 -0.43388 0.915421 -0.466451 0.326548 10.8475 8
 93.000000 -0.406052 1.52942 -0.629574 0.499124 -0.466451 0.326548 10.8475 8
 93.500000 -0.754452 1.21329 0.444613 -1.02532 -0.466451 0.326548 10.8475 8
 94.000000 -0.662706 1.32833 0.0680568 0.419462 -0.466451 0.326548 10.8475 8
 94.500000 -0.909709 1.06274 0.999526 -3.16338 -0.466451 0.326548 10.8475 8
 95.000000 -0.7157 1.29559 0.221935 -0.193434 -0.456041 0.332591 11.5678 8
 95.500000 -0.57995 1.3917 -0.184357 1.02784 -0.456041 0.332591 11.5678 8
 96.000000 -0.359317 1.53415 -0.693528 0.18921 -0.456041 0.332591 11.5678 8
 96.500000 -0.220852 1.82379 -1.08495 -2.31835 -0.456041 0.332591 11.5678 8
 97.000000 -0.49539 1.42794 -0.378454 1.07758 -0.456041 0.332591 11.5678 8
 97.500000 -0.438197 1.51376 -0.569713 0.649406 -0.392897 0.336621 12.5576 8
 98.000000 -0.366462 1.63874 -0.786791 -0.0446557 -0.392897 0.336621 12.5576 8
 98.500000 -0.667501 1.30203 0.123238 0.209667 -0.392897 0.336621 12.5576 8
 99.000000 -0.898261 1.16444 0.784731 -2.48177 -0.392897 0.336621 12.5576 8
 99.500000 -0.476546 1.57574 -0.592483 0.707413 -0.392897 0.336621 12.5576 8
 100.000000 -0.643214 1.36141 -0.0243308 0.610068 -0.340354 0.332892 13.5549 8
 100.500000 -0.680042 1.32286 0.108762 0.405277 -0.340354 0.332892 13.5549 8
 101.000000 -0.574849 1.44189 -0.270938 1.03776 -0.340354 0.332892 13.5549 8
 101.500000 -0.785451 1.30609 0.319124 -0.344547 -0.340354 0.332892 13.5549 8
 102.000000 -0.36754 1.55737 -0.706488 0.253134 -0.340354 0.332892 13.5549 8
 102.500000 -0.66723 1.29255 0.139441 0.308973 -0.313026 0.347375 14.5072 8
 103.000000 -0.684692 1.31081 0.138808 0.433561 -0.313026 0.347375 14.5072 8
 103.500000 -0.660182 1.32332 0.0723494 0.579533 -0.313026 0.347375 14.5072 8
 104.000000 -0.667554 1.32045 0.090735 0.542153 -0.313026 0.347375 14.5072 8
 104.500000 -0.581342 1.47716 -0.315018 0.954488 -0.313026 0.347375 14.5072 8
 105.000000 -0.752969 1.34029 0.199192 0.273427 -0.289838 0.347634 15.4512 8
 105.500000 -0.531378 1.46524 -0.373289 0.878007 -0.289838 0.347634 15.4512 8
 106.000000 -0.690785 1.25497 0.250186 0.273249 -0.289838 0.347634 15.4512 8
 106.500000 -0.806096 1.22989 0.504027 -0.901736 -0.289838 0.347634 15.4512 8
 107.000000 -0.978789 1.1195 1.00014 -3.61159 -0.289838 0.347634 15.4512 8
 107.500000 -0.800033 1.17624 0.596034 -1.55585 -0.310567 0.3497 15.6834 8
 108.000000 -0.811601 1.01641 0.899651 -2.84235 -0.310567 0.3497 15.6834 8
 108.500000 -0.858858 1.06083 0.913258 -2.90624 -0.310567 0.3497 15.6834 8
 109.000000 -0.627552 1.40581 -0.126963 0.822487 -0.310567 0.3497 15.6834 8
 109.500000 -0.713502 1.30257 0.205079 0.383291 -0.310567 0.3497 15.6834 8
 110.000000 -0.697264 1.23797 0.292677 0.138341 -0.294951 0.344676 16.5811 8
 110.500000 -0.660718 1.28057 0.148132 0.573872 -0.294951 0.344676 16.5811 8
 111.000000 -0.519622 1.37999 -0.271573 0.864489 -0.294951 0.344676 16.5811 8
 111.500000 -0.591248 1.43556 -0.234842 0.855798 -0.294951 0.344676 16.5811 8
 112.000000 -0.593181 1.45668 -0.265177 0.863577 -0.294951 0.344676 16.5811 8
 112.500000 -0.53375 1.53142 -0.461589 0.736014 -0.247351 0.350353 17.5263 8
 113.000000 -0.781179 1.17477 0.564583 -1.06926 -0.247351 0.350353 17.5263 8
 113.500000 -0.399393 1.63985 -0.752085 -0.0985806 -0.247351 0.350353 17.5263 8
 114.000000 -0.383445 1.55713 -0.686948 0.205696 -0.247351 0.350353 17.5263 8
 114.500000 -0.500805 1.41739 -0.355424 0.917061 -0.247351 0.350353 17.5263 8
 115.000000 -0.393269 1.52608 -0.642472 0.381857 -0.224557 0.345721 18.5072 8
 115.500000 -0.232944 1.76607 -1.02874 -1.9961 -0.224557 0.345721 18.5072 8
 116.000000 -0.578499 1.42249 -0.234995 0.826263 -0.224557 0.345721 18.5072 8
 116.500000 -0.42412 1.4791 -0.549368 0.746022 -0.224557 0.345721 18.5072 8
 117.000000 -0.683515 1.39391 -0.0145572 0.601306 -0.224557 0.345721 18.5072 8
 117.500000 -0.459185 1.55155 -0.585909 0.667101 -0.18832 0.34733 19.4862 8
 118.000000 -0.3155 1.60687 -0.813003 -0.146218 -0.18832 0.34733 19.4862 8
 118.500000 -0.435195 1.54526 -0.609503 0.7101 -0.18832 0.34733 19.4862 8
 119.000000 -0.512484 1.51564 -0.469769 0.900949 -0.18832 0.34733 19.4862 8
 119.500000 -0.60795 1.44547 -0.224244 0.764712 -0.18832 0.34733 19.4862 8
 120.000000 -0.441741 1.47766 -0.52264 0.858885 -0.143115 0.356299 20.3539 8
 120.500000 -0.734199 1.23823 0.361483 -0.202297 -0.143115 0.356299 20.3539 8
 121.000000 -0.701454 1.3456 0.104195 0.347707 -0.143115 0.356299 20.3539 8
 121.500000 -0.507758 1.5002 -0.45602 0.950003 -0.143115 0.356299 20.3539 8
 122.000000 -0.565294 1.40457 -0.229336 0.717724 -0.143115 0.356299 20.3539 8
 122.500000 -0.548855 1.40232 -0.253779 0.754812 -0.108254 0.357767 21.3112 8
 123.000000 -0.636718 1.41291 -0.124008 0.635048 -0.108254 0.357767 21.3112 8
 123.500000 -0.303235 1.66123 -0.873912 -0.674407 -0.108254 0.357767 21.3112 8
 124.000000 -0.397209 1.55691 -0.669854 0.546867 -0.108254 0.357767 21.3112 8
 124.500000 -0.465687 1.50994 -0.527615 0.898925 -0.108254 0.357767 21.3112 8
 125.000000 -0.588884 1.36983 -0.134057 0.652058 -0.0814977 0.362779 22.3048 8
 125.500000 -0.503851 1.49623 -0.456391 0.916787 -0.0814977 0.362779 22.3048 8
 126.000000 -0.574526 1.3908 -0.192291 0.803998 -0.0814977 0.362779 22.3048 8
 126.500000 -0.669894 1.36675 0.0121183 0.502408 -0.0814977 0.362779 22.3048 8
 127.000000 -0.596134 1.39456 -0.161179 0.765562 -0.0814977 0.362779 22.3048 8
 127.500000 -0.48433 1.53361 -0.531296 0.840538 -0.046885 0.367131 23.2202 8
 128.000000 -0.501002 1.54058 -0.517781 0.918295 -0.046885 0.367131 23.2202 8
 128.500000 -0.447866 1.53775 -0.584533 0.813407 -0.046885 0.367131 23.2202 8
 129.000000 -0.680183 1.22097 0.289137 -0.158278 -0.046885 0.367131 23.2202 8
 129.500000 -0.495807 1.57563 -0.568355 0.845901 -0.046885 0.367131 23.2202 8
 130.000000 -0.546361 1.55156 -0.472212 0.950284 -0.00874449 0.378068 24.0511 8
 130.500000 -0.609461 1.40943 -0.162966 0.652653 -0.00874449 0.378068 24.0511 8
 131.000000 -0.602844 1.40518 -0.167042 0.659434 -0.00874449 0.378068 24.0511 8
 131.500000 -0.773324 1.30369 0.304292 -0.28984 -0.00874449 0.378068 24.0511 8
 132.000000 -0.759408 1.37074 0.149101 0.0992023 -0.00874449 0.378068 24.0511 8
 132.500000 -0.496902 1.49414 -0.463678 0.996655 0.0290436 0.388073 24.8564 8
 133.000000 -0.551281 1.5058 -0.401398 1.00571 0.0290436 0.388073 24.8564 8
 133.500000 -0.517805 1.52711 -0.477594 1.03195 0.0290436 0.388073 24.8564 8
 134.000000 -0.638814 1.41548 -0.125009 0.526987 0.0290436 0.388073 24.8564 8
 134.500000 -0.717263 1.32083 0.177426 -0.0410837 0.0290436 0.388073 24.8564 8
 135.000000 -0.454018 1.57204 -0.616129 0.795992 0.0538037 0.383475 25.8308 8
 135.500000 -0.542755 1.52819 -0.444841 1.05095 0.0538037 0.383475 25.8308 8
 136.000000 -0.57731 1.51057 -0.371338 0.968371 0.0538037 0.383475 25.8308 8
 136.500000 -0.510253 1.44093 -0.372367 0.969953 0.0538037 0.383475 25.8308 8
 137.000000 -0.667918 1.28383 0.15605 -0.0286375 0.0538037 0.383475 25.8308 8
 137.500000 -0.630194 1.34316 -0.0161189 0.293422 0.0595481 0.381899 26.742 8
 138.000000 -0.83375 1.2996 0.407718 -0.811648 0.0595481 0.381899 26.742 8
 138.500000 -1.11206 0.927226 1.58032 -9.31276 0.0595481 0.381899 26.742 8
 139.000000 -1.31768 0.648767 2.41053 -13.3042 0.0595481 0.381899 26.742 8
 139.500000 -0.996873 0.895767 1.4497 -8.23283 0.0595481 0.381899 26.742 8
 140.000000 -1.3151 0.672344 2.36366 -12.9906 0.0384948 0.436455 26.742 7
 140.500000 -1.37224 0.692648 2.41093 -13.1039 0.0384948 0.436455 26.742 7
 141.000000 -1.37849 0.373502 2.9879 -15.8656 0.0384948 0.436455 26.742 7
 141.500000 -1.06186 0.730226 1.84403 -9.53744 0.0384948 0.436455 26.742 7
 142.000000 -1.28125 0.712074 2.2395 -11.9118 0.0384948 0.436455 26.742 7
 142.500000 -1.29238 0.246527 3.03203 -15.9329 0.0178755 0.381899 26.742 8
 143.000000 -1.12878 0.499423 2.33159 -12.5442 0.0178755 0.381899 26.742 8
 143.500000 -1.2973 0.603757 2.45927 -13.166 0.0178755 0.381899 26.742 8
 144.000000 -1.11005 0.961521 1.51128 -8.88112 0.0178755 0.381899 26.742 8
 144.500000 -1.01868 0.934499 1.41817 -7.86329 0.0178755 0.381899 26.742 8
 145.000000 -1.08476 0.902773 1.58364 -9.32339 -0.00232543 0.381898 26.7421 8
 145.500000 -1.17863 0.769912 1.97491 -9.79651 -0.00232543 0.381898 26.7421 8
 146.000000 -0.956386 1.06565 1.07153 -4.51753 -0.00232543 0.381898 26.7421 8
 146.500000 -0.616349 1.30656 0.0196147 0.317285 -0.00232543 0.381898 26.7421 8
 147.000000 -0.708132 1.37282 0.0643163 0.232631 -0.00232543 0.381898 26.7421 8
 147.500000 -0.650996 1.3935 -0.066983 0.457956 0.00907056 0.38119 27.7142 8
 148.000000 -0.510833 1.49316 -0.442235 0.9999 0.00907056 0.38119 27.7142 8
 148.500000 -0.743083 1.26977 0.318647 -0.471683 0.00907056 0.38119 27.7142 8
 149.000000 -0.437789 1.69306 -0.765572 0.0795104 0.00907056 0.38119 27.7142 8
 149.500000 -0.673797 1.29703 0.143686 0.092546 0.00907056 0.38119 27.7142 8
 150.000000 -0.564213 1.46594 -0.324015 0.860275 0.0345596 0.382645 28.6556 8
 150.500000 -0.429283 1.52581 -0.595316 0.851919 0.0345596 0.382645 28.6556 8
 151.000000 -0.56306 1.39999 -0.226126 0.761507 0.0345596 0.382645 28.6556 8
 151.500000 -0.591032 1.37074 -0.13171 0.618216 0.0345596 0.382645 28.6556 8
 152.000000 -0.561231 1.48917 -0.36289 0.957705 0.0345596 0.382645 28.6556 8
 152.500000 -0.360501 1.69171 -0.842639 -0.603087 0.0256242 0.361595 29.1472 9
 153.000000 -0.428567 1.63858 -0.718749 0.402434 0.0256242 0.361595 29.1472 9
 153.500000 -0.585099 1.434 -0.242257 0.829913 0.0256242 0.361595 29.1472 9
 154.000000 -0.764035 1.27962 0.335956 -0.541034 0.0256242 0.361595 29.1472 9
 154.500000 -0.530475 1.41416 -0.301986 0.920505 0.0256242 0.361595 29.1472 9
 155.000000 -0.639707 1.39117 -0.081751 0.583772 0.0393706 0.36072 30.1441 9
 155.500000 -0.470985 1.44452 -0.4385 1.03491 0.0393706 0.36072 30.1441 9
 156.000000 -0.506373 1.51448 -0.476775 1.03514 0.0393706 0.36072 30.1441 9
 156.500000 -0.755838 1.25842 0.362538 -0.682745 0.0393706 0.36072 30.1441 9
 157.000000 -1.37596 0.559633 2.66065 -14.0596 0.0393706 0.36072 30.1441 9
 157.500000 -1.13949 0.95273 1.57215 -9.13448 0.0210234 0.360719 30.1442 9
 158.000000 -1.07729 0.823713 1.71342 -9.01664 0.0210234 0.360719 30.1442 9
 158.500000 -1.03396 0.793721 1.68889 -9.00636 0.0210234 0.360719 30.1442 9
 159.000000 -1.06045 1.02981 1.30289 -6.59887 0.0210234 0.360719 30.1442 9
 159.500000 -1.08866 0.992476 1.41877 -7.86517 0.0210234 0.360719 30.1442 9
 160.000000 -1.09277 0.96006 1.48803 -8.5249 0.00300845 0.324651 30.1445 10
 160.500000 -1.06569 0.976559 1.41485 -7.65223 0.00300845 0.324651 30.1445 10
 161.000000 -0.926689 1.12279 0.91269 -3.5564 0.00300845 0.324651 30.1445 10
 161.500000 -0.297881 1.59621 -0.822968 -0.229561 0.00300845 0.324651 30.1445 10
 162.000000 -0.608092 1.50246 -0.315235 1.03054 0.00300845 0.324651 30.1445 10
 162.500000 -0.587655 1.35323 -0.109734 0.789399 0.0237645 0.324629 31.1196 10
 163.000000 -0.704662 1.35781 0.0867904 0.427519 0.0237645 0.324629 31.1196 10
 163.500000 -0.538604 1.49875 -0.409647 1.09515 0.0237645 0.324629 31.1196 10
 164.000000 -0.517523 1.50323 -0.446104 1.10548 0.0237645 0.324629 31.1196 10
 164.500000 -0.857235 1.13987 0.764799 -2.87862 0.0237645 0.324629 31.1196 10
 165.000000 -0.777007 1.05926 0.759084 -2.84898 0.00736423 0.324303 31.1794 10
 165.500000 -0.750328 1.20162 0.458388 -1.07443 0.00736423 0.324303 31.1794 10
 166.000000 -0.679874 1.35377 0.0525268 0.535066 0.00736423 0.324303 31.1794 10
 166.500000 -0.53832 1.44867 -0.338914 1.04648 0.00736423 0.324303 31.1794 10
 167.000000 -0.773081 1.30077 0.309664 -0.414807 0.00736423 0.324303 31.1794 10
 167.500000 -1.03218 0.964768 1.38452 -7.45732 -0.00972033 0.324306 31.18 10
 168.000000 -0.991921 0.949768 1.34572 -6.90975 -0.00972033 0.324306 31.18 10
 168.500000 -1.00228 1.00703 1.25713 -6.00857 -0.00972033 0.324306 31.18 10
 169.000000 -0.870425 1.14026 0.786469 -2.84569 -0.00972033 0.324306 31.18 10
 169.500000 -0.736665 1.23574 0.370598 -0.665211 -0.00972033 0.324306 31.18 10
 170.000000 -0.56015 1.5144 -0.401162 1.0909 0.0231667 0.327993 31.8872 10
 170.500000 -0.552356 1.50682 -0.40132 1.13577 0.0231667 0.327993 31.8872 10
 171.000000 -0.296641 1.61327 -0.839246 -0.446942 0.0231667 0.327993 31.8872 10
 171.500000 -0.389704 1.6036 -0.726568 0.358362 0.0231667 0.327993 31.8872 10
 172.000000 -0.292747 1.81257 -1.01164 -2.22146 0.0231667 0.327993 31.8872 10
 172.500000 -0.414513 1.50686 -0.593829 0.934258 0.0472519 0.327293 32.8014 10
 173.000000 -0.823821 1.21513 0.562719 -1.74394 0.0472519 0.327293 32.8014 10
 173.500000 -1.03305 0.96719 1.38139 -7.34558 0.0472519 0.327293 32.8014 10
 174.000000 -0.796243 1.22252 0.501507 -1.39562 0.0472519 0.327293 32.8014 10
 174.500000 -0.631417 1.4363 -0.172205 0.863257 0.0472519 0.327293 32.8014 10
 175.000000 -0.312845 1.67566 -0.876604 -0.720352 0.0385712 0.323661 33.2336 10
 175.500000 -0.500366 1.57994 -0.567986 1.05939 0.0385712 0.323661 33.2336 10
 176.000000 -0.529398 1.49241 -0.414195 1.14782 0.0385712 0.323661 33.2336 10
 176.500000 -0.605378 1.41852 -0.184561 0.881907 0.0385712 0.323661 33.2336 10
 177.000000 -0.386613 1.60701 -0.733514 0.417174 0.0385712 0.323661 33.2336 10
 177.500000 -0.488366 1.53818 -0.531583 1.11879 0.068982 0.325165 33.9468 10
 178.000000 -0.856707 1.23421 0.577973 -1.87795 0.068982 0.325165 33.9468 10
 178.500000 -1.02443 0.859909 1.55988 -8.53967 0.068982 0.325165 33.9468 10
 179.000000 -1.36209 0.508328 2.72994 -14.5421 0.068982 0.325165 33.9468 10
 179.500000 -1.27236 0.782408 2.09534 -10.7732 0.068982 0.325165 33.9468 10
 180.000000 -1.35982 0.511909 2.72006 -14.4799 0.0532336 0.295604 33.9468 11
 180.500000 -1.28885 0.646485 2.37004 -12.9527 0.0532336 0.295604 33.9468 11
 181.000000 -1.11838 0.638028 2.09663 -10.695 0.0532336 0.295604 33.9468 11
 181.500000 -1.32382 0.527175 2.63569 -13.7946 0.0532336 0.295604 33.9468 11
 182.000000 -1.15154 0.704675 2.04474 -10.2841 0.0532336 0.295604 33.9468 11
 182.500000 -0.854918 1.08201 0.868057 -3.25597 0.0383003 0.295363 33.9846 11
 183.000000 -0.603741 1.47334 -0.275472 1.06017 0.0383003 0.295363 33.9846 11
 183.500000 -0.708854 1.15681 0.456561 -1.11255 0.0383003 0.295363 33.9846 11
 184.000000 -0.871836 1.1535 0.763251 -2.7002 0.0383003 0.295363 33.9846 11
 184.500000 -0.979474 1.1679 0.901105 -3.25229 0.0383003 0.295363 33.9846 11
 185.000000 -0.579859 1.36111 -0.13632 0.864668 0.057583 0.296088 34.9544 11
 185.500000 -0.687729 1.32755 0.113812 0.290841 0.057583 0.296088 34.9544 11
 186.000000 -0.383361 1.59533 -0.725585 0.546514 0.057583 0.296088 34.9544 11
 186.500000 -0.736914 1.30052 0.249554 -0.27029 0.057583 0.296088 34.9544 11
 187.000000 -0.518713 1.47044 -0.399778 1.21866 0.057583 0.296088 34.9544 11
 187.500000 -0.369106 1.59962 -0.746187 0.420027 0.0640818 0.309526 35.8931 11
 188.000000 -0.887492 1.18538 0.725627 -2.63777 0.0640818 0.309526 35.8931 11
 188.500000 -0.86253 1.00481 1.01789 -3.94845 0.0640818 0.309526 35.8931 11
 189.000000 -0.741548 1.19676 0.450701 -1.18833 0.0640818 0.309526 35.8931 11
 189.500000 -0.660827 1.30923 0.098289 0.289903 0.0640818 0.309526 35.8931 11
 190.000000 -0.632968 1.36573 -0.0496463 0.734123 0.0780183 0.307518 36.892 11
 190.500000 -0.600458 1.3986 -0.160373 0.933868 0.0780183 0.307518 36.892 11
 191.000000 -0.651204 1.27004 0.14805 0.137159 0.0780183 0.307518 36.892 11
 191.500000 -0.571317 1.4995 -0.363444 1.10349 0.0780183 0.307518 36.892 11
 192.000000 -0.500431 1.46486 -0.419924 1.1551 0.0780183 0.307518 36.892 11
 192.500000 -0.837558 1.24857 0.518453 -1.5625 0.0662666 0.308282 37.089 11
 193.000000 -0.769427 1.13367 0.616432 -1.91895 0.0662666 0.308282 37.089 11
 193.500000 -0.552738 1.37328 -0.203524 0.956618 0.0662666 0.308282 37.089 11
 194.000000 -0.409201 1.57416 -0.673326 0.792631 0.0662666 0.308282 37.089 11
 194.500000 -0.602858 1.44748 -0.23546 0.977657 0.0662666 0.308282 37.089 11
 195.000000 -0.898832 1.11301 0.886323 -3.20772 0.0524263 0.283403 37.1288 12
 195.500000 -0.962582 1.04382 1.12325 -4.77315 0.0524263 0.283403 37.1288 12
 196.000000 -0.565938 1.44287 -0.286609 1.0976 0.0524263 0.283403 37.1288 12
 196.500000 -0.731353 1.33594 0.17244 0.103364 0.0524263 0.283403 37.1288 12
 197.000000 -0.704384 1.36739 0.0684048 0.543911 0.0524263 0.283403 37.1288 12
 197.500000 -0.554923 1.53103 -0.432153 1.23644 0.0838631 0.28783 37.6616 12
 198.000000 -0.566574 1.4564 -0.306044 1.14663 0.0838631 0.28783 37.6616 12
 198.500000 -0.68632 1.36122 0.049859 0.545158 0.0838631 0.28783 37.6616 12
 199.000000 -0.603978 1.3259 -0.0355141 0.786573 0.0838631 0.28783 37.6616 12
 199.500000 -0.652189 1.4342 -0.136099 0.946868 0.0838631 0.28783 37.6616 12
 200.000000 -0.6878 1.22733 0.293088 -0.479984 0.0778592 0.286583 38.1699 12
 200.500000 -0.804185 1.21935 0.52128 -1.35855 0.0778592 0.286583 38.1699 12
 201.000000 -1.02402 0.872349 1.53761 -8.58133 0.0778592 0.286583 38.1699 12
 201.500000 -1.065 0.877799 1.59713 -8.74224 0.0778592 0.286583 38.1699 12
 202.000000 -1.08513 0.909446 1.57188 -8.67827 0.0778592 0.286583 38.1699 12
 202.500000 -1.09609 0.989875 1.43496 -8.14675 0.0640696 0.286583 38.1702 12
 203.000000 -0.983995 0.967403 1.30047 -6.85586 0.0640696 0.286583 38.1702 12
 203.500000 -1.06975 0.789607 1.75928 -9.05836 0.0640696 0.286583 38.1702 12
 204.000000 -0.896586 1.0492 1.00168 -3.7777 0.0640696 0.286583 38.1702 12
 204.500000 -1.00272 0.934354 1.39168 -7.72293 0.0640696 0.286583 38.1702 12
 205.000000 -1.02496 0.980433 1.3436 -7.31424 0.0504725 0.286583 38.1708 12
 205.500000 -1.09223 0.835584 1.71747 -8.93939 0.0504725 0.286583 38.1708 12
 206.000000 -0.702802 1.13641 0.478517 -1.14651 0.0504725 0.286583 38.1708 12
 206.500000 -0.650911 1.38496 -0.0521687 0.818206 0.0504725 0.286583 38.1708 12
 207.000000 -0.622254 1.34531 -0.0340838 0.781602 0.0504725 0.286583 38.1708 12
 207.500000 -0.731103 1.17332 0.472327 -1.1169 0.0412459 0.287797 38.4631 12
 208.000000 -0.514899 1.5069 -0.454748 1.27223 0.0412459 0.287797 38.4631 12
 208.500000 -0.497997 1.41329 -0.354463 1.19714 0.0412459 0.287797 38.4631 12
 209.000000 -0.755479 1.20902 0.45436 -0.939077 0.0412459 0.287797 38.4631 12
 209.500000 -0.71384 1.28843 0.23192 -0.145148 0.0412459 0.287797 38.4631 12
 210.000000 -0.829549 1.14798 0.701346 -2.06528 0.0296215 0.287435 38.5827 12
 210.500000 -0.989832 0.996871 1.25601 -6.79893 0.0296215 0.287435 38.5827 12
 211.000000 -1.1169 0.735481 1.93299 -9.69874 0.0296215 0.287435 38.5827 12
 211.500000 -1.28549 0.768589 2.14079 -11.1945 0.0296215 0.287435 38.5827 12
 212.000000 -1.19531 0.70982 2.10858 -10.909 0.0296215 0.287435 38.5827 12
 212.500000 -1.22668 0.537998 2.45359 -13.3373 0.0165494 0.287435 38.5827 12
 213.000000 -0.829515 1.01404 0.938871 -3.30154 0.0165494 0.287435 38.5827 12
 213.500000 -0.591263 1.46957 -0.288328 1.11081 0.0165494 0.287435 38.5827 12
 214.000000 -0.532187 1.39333 -0.269014 1.08557 0.0165494 0.287435 38.5827 12
 214.500000 -0.488242 1.50785 -0.493605 1.2643 0.0165494 0.287435 38.5827 12
 215.000000 -0.640041 1.38767 -0.0751505 0.850693 0.0331145 0.285628 39.5639 12
 215.500000 -0.585488 1.47268 -0.30189 1.12474 0.0331145 0.285628 39.5639 12
 216.000000 -0.494567 1.47446 -0.441396 1.24754 0.0331145 0.285628 39.5639 12
 216.500000 -0.567841 1.42957 -0.263338 1.08561 0.0331145 0.285628 39.5639 12
 217.000000 -0.654817 1.4354 -0.13411 0.986402 0.0331145 0.285628 39.5639 12
 217.500000 -0.767161 1.35707 0.18827 0.0321003 0.0331017 0.285791 40.3159 12
 218.000000 -0.347381 1.62188 -0.791689 0.151128 0.0331017 0.285791 40.3159 12
 218.500000 -0.41985 1.61731 -0.706212 0.653513 0.0331017 0.285791 40.3159 12
 219.000000 -0.485066 1.52231 -0.516221 1.21273 0.0331017 0.285791 40.3159 12
 219.500000 -0.385278 1.41253 -0.531204 1.19623 0.0331017 0.285791 40.3159 12
 220.000000 -0.730089 1.20249 0.418655 -0.750742 0.0262866 0.287449 40.7242 12
 220.500000 -0.856899 1.04192 0.943104 -3.53517 0.0262866 0.287449 40.7242 12
 221.000000 -1.01406 1.00653 1.27686 -7.47437 0.0262866 0.287449 40.7242 12
 221.500000 -0.959749 0.995046 1.20921 -6.6649 0.0262866 0.287449 40.7242 12
 222.000000 -0.97402 0.961874 1.2935 -7.61318 0.0262866 0.287449 40.7242 12
 222.500000 -1.16817 0.786484 1.92842 -9.72082 0.0138648 0.265338 40.7242 13
 223.000000 -0.952596 0.991452 1.20353 -6.51149 0.0138648 0.265338 40.7242 13
 223.500000 -0.981021 0.990143 1.25392 -7.16166 0.0138648 0.265338 40.7242 13
 224.000000 -1.02504 0.931354 1.43443 -7.9498 0.0138648 0.265338 40.7242 13
 224.500000 -0.936922 0.890472 1.35006 -7.80494 0.0138648 0.265338 40.7242 13
 225.000000 -0.998861 0.988472 1.28641 -7.48265 0.00160159 0.265338 40.7248 13
 225.500000 -1.19668 0.776959 1.99061 -9.78308 0.00160159 0.265338 40.7248 13
 226.000000 -0.966211 1.0231 1.16824 -5.99211 0.00160159 0.265338 40.7248 13
 226.500000 -1.38012 0.668476 2.46771 -13.1206 0.00160159 0.265338 40.7248 13
 227.000000 -1.31628 0.799493 2.12663 -10.8135 0.00160159 0.265338 40.7248 13
 227.500000 -1.59697 0.371967 3.3319 -15.9654 -0.0105198 0.246385 40.7248 14
 228.000000 -1.58528 0.492614 3.09293 -15.6671 -0.0105198 0.246385 40.7248 14
 228.500000 -1.5016 0.397308 3.14337 -15.6894 -0.0105198 0.246385 40.7248 14
 229.000000 -1.21163 0.651394 2.23709 -11.8503 -0.0105198 0.246385 40.7248 14
 229.500000 -1.32422 0.7351 2.26086 -12.0789 -0.0105198 0.246385 40.7248 14
 230.000000 -1.25155 0.652407 2.30046 -12.4125 -0.0224959 0.246385 40.7248 14
 230.500000 -1.07731 1.02331 1.34088 -7.47685 -0.0224959 0.246385 40.7248 14
 231.000000 -1.10797 0.942086 1.54569 -8.13298 -0.0224959 0.246385 40.7248 14
 231.500000 -0.89114 1.02368 1.03782 -4.31052 -0.0224959 0.246385 40.7248 14
 232.000000 -1.00691 1.03414 1.2126 -6.50243 -0.0224959 0.246385 40.7248 14
 232.500000 -0.969795 1.13307 0.958941 -3.53048 -0.0339738 0.246184 40.7533 14
 233.000000 -0.624711 1.31189 0.0265371 0.834737 -0.0339738 0.246184 40.7533 14
 233.500000 -0.594275 1.39926 -0.17191 1.13858 -0.0339738 0.246184 40.7533 14
 234.000000 -0.594046 1.41849 -0.203123 1.15939 -0.0339738 0.246184 40.7533 14
 234.500000 -0.553084 1.42707 -0.283613 1.22717 -0.0339738 0.246184 40.7533 14
 235.000000 -0.590253 1.46832 -0.287922 1.2316 -0.0048089 0.245918 41.3217 14
 235.500000 -0.42278 1.71948 -0.807204 0.131009 -0.0048089 0.245918 41.3217 14
 236.000000 -0.598968 1.53369 -0.376213 1.37328 -0.0048089 0.245918 41.3217 14
 236.500000 -0.604198 1.4645 -0.26069 1.26941 -0.0048089 0.245918 41.3217 14
 237.000000 -0.420946 1.48718 -0.563014 1.259 -0.0048089 0.245918 41.3217 14
 237.500000 -0.344388 1.66851 -0.83785 -0.0944423 -0.00579483 0.243304 42.0031 14
 238.000000 -0.529757 1.51859 -0.449623 1.38976 -0.00579483 0.243304 42.0031 14
 238.500000 -0.31029 1.66467 -0.869632 -0.217472 -0.00579483 0.243304 42.0031 14
 239.000000 -0.805562 1.12976 0.691591 -1.73084 -0.00579483 0.243304 42.0031 14
 239.500000 -1.03132 0.871847 1.55104 -8.19423 -0.00579483 0.243304 42.0031 14
 240.000000 -1.37481 0.677921 2.44229 -12.7043 -0.0172235 0.243304 42.0031 14
 240.500000 -0.974455 0.959526 1.29846 -7.07683 -0.0172235 0.243304 42.0031 14
 241.000000 -0.873495 1.22331 0.626562 -1.40952 -0.0172235 0.243304 42.0031 14
 241.500000 -0.451745 1.49839 -0.533092 1.31693 -0.0172235 0.243304 42.0031 14
 242.000000 -0.588985 1.40303 -0.186892 1.19518 -0.0172235 0.243304 42.0031 14
 242.500000 -0.788838 1.30216 0.332411 -0.253002 -0.0195863 0.242456 42.6109 14
 243.000000 -0.619082 1.4005 -0.132126 1.1288 -0.0195863 0.242456 42.6109 14
 243.500000 -0.452387 1.5383 -0.579262 1.22009 -0.0195863 0.242456 42.6109 14
 244.000000 -0.389451 1.64519 -0.768169 0.443953 -0.0195863 0.242456 42.6109 14
 244.500000 -0.647964 1.22943 0.21033 0.20661 -0.0195863 0.242456 42.6109 14
 245.000000 -0.563773 1.45118 -0.302565 1.30625 0.0106771 0.242432 43.0413 14
 245.500000 -0.694533 1.30209 0.172285 0.290405 0.0106771 0.242432 43.0413 14
 246.000000 -0.631705 1.38127 -0.0783316 1.04918 0.0106771 0.242432 43.0413 14
 246.500000 -0.690391 1.37366 0.0337858 0.762819 0.0106771 0.242432 43.0413 14
 247.000000 -0.456691 1.46622 -0.487125 1.36968 0.0106771 0.242432 43.0413 14
 247.500000 -0.400465 1.55895 -0.667978 0.892335 0.0261058 0.242364 44.0217 14
 248.000000 -0.772684 1.22743 0.451016 -0.613032 0.0261058 0.242364 44.0217 14
 248.500000 -0.671034 1.33999 0.0620715 0.646416 0.0261058 0.242364 44.0217 14
 249.000000 -0.689943 1.28068 0.202674 0.167344 0.0261058 0.242364 44.0217 14
 249.500000 -0.764001 1.28979 0.316141 -0.163026 0.0261058 0.242364 44.0217 14
 250.000000 -0.626847 1.31679 0.0223097 0.773248 0.0381091 0.240966 45.0216 14
 250.500000 -0.364763 1.57988 -0.731945 0.678102 0.0381091 0.240966 45.0216 14
 251.000000 -0.962624 0.950605 1.29384 -7.12064 0.0381091 0.240966 45.0216 14
 251.500000 -0.977178 0.953592 1.31374 -7.28364 0.0381091 0.240966 45.0216 14
 252.000000 -1.04717 0.983122 1.37359 -7.60022 0.0381091 0.240966 45.0216 14
 252.500000 -0.960076 1.00982 1.18269 -5.80301 0.0273298 0.224935 45.0244 15
 253.000000 -0.869517 1.03601 0.976737 -3.58213 0.0273298 0.224935 45.0244 15
 253.500000 -0.611217 1.43068 -0.19495 1.2824 0.0273298 0.224935 45.0244 15
 254.000000 -0.653198 1.28202 0.131314 0.559382 0.0273298 0.224935 45.0244 15
 254.500000 -0.946839 1.03486 1.11412 -4.85288 0.0273298 0.224935 45.0244 15
 255.000000 -0.914124 1.05958 1.01292 -3.88241 0.01685 0.224855 45.0435 15
 255.500000 -0.481643 1.47403 -0.460023 1.44746 0.01685 0.224855 45.0435 15
 256.000000 -0.505012 1.46658 -0.415281 1.45513 0.01685 0.224855 45.0435 15
 256.500000 -0.614441 1.41575 -0.165159 1.2514 0.01685 0.224855 45.0435 15
 257.000000 -0.590164 1.3855 -0.156884 1.2425 0.01685 0.224855 45.0435 15
 257.500000 -0.628282 1.35783 -0.0444357 1.08265 0.0366854 0.223476 45.9073 15
 258.000000 -0.590924 1.35137 -0.100822 1.23449 0.0366854 0.223476 45.9073 15
 258.500000 -0.303359 1.73522 -0.937158 -0.706114 0.0366854 0.223476 45.9073 15
 259.000000 -0.500441 1.43234 -0.376278 1.4219 0.0366854 0.223476 45.9073 15
 259.500000 -0.578293 1.43536 -0.255338 1.34376 0.0366854 0.223476 45.9073 15
 260.000000 -0.593355 1.39067 -0.159679 1.2824 0.0621441 0.224965 46.4932 15
 260.500000 -0.747178 1.35607 0.159005 0.463917 0.0621441 0.224965 46.4932 15
 261.000000 -0.736563 1.22464 0.390769 -0.400712 0.0621441 0.224965 46.4932 15
 261.500000 -0.590131 1.47548 -0.299246 1.38873 0.0621441 0.224965 46.4932 15
 262.000000 -0.506702 1.54278 -0.513016 1.34492 0.0621441 0.224965 46.4932 15
 262.500000 -0.664187 1.19891 0.294403 -0.0755508 0.0608171 0.224319 47.1557 15
 263.000000 -0.442844 1.4423 -0.478761 1.37392 0.0608171 0.224319 47.1557 15
 263.500000 -0.672452 1.35036 0.0459416 0.951035 0.0608171 0.224319 47.1557 15
 264.000000 -0.877013 0.995475 1.06108 -4.17845 0.0608171 0.224319 47.1557 15
 264.500000 -1.07756 0.86867 1.63418 -8.66504 0.0608171 0.224319 47.1557 15
 265.000000 -0.991594 1.01625 1.2225 -5.76297 0.050591 0.224309 47.1585 15
 265.500000 -1.01264 0.84884 1.55809 -8.22399 0.050591 0.224309 47.1585 15
 266.000000 -0.804337 1.25463 0.452423 -0.544318 0.050591 0.224309 47.1585 15
 266.500000 -0.647671 1.45106 -0.172198 1.3445 0.050591 0.224309 47.1585 15
 267.000000 -0.53851 1.45801 -0.352025 1.39739 0.050591 0.224309 47.1585 15
 267.500000 -0.402672 1.55812 -0.66439 0.968373 0.065666 0.224555 48.1223 15
 268.000000 -0.512439 1.44242 -0.370963 1.38341 0.065666 0.224555 48.1223 15
 268.500000 -0.37135 1.57531 -0.71971 0.822694 0.065666 0.224555 48.1223 15
 269.000000 -0.691124 1.30344 0.163711 0.455 0.065666 0.224555 48.1223 15
 269.500000 -0.49576 1.47919 -0.445822 1.39403 0.065666 0.224555 48.1223 15
 270.000000 -0.4656 1.51634 -0.535496 1.33905 0.0910699 0.225997 48.6333 15
 270.500000 -0.580705 1.422 -0.23062 1.30262 0.0910699 0.225997 48.6333 15
 271.000000 -0.554654 1.50795 -0.399673 1.40194 0.0910699 0.225997 48.6333 15
 271.500000 -0.439651 1.55176 -0.611135 1.25534 0.0910699 0.225997 48.6333 15
 272.000000 -0.769991 1.23183 0.437924 -0.547023 0.0910699 0.225997 48.6333 15
 272.500000 -0.731867 1.30946 0.2239 0.186276 0.0920584 0.225822 49.4137 15
 273.000000 -0.684338 1.38233 0.00795022 1.01218 0.0920584 0.225822 49.4137 15
 273.500000 -0.73619 1.34406 0.164724 0.467616 0.0920584 0.225822 49.4137 15
 274.000000 -0.35047 1.64453 -0.809417 0.306423 0.0920584 0.225822 49.4137 15
 274.500000 -0.441235 1.64979 -0.716712 0.854714 0.0920584 0.225822 49.4137 15
 275.000000 -0.562627 1.53356 -0.42526 1.40479 0.118341 0.228036 49.8103 15
 275.500000 -0.482243 1.43683 -0.411084 1.44585 0.118341 0.228036 49.8103 15
 276.000000 -0.664071 1.28324 0.149833 0.475051 0.118341 0.228036 49.8103 15
 276.500000 -0.845451 1.17955 0.668514 -1.78967 0.118341 0.228036 49.8103 15
 277.000000 -0.547371 1.47782 -0.366979 1.41861 0.118341 0.228036 49.8103 15
 277.500000 -0.530947 1.48367 -0.399776 1.44041 0.144701 0.229085 50.1858 15
 278.000000 -0.634667 1.309 0.050117 0.790033 0.144701 0.229085 50.1858 15
 278.500000 -0.684175 1.39845 -0.0217987 0.995919 0.144701 0.229085 50.1858 15
 279.000000 -0.936794 0.95475 1.24085 -5.94608 0.144701 0.229085 50.1858 15
 279.500000 -1.25853 0.807692 2.02706 -10.2162 0.144701 0.229085 50.1858 15
 280.000000 -1.44274 0.641638 2.60904 -13.433 0.135039 0.229085 50.1858 15
 280.500000 -1.24024 0.752566 2.10259 -10.7906 0.135039 0.229085 50.1858 15
 281.000000 -1.1621 0.899066 1.70973 -9.0845 0.135039 0.229085 50.1858 15
 281.500000 -0.900732 0.880781 1.29642 -6.44142 0.135039 0.229085 50.1858 15
 282.000000 -0.909273 1.19423 0.741577 -2.24198 0.135039 0.229085 50.1858 15
 282.500000 -0.75005 1.28323 0.305137 -0.0647122 0.133313 0.228574 50.8171 15
 283.000000 -0.621004 1.30022 0.0389985 0.825457 0.133313 0.228574 50.8171 15
 283.500000 -0.537401 1.4341 -0.319374 1.41026 0.133313 0.228574 50.8171 15
 284.000000 -0.577382 1.53616 -0.409038 1.48246 0.133313 0.228574 50.8171 15
 284.500000 -0.852756 1.17054 0.698274 -1.9898 0.133313 0.228574 50.8171 15
 285.000000 -0.911882 0.928972 1.23902 -5.93446 0.123856 0.228571 50.8193 15
 285.500000 -0.776948 1.31124 0.295172 0.0463227 0.123856 0.228571 50.8193 15
 286.000000 -0.574804 1.42997 -0.252628 1.32561 0.123856 0.228571 50.8193 15
 286.500000 -0.615065 1.38278 -0.10943 1.14906 0.123856 0.228571 50.8193 15
 287.000000 -0.967133 1.0864 1.04833 -4.21957 0.123856 0.228571 50.8193 15
 287.500000 -0.726563 1.25417 0.318171 -0.0218066 0.122588 0.228121 51.4735 15
 288.000000 -0.575117 1.37244 -0.16258 1.20875 0.122588 0.228121 51.4735 15
 288.500000 -0.374587 1.58731 -0.727789 0.731199 0.122588 0.228121 51.4735 15
 289.000000 -0.65687 1.26548 0.166832 0.436842 0.122588 0.228121 51.4735 15
 289.500000 -0.773333 1.12091 0.646386 -1.66025 0.122588 0.228121 51.4735 15
 290.000000 -0.699981 1.25715 0.263618 0.201355 0.123347 0.227716 52.2407 15
 290.500000 -0.803763 1.16943 0.615428 -1.47472 0.123347 0.227716 52.2407 15
 291.000000 -0.60262 1.39298 -0.147556 1.18247 0.123347 0.227716 52.2407 15
 291.500000 -0.426313 1.53558 -0.610127 1.21817 0.123347 0.227716 52.2407 15
 292.000000 -0.862418 1.12458 0.802651 -2.62338 0.123347 0.227716 52.2407 15
 292.500000 -0.949651 0.992839 1.19596 -5.46497 0.114165 0.227719 52.2443 15
 293.000000 -0.87574 1.15674 0.763411 -2.38988 0.114165 0.227719 52.2443 15
 293.500000 -1.12624 0.868308 1.71281 -9.10958 0.114165 0.227719 52.2443 15
 294.000000 -0.833838 0.977652 1.00772 -3.9257 0.114165 0.227719 52.2443 15
 294.500000 -1.12709 0.806968 1.82559 -9.37764 0.114165 0.227719 52.2443 15
 295.000000 -1.03834 0.868283 1.56929 -8.39617 0.105034 0.22772 52.2445 15
 295.500000 -1.02467 0.821032 1.62653 -8.53904 0.105034 0.22772 52.2445 15
 296.000000 -1.50467 0.437564 3.07575 -15.7565 0.105034 0.22772 52.2445 15
 296.500000 -1.36664 0.380769 2.95569 -15.566 0.105034 0.22772 52.2445 15
 297.000000 -1.23601 0.644268 2.28957 -12.56 0.105034 0.22772 52.2445 15
 297.500000 -1.15289 0.803566 1.87325 -9.41024 0.0959851 0.22772 52.2446 15
 298.000000 -0.934882 0.965732 1.21828 -5.50899 0.0959851 0.22772 52.2446 15
 298.500000 -0.837488 1.17481 0.664194 -1.78911 0.0959851 0.22772 52.2446 15
 299.000000 -0.487316 1.56149 -0.561733 1.34243 0.0959851 0.22772 52.2446 15
 299.500000 -0.643151 1.35433 -0.0121895 0.956813 0.0959851 0.22772 52.2446 15
 300.000000 -0.538407 1.40894 -0.281175 1.34882 0.118063 0.227594 52.862 15
 300.500000 -0.663024 1.44537 -0.138983 1.1975 0.118063 0.227594 52.862 15
 301.000000 -0.768203 1.1759 0.538521 -0.98873 0.118063 0.227594 52.862 15
 301.500000 -0.522247 1.37588 -0.261128 1.37686 0.118063 0.227594 52.862 15
 302.000000 -0.591771 1.48557 -0.312461 1.43986 0.118063 0.227594 52.862 15
 302.500000 -0.638477 1.27197 0.120052 0.571373 0.123126 0.228746 53.7935 15
 303.000000 -0.835376 1.23905 0.534187 -0.985599 0.123126 0.228746 53.7935 15
 303.500000 -0.806266 1.07904 0.782869 -2.55625 0.123126 0.228746 53.7935 15
 304.000000 -0.509362 1.57477 -0.550302 1.32935 0.123126 0.228746 53.7935 15
 304.500000 -0.528833 1.52012 -0.45299 1.46251 0.123126 0.228746 53.7935 15
 305.000000 -0.534132 1.37521 -0.239254 1.33019 0.143476 0.229449 54.4727 15
 305.500000 -0.402155 1.57012 -0.677608 0.882452 0.143476 0.229449 54.4727 15
 306.000000 -0.428719 1.48301 -0.547377 1.31115 0.143476 0.229449 54.4727 15
 306.500000 -0.455256 1.55219 -0.591695 1.19665 0.143476 0.229449 54.4727 15
 307.000000 -0.52338 1.37417 -0.256678 1.40979 0.143476 0.229449 54.4727 15
 307.500000 -0.762657 1.23814 0.412998 -0.262102 0.140572 0.231545 55.0058 15
 308.000000 -0.515217 1.53353 -0.489581 1.40361 0.140572 0.231545 55.0058 15
 308.500000 -0.481119 1.4811 -0.469814 1.42952 0.140572 0.231545 55.0058 15
 309.000000 -0.612761 1.63214 -0.504142 1.38115 0.140572 0.231545 55.0058 15
 309.500000 -0.832989 1.26367 0.480503 -0.546022 0.140572 0.231545 55.0058 15
 310.000000 -0.642762 1.34517 0.00295229 0.914628 0.150595 0.230401 56.005 15
 310.500000 -0.557779 1.39506 -0.227657 1.35617 0.150595 0.230401 56.005 15
 311.000000 -0.622771 1.38883 -0.106353 1.19216 0.150595 0.230401 56.005 15
 311.500000 -0.639512 1.27442 0.117927 0.679787 0.150595 0.230401 56.005 15
 312.000000 -0.54505 1.40263 -0.260694 1.39426 0.150595 0.230401 56.005 15
 312.500000 -0.405166 1.56179 -0.665193 0.908954 0.160248 0.23026 57.0045 15
 313.000000 -0.32636 1.57556 -0.772345 0.431085 0.160248 0.23026 57.0045 15
 313.500000 -0.445742 1.58848 -0.644801 1.04923 0.160248 0.23026 57.0045 15
 314.000000 -0.657199 1.41674 -0.0976685 1.16106 0.160248 0.23026 57.0045 15
 314.500000 -0.743631 1.30506 0.252294 0.33843 0.160248 0.23026 57.0045 15
 315.000000 -0.659669 1.37159 -0.0138484 1.00265 0.171388 0.229233 57.9896 15
 315.500000 -0.315764 1.71146 -0.904785 -0.600916 0.171388 0.229233 57.9896 15
 316.000000 -0.71588 1.48618 -0.136665 1.24734 0.171388 0.229233 57.9896 15
 316.500000 -0.49981 1.46547 -0.421675 1.43404 0.171388 0.229233 57.9896 15
 317.000000 -0.723605 1.29463 0.237634 0.381942 0.171388 0.229233 57.9896 15
 317.500000 -0.547363 1.46506 -0.348535 1.43063 0.192366 0.228956 58.4978 15
 318.000000 -0.564336 1.43312 -0.274422 1.41678 0.192366 0.228956 58.4978 15
 318.500000 -0.397276 1.59399 -0.708073 0.743452 0.192366 0.228956 58.4978 15
 319.000000 -0.436918 1.5991 -0.667004 0.92671 0.192366 0.228956 58.4978 15
 319.500000 -0.594317 1.48513 -0.308039 1.44894 0.192366 0.228956 58.4978 15
 320.000000 -0.513184 1.46661 -0.402917 1.47467 0.213842 0.229722 58.9494 15
 320.500000 -1.03311 0.979965 1.35746 -6.76404 0.213842 0.229722 58.9494 15
 321.000000 -0.761909 1.23111 0.424918 -0.345875 0.213842 0.229722 58.9494 15
 321.500000 -0.707437 1.32077 0.160625 0.527034 0.213842 0.229722 58.9494 15
 322.000000 -0.596892 1.33127 -0.0574591 1.08697 0.213842 0.229722 58.9494 15
 322.500000 -0.577526 1.40994 -0.217052 1.34814 0.231121 0.230782 59.6921 15
 323.000000 -0.403403 1.63065 -0.738414 0.532277 0.231121 0.230782 59.6921 15
 323.500000 -0.832843 1.21806 0.571944 -1.24321 0.231121 0.230782 59.6921 15
 324.000000 -1.00537 1.08172 1.11653 -5.15469 0.231121 0.230782 59.6921 15
 324.500000 -0.917409 1.13385 0.876057 -3.485 0.231121 0.230782 59.6921 15
 325.000000 -0.926936 1.11049 0.937217 -3.93656 0.223019 0.230778 59.7072 15
 325.500000 -1.06344 0.901573 1.55156 -8.35189 0.223019 0.230778 59.7072 15
 326.000000 -1.01359 1.02153 1.24742 -6.00237 0.223019 0.230778 59.7072 15
 326.500000 -1.14308 0.891767 1.69494 -8.98442 0.223019 0.230778 59.7072 15
 327.000000 -0.99773 0.839113 1.54767 -8.32646 0.223019 0.230778 59.7072 15
 327.500000 -1.30427 0.686337 2.32164 -12.8426 0.214856 0.230778 59.7072 15
 328.000000 -1.19952 0.624375 2.26274 -12.5395 0.214856 0.230778 59.7072 15
 328.500000 -1.09282 0.86845 1.6594 -8.87529 0.214856 0.230778 59.7072 15
 329.000000 -1.12511 0.972227 1.51266 -8.0783 0.214856 0.230778 59.7072 15
 329.500000 -0.980237 0.904339 1.40557 -7.19408 0.214856 0.230778 59.7072 15
 330.000000 -1.11629 0.95444 1.53439 -8.23626 0.20676 0.230779 59.7074 15
 330.500000 -0.906658 1.0942 0.935299 -3.83428 0.20676 0.230779 59.7074 15
 331.000000 -0.691052 1.36307 0.0543973 0.816808 0.20676 0.230779 59.7074 15
 331.500000 -0.786491 1.22218 0.485251 -0.701878 0.20676 0.230779 59.7074 15
 332.000000 -0.768628 1.18437 0.523856 -0.935115 0.20676 0.230779 59.7074 15
 332.500000 -0.651497 1.30227 0.0931391 0.700827 0.211859 0.232784 60.6612 15
 333.000000 -0.588913 1.36511 -0.126452 1.23326 0.211859 0.232784 60.6612 15
 333.500000 -0.489958 1.63441 -0.645672 0.947288 0.211859 0.232784 60.6612 15
 334.000000 -0.466407 1.38244 -0.366263 1.51607 0.211859 0.232784 60.6612 15
 334.500000 -0.570496 1.41915 -0.243008 1.42417 0.211859 0.232784 60.6612 15
 335.000000 -0.590133 1.42898 -0.226213 1.39926 0.229781 0.233585 61.3372 15
 335.500000 -0.507794 1.50836 -0.466749 1.41823 0.229781 0.233585 61.3372 15
 336.000000 -0.777606 1.27252 0.372678 -0.144722 0.229781 0.233585 61.3372 15
 336.500000 -0.824729 1.13049 0.725216 -2.36885 0.229781 0.233585 61.3372 15
 337.000000 -1.0468 0.896671 1.53313 -8.14967 0.229781 0.233585 61.3372 15
 337.500000 -1.00574 0.912149 1.43636 -7.4601 0.221879 0.233584 61.3377 15
 338.000000 -0.853711 1.02981 0.958274 -4.02923 0.221879 0.233584 61.3377 15
 338.500000 -0.949152 0.97953 1.21901 -5.84421 0.221879 0.233584 61.3377 15
 339.000000 -1.26049 0.542262 2.50489 -13.0177 0.221879 0.233584 61.3377 15
 339.500000 -1.20782 0.634077 2.26038 -12.7432 0.221879 0.233584 61.3377 15
 340.000000 -1.20023 0.592957 2.31654 -12.803 0.214036 0.233584 61.3377 15
 340.500000 -1.17128 0.582047 2.28311 -12.6432 0.214036 0.233584 61.3377 15
 341.000000 -1.19733 0.567725 2.35301 -12.6431 0.214036 0.233584 61.3377 15
 341.500000 -1.21124 0.593166 2.33526 -12.6445 0.214036 0.233584 61.3377 15
 342.000000 -1.24596 0.722054 2.16711 -12.0337 0.214036 0.233584 61.3377 15
 342.500000 -1.05466 0.880912 1.57442 -8.2201 0.206256 0.233584 61.3379 15
 343.000000 -1.34972 0.563658 2.61283 -13.4943 0.206256 0.233584 61.3379 15
 343.500000 -1.22991 0.54609 2.44591 -12.7492 0.206256 0.233584 61.3379 15
 344.000000 -1.07525 0.999991 1.38392 -6.95811 0.206256 0.233584 61.3379 15
 344.500000 -0.962229 0.832546 1.49256 -7.67617 0.206256 0.233584 61.3379 15
 345.000000 -0.850681 1.07461 0.873718 -3.46814 0.19873 0.233602 61.3617 15
 345.500000 -0.919119 1.05528 1.02941 -4.36079 0.19873 0.233602 61.3617 15
 346.000000 -1.1247 0.924027 1.60566 -8.24659 0.19873 0.233602 61.3617 15
 346.500000 -1.13325 0.833972 1.78686 -9.01727 0.19873 0.233602 61.3617 15
 347.000000 -0.998746 1.1158 1.03758 -4.41871 0.19873 0.233602 61.3617 15
 347.500000 -0.972117 0.961083 1.29166 -6.35575 0.191079 0.233606 61.363 15
 348.000000 -0.973827 1.07781 1.0757 -4.70009 0.191079 0.233606 61.363 15
 348.500000 -1.00753 0.909401 1.44427 -7.21104 0.191079 0.233606 61.363 15
 349.000000 -0.965231 1.04537 1.12462 -5.08877 0.191079 0.233606 61.363 15
 349.500000 -0.73038 1.24801 0.336488 0.011102 0.191079 0.233606 61.363 15
 350.000000 -0.806995 1.27021 0.425732 -0.410947 0.187646 0.234333 61.8085 15
 350.500000 -1.12611 1.04802 1.36079 -6.66694 0.187646 0.234333 61.8085 15
 351.000000 -0.878875 1.05123 0.966601 -4.09308 0.187646 0.234333 61.8085 15
 351.500000 -0.68331 1.49666 -0.200092 1.3961 0.187646 0.234333 61.8085 15
 352.000000 -0.686393 1.34622 0.0774273 0.780865 0.187646 0.234333 61.8085 15
 352.500000 -0.559707 1.47851 -0.349482 1.53293 0.208769 0.233936 62.2203 15
 353.000000 -0.415258 1.58005 -0.672264 0.776698 0.208769 0.233936 62.2203 15
 353.500000 -0.535065 1.41089 -0.289605 1.54409 0.208769 0.233936 62.2203 15
 354.000000 -1.04531 1.01508 1.30904 -6.38669 0.208769 0.233936 62.2203 15
 354.500000 -0.975637 0.800032 1.57036 -8.08154 0.208769 0.233936 62.2203 15
 355.000000 -1.06712 0.716318 1.87627 -9.5303 0.201279 0.233936 62.2204 15
 355.500000 -1.30947 0.388732 2.84321 -15.1682 0.201279 0.233936 62.2204 15
 356.000000 -1.21141 0.679563 2.18786 -12.3665 0.201279 0.233936 62.2204 15
 356.500000 -1.28712 0.788125 2.10621 -11.4156 0.201279 0.233936 62.2204 15
 357.000000 -1.1395 0.623531 2.15852 -12.0587 0.201279 0.233936 62.2204 15
 357.500000 -1.0351 0.887618 1.5297 -7.82957 0.193846 0.233936 62.2207 15
 358.000000 -1.10569 0.840706 1.73036 -8.66596 0.193846 0.233936 62.2207 15
 358.500000 -0.894438 1.05384 0.989466 -4.25068 0.193846 0.233936 62.2207 15
 359.000000 -0.697613 1.26508 0.244936 0.305486 0.193846 0.233936 62.2207 15
 359.500000 -0.626443 1.42215 -0.156302 1.31501 0.193846 0.233936 62.2207 15
 360.000000 -1.07934 0.923736 1.53613 -7.75422 0.186469 0.233937 62.221 15
 360.500000 -1.18909 0.815967 1.90719 -9.67862 0.186469 0.233937 62.221 15
 361.000000 -1.10733 0.648628 2.05931 -11.0653 0.186469 0.233937 62.221 15
 361.500000 -1.23663 0.446166 2.61943 -13.5654 0.186469 0.233937 62.221 15
 362.000000 -1.46774 0.648927 2.63113 -13.6395 0.186469 0.233937 62.221 15
 362.500000 -1.18626 0.945878 1.65358 -8.1768 0.179145 0.233936 62.2212 15
 363.000000 -1.38955 0.68419 2.45202 -12.7963 0.179145 0.233936 62.2212 15
 363.500000 -0.932424 1.06796 1.02796 -4.48606 0.179145 0.233936 62.2212 15
 364.000000 -0.621664 1.32537 -0.0017163 0.959261 0.179145 0.233936 62.2212 15
 364.500000 -0.764809 1.25293 0.388681 -0.198883 0.179145 0.233936 62.2212 15
 365.000000 -0.847534 1.01787 0.967138 -4.12146 0.171971 0.233926 62.2334 15
 365.500000 -1.08082 0.970117 1.45045 -7.17079 0.171971 0.233926 62.2334 15
 366.000000 -0.888587 1.18077 0.736622 -2.45272 0.171971 0.233926 62.2334 15
 366.500000 -0.90459 1.0325 1.04599 -4.49246 0.171971 0.233926 62.2334 15
 367.000000 -0.504278 1.52968 -0.499404 1.35533 0.171971 0.233926 62.2334 15
 367.500000 -0.727811 1.22545 0.37298 -0.130903 0.170089 0.235416 62.7868 15
 368.000000 -1.10224 0.955234 1.51171 -7.49587 0.170089 0.235416 62.7868 15
 368.500000 -1.01152 1.02186 1.24352 -5.97109 0.170089 0.235416 62.7868 15
 369.000000 -1.24227 0.842696 1.93635 -9.83537 0.170089 0.235416 62.7868 15
 369.500000 -0.894222 1.23692 0.630085 -1.56436 0.170089 0.235416 62.7868 15
 370.000000 -0.868655 0.941206 1.13594 -5.18553 0.162955 0.235424 62.791 15
 370.500000 -0.583683 1.37944 -0.15852 1.30878 0.162955 0.235424 62.791 15
 371.000000 -0.281784 1.69583 -0.925009 -0.971668 0.162955 0.235424 62.791 15
 371.500000 -0.512984 1.47906 -0.420123 1.50043 0.162955 0.235424 62.791 15
 372.000000 -0.523403 1.48731 -0.415951 1.50617 0.162955 0.235424 62.791 15
 372.500000 -0.628635 1.35898 -0.0457547 1.05478 0.173113 0.234662 63.7835 15
 373.000000 -0.401721 1.60094 -0.710039 0.57408 0.173113 0.234662 63.7835 15
 373.500000 -0.295117 1.64002 -0.864054 -0.439999 0.173113 0.234662 63.7835 15
 374.000000 -0.713442 1.33032 0.153069 0.562977 0.173113 0.234662 63.7835 15
 374.500000 -0.569797 1.43422 -0.267274 1.50258 0.173113 0.234662 63.7835 15
 375.000000 -0.689619 1.21051 0.325865 0.0800263 0.172487 0.234571 64.436 15
 375.500000 -0.570129 1.32313 -0.0947981 1.19753 0.172487 0.234571 64.436 15
 376.000000 -0.578392 1.40871 -0.213677 1.42032 0.172487 0.234571 64.436 15
 376.500000 -0.445914 1.62858 -0.688732 0.671928 0.172487 0.234571 64.436 15
 377.000000 -0.720834 1.33262 0.161237 0.561751 0.172487 0.234571 64.436 15
 377.500000 -0.389241 1.52013 -0.641401 0.875581 0.179594 0.234189 65.4282 15
 378.000000 -0.683494 1.23354 0.273851 0.278591 0.179594 0.234189 65.4282 15
 378.500000 -0.343984 1.63922 -0.811444 0.011601 0.179594 0.234189 65.4282 15
 379.000000 -0.556314 1.48899 -0.369871 1.52143 0.179594 0.234189 65.4282 15
 379.500000 -0.72234 1.224 0.365322 -0.000507264 0.179594 0.234189 65.4282 15
 380.000000 -0.685163 1.34234 0.0823998 0.759095 0.185032 0.236171 66.3932 15
 380.500000 -0.847884 1.24247 0.547227 -0.978591 0.185032 0.236171 66.3932 15
 381.000000 -0.929511 1.14964 0.863634 -3.6539 0.185032 0.236171 66.3932 15
 381.500000 -1.04819 1.04964 1.24506 -5.87862 0.185032 0.236171 66.3932 15
 382.000000 -0.93697 1.08127 1.01006 -4.37429 0.185032 0.236171 66.3932 15
 382.500000 -0.818642 1.09274 0.78225 -2.98397 0.178403 0.222031 66.4314 16
 383.000000 -1.21017 0.651468 2.23453 -12.7638 0.178403 0.222031 66.4314 16
 383.500000 -1.28828 0.505336 2.61414 -13.5358 0.178403 0.222031 66.4314 16
 384.000000 -1.58736 0.484664 3.11071 -15.8275 0.178403 0.222031 66.4314 16
 384.500000 -1.10211 0.619427 2.09595 -11.4878 0.178403 0.222031 66.4314 16
 385.000000 -1.34508 0.789169 2.18772 -12.5316 0.17153 0.20897 66.4314 17
 385.500000 -1.23145 0.587277 2.37971 -12.6002 0.17153 0.20897 66.4314 17
 386.000000 -1.15092 0.796955 1.88203 -9.34668 0.17153 0.20897 66.4314 17
 386.500000 -1.15517 0.826633 1.83489 -9.01057 0.17153 0.20897 66.4314 17
 387.000000 -1.20386 0.553356 2.38809 -12.6085 0.17153 0.20897 66.4314 17
 387.500000 -1.31173 0.680176 2.34423 -12.5821 0.164704 0.20897 66.4314 17
 388.000000 -1.04372 0.53114 2.11269 -11.5828 0.164704 0.20897 66.4314 17
 388.500000 -1.21718 0.795009 1.98901 -10.2349 0.164704 0.20897 66.4314 17
 389.000000 -1.29292 0.671409 2.33148 -12.4303 0.164704 0.20897 66.4314 17
 389.500000 -1.1201 0.898155 1.64764 -7.98638 0.164704 0.20897 66.4314 17
 390.000000 -1.12047 0.77307 1.8744 -9.29052 0.157925 0.20897 66.4315 17
 390.500000 -0.901491 0.977892 1.13669 -5.02279 0.157925 0.20897 66.4315 17
 391.000000 -0.987709 1.0717 1.10936 -4.8323 0.157925 0.20897 66.4315 17
 391.500000 -1.07427 0.830653 1.69618 -8.18621 0.157925 0.20897 66.4315 17
 392.000000 -0.85935 1.22928 0.592182 -1.1814 0.157925 0.20897 66.4315 17
 392.500000 -0.958709 1.09651 1.0152 -4.24308 0.151274 0.208966 66.4424 17
 393.000000 -1.04127 0.9919 1.34759 -6.40673 0.151274 0.208966 66.4424 17
 393.500000 -1.24073 0.725507 2.15273 -11.8962 0.151274 0.208966 66.4424 17
 394.000000 -1.17209 0.649732 2.17296 -12.0959 0.151274 0.208966 66.4424 17
 394.500000 -1.32356 0.551533 2.59287 -13.3132 0.151274 0.208966 66.4424 17
 395.000000 -0.953568 0.339125 2.17588 -12.1213 0.144585 0.208966 66.4424 17
 395.500000 -0.925549 0.57362 1.80049 -8.72175 0.144585 0.208966 66.4424 17
 396.000000 -0.678903 0.58819 1.2157 -5.46888 0.144585 0.208966 66.4424 17
 396.500000 -1.00222 0.860988 1.51889 -7.46458 0.144585 0.208966 66.4424 17
 397.000000 -1.11232 0.746851 1.90574 -9.37395 0.144585 0.208966 66.4424 17
 397.500000 -0.894888 0.988063 1.10699 -4.68424 0.137994 0.20898 66.4494 17
 398.000000 -0.939843 1.14433 0.89037 -3.54899 0.137994 0.20898 66.4494 17
 398.500000 -0.873486 1.03131 0.992289 -3.99746 0.137994 0.20898 66.4494 17
 399.000000 -1.06325 0.882449 1.58588 -7.74926 0.137994 0.20898 66.4494 17
 399.500000 -1.07522 0.502115 2.21968 -12.2051 0.137994 0.20898 66.4494 17
 400.000000 -1.14844 0.720609 2.01218 -10.2495 0.131393 0.19737 66.4494 18
 400.500000 -1.14586 0.553488 2.2817 -12.1849 0.131393 0.19737 66.4494 18
 401.000000 -1.29008 0.721948 2.23468 -12.0323 0.131393 0.19737 66.4494 18
 401.500000 -1.0976 0.850934 1.69881 -8.1448 0.131393 0.19737 66.4494 18
 402.000000 -0.862908 1.15708 0.741397 -2.37847 0.131393 0.19737 66.4494 18
 402.500000 -0.939555 0.992283 1.1795 -4.99947 0.124875 0.197369 66.4546 18
 403.000000 -0.848858 1.14337 0.743731 -2.39937 0.124875 0.197369 66.4546 18
 403.500000 -0.944563 1.0707 1.04268 -4.15241 0.124875 0.197369 66.4546 18
 404.000000 -1.13657 0.935046 1.60229 -7.75501 0.124875 0.197369 66.4546 18
 404.500000 -0.911412 1.1004 0.931369 -3.68701 0.124875 0.197369 66.4546 18
 405.000000 -0.632109 1.32309 0.0214441 1.12261 0.135931 0.196867 67.4258 18
 405.500000 -0.697092 1.29866 0.183144 0.76781 0.135931 0.196867 67.4258 18
 406.000000 -0.851382 0.973279 1.04947 -4.19813 0.135931 0.196867 67.4258 18
 406.500000 -0.80569 1.22512 0.512646 -0.598378 0.135931 0.196867 67.4258 18
 407.000000 -0.768456 1.17769 0.535742 -0.746801 0.135931 0.196867 67.4258 18
 407.500000 -0.84998 1.05373 0.90954 -3.60362 0.129613 0.196879 67.4464 18
 408.000000 -0.642271 1.34804 -0.00287502 1.23219 0.129613 0.196879 67.4464 18
 408.500000 -0.552836 1.51044 -0.405806 1.62635 0.129613 0.196879 67.4464 18
 409.000000 -0.521639 1.46696 -0.390547 1.64044 0.129613 0.196879 67.4464 18
 409.500000 -0.454512 1.53006 -0.566816 1.30289 0.129613 0.196879 67.4464 18
 410.000000 -0.689634 1.33431 0.104791 0.981102 0.138186 0.19838 68.4462 18
 410.500000 -1.06512 0.894458 1.56724 -7.65389 0.138186 0.19838 68.4462 18
 411.000000 -0.789327 1.17603 0.577127 -1.09024 0.138186 0.19838 68.4462 18
 411.500000 -0.791781 1.09345 0.729946 -2.32897 0.138186 0.19838 68.4462 18
 412.000000 -0.726553 1.34465 0.147837 0.929447 0.138186 0.19838 68.4462 18
 412.500000 -0.959339 1.06792 1.07193 -4.25147 0.131876 0.198398 68.457 18
 413.000000 -0.5153 1.52559 -0.479012 1.49257 0.131876 0.198398 68.457 18
 413.500000 -0.531944 1.40218 -0.28225 1.61412 0.131876 0.198398 68.457 18
 414.000000 -0.813968 1.18568 0.602823 -1.28058 0.131876 0.198398 68.457 18
 414.500000 -0.823627 1.17266 0.644418 -1.60588 0.131876 0.198398 68.457 18
 415.000000 -0.733341 1.19253 0.442668 -0.220446 0.129995 0.19834 68.9745 18
 415.500000 -0.726098 1.2235 0.3733 0.183486 0.129995 0.19834 68.9745 18
 416.000000 -0.632124 1.36871 -0.0561976 1.32367 0.129995 0.19834 68.9745 18
 416.500000 -0.713231 1.14813 0.48018 -0.359088 0.129995 0.19834 68.9745 18
 417.000000 -0.854432 1.08461 0.862474 -3.3733 0.129995 0.19834 68.9745 18
 417.500000 -0.739687 1.25309 0.343928 0.30806 0.13122 0.199992 69.7438 18
 418.000000 -0.398627 1.50895 -0.617273 1.10617 0.13122 0.199992 69.7438 18
 418.500000 -0.34072 1.66211 -0.835837 -0.077145 0.13122 0.199992 69.7438 18
 419.000000 -0.606462 1.37402 -0.109888 1.37788 0.13122 0.199992 69.7438 18
 419.500000 -0.861365 1.08997 0.865109 -3.50641 0.13122 0.199992 69.7438 18
 420.000000 -0.984235 0.983795 1.27095 -5.46895 0.124973 0.2 69.747 18
 420.500000 -1.11552 0.745493 1.91356 -9.39097 0.124973 0.2 69.747 18
 421.000000 -1.2255 0.927276 1.74653 -8.44885 0.124973 0.2 69.747 18
 421.500000 -1.05562 0.724737 1.84147 -8.95671 0.124973 0.2 69.747 18
 422.000000 -0.826409 1.12169 0.744381 -2.54904 0.124973 0.2 69.747 18
 422.500000 -0.905233 0.986049 1.12941 -4.45926 0.118807 0.200003 69.7558 18
 423.000000 -0.93118 1.25537 0.644658 -1.52003 0.118807 0.200003 69.7558 18
 423.500000 -0.6258 1.40515 -0.128744 1.4019 0.118807 0.200003 69.7558 18
 424.000000 -0.963374 0.841534 1.48012 -7.09476 0.118807 0.200003 69.7558 18
 424.500000 -1.25058 0.617163 2.36048 -12.3637 0.118807 0.200003 69.7558 18
 425.000000 -1.09443 0.885398 1.63104 -7.95495 0.112617 0.200003 69.7561 18
 425.500000 -1.10681 0.938859 1.55011 -7.50865 0.112617 0.200003 69.7561 18
 426.000000 -1.25832 0.675445 2.27035 -12.2128 0.112617 0.200003 69.7561 18
 426.500000 -1.39815 0.822454 2.19652 -11.867 0.112617 0.200003 69.7561 18
 427.000000 -1.23583 0.599818 2.36584 -12.3725 0.112617 0.200003 69.7561 18
 427.500000 -1.16872 0.641388 2.18107 -11.7492 0.106463 0.200003 69.7561 18
 428.000000 -0.91155 1.0957 0.940592 -3.72893 0.106463 0.200003 69.7561 18
 428.500000 -0.781858 1.25229 0.419279 0.0562012 0.106463 0.200003 69.7561 18
 429.000000 -0.915724 1.02592 1.07738 -4.13299 0.106463 0.200003 69.7561 18
 429.500000 -0.992987 0.866734 1.49264 -7.16086 0.106463 0.200003 69.7561 18
 430.000000 -1.24468 0.756816 2.10155 -10.9291 0.100347 0.200003 69.7561 18
 430.500000 -1.24877 0.7424 2.13432 -11.03 0.100347 0.200003 69.7561 18
 431.000000 -1.22958 0.594961 2.36356 -12.2405 0.100347 0.200003 69.7561 18
 431.500000 -1.29732 0.564799 2.52748 -12.9124 0.100347 0.200003 69.7561 18
 432.000000 -0.936414 1.05389 1.06112 -4.06944 0.100347 0.200003 69.7561 18
 432.500000 -0.856475 1.20711 0.632326 -1.40367 0.0956218 0.191895 69.9354 19
 433.000000 -0.440752 1.69433 -0.763865 0.460056 0.0956218 0.191895 69.9354 19
 433.500000 -0.379662 1.55574 -0.690146 0.854117 0.0956218 0.191895 69.9354 19
 434.000000 -0.584338 1.23998 0.0629782 1.14933 0.0956218 0.191895 69.9354 19
 434.500000 -0.667726 1.40039 -0.0517633 1.34067 0.0956218 0.191895 69.9354 19
 435.000000 -0.871164 0.914214 1.18458 -4.62694 0.0896333 0.191894 69.9429 19
 435.500000 -0.576371 1.47847 -0.324459 1.65611 0.0896333 0.191894 69.9429 19
 436.000000 -0.390418 1.60221 -0.72435 0.685299 0.0896333 0.191894 69.9429 19
 436.500000 -0.528302 1.47989 -0.398438 1.63093 0.0896333 0.191894 69.9429 19
 437.000000 -0.727847 1.26129 0.307348 0.533364 0.0896333 0.191894 69.9429 19
 437.500000 -0.92821 1.11188 0.936543 -3.65573 0.0837696 0.191901 69.9626 19
 438.000000 -0.846994 1.0393 0.92921 -3.54603 0.0837696 0.191901 69.9626 19
 438.500000 -0.947443 1.06948 1.0497 -3.88116 0.0837696 0.191901 69.9626 19
 439.000000 -0.64884 1.33194 0.0367838 1.20018 0.0837696 0.191901 69.9626 19
 439.500000 -0.822373 1.1701 0.647085 -1.41813 0.0837696 0.191901 69.9626 19
 440.000000 -0.885274 1.05304 0.974746 -3.65608 0.0779417 0.191905 69.9823 19
 440.500000 -1.17938 0.814831 1.89433 -9.17819 0.0779417 0.191905 69.9823 19
 441.000000 -1.14299 0.864679 1.74564 -8.28317 0.0779417 0.191905 69.9823 19
 441.500000 -0.899204 0.917217 1.23441 -4.78246 0.0779417 0.191905 69.9823 19
 442.000000 -1.17433 0.824553 1.86855 -9.01008 0.0779417 0.191905 69.9823 19
 442.500000 -1.45227 0.5599 2.77494 -14.6402 0.072007 0.18231 69.9823 20
 443.000000 -1.46385 0.506949 2.88894 -15.1544 0.072007 0.18231 69.9823 20
 443.500000 -0.959892 0.596824 1.84257 -8.79662 0.072007 0.18231 69.9823 20
 444.000000 -1.07424 0.569067 2.11914 -10.8291 0.072007 0.18231 69.9823 20
 444.500000 -1.2341 0.669824 2.24175 -11.6399 0.072007 0.18231 69.9823 20
 445.000000 -1.21302 0.720331 2.11846 -10.8238 0.0661074 0.18231 69.9823 20
 445.500000 -1.06867 0.858963 1.63686 -7.77075 0.0661074 0.18231 69.9823 20
 446.000000 -1.04707 1.02335 1.29553 -5.20727 0.0661074 0.18231 69.9823 20
 446.500000 -1.10469 0.967177 1.49224 -7.02508 0.0661074 0.18231 69.9823 20
 447.000000 -0.966138 1.01471 1.18375 -4.40288 0.0661074 0.18231 69.9823 20
 447.500000 -0.89493 1.08559 0.931688 -3.42231 0.0604219 0.182319 70.0072 20
 448.000000 -0.63054 1.27002 0.1078 1.10089 0.0604219 0.182319 70.0072 20
 448.500000 -0.701099 1.34213 0.110046 1.09586 0.0604219 0.182319 70.0072 20
 449.000000 -0.504774 1.46676 -0.41588 1.65998 0.0604219 0.182319 70.0072 20
 449.500000 -0.551226 1.44914 -0.319267 1.70216 0.0604219 0.182319 70.0072 20
 450.000000 -0.527647 1.45437 -0.363733 1.70128 0.0843177 0.181868 69.8673 20
 450.500000 -0.511583 1.56122 -0.530276 1.45439 0.0843177 0.181868 69.8673 20
 451.000000 -0.420818 1.50437 -0.58255 1.29757 0.0843177 0.181868 69.8673 20
 451.500000 -0.29257 1.61674 -0.846649 -0.10399 0.0843177 0.181868 69.8673 20
 452.000000 -0.514255 1.48163 -0.421703 1.69101 0.0843177 0.181868 69.8673 20
 452.500000 -0.567249 1.46682 -0.320675 1.74393 0.108628 0.181151 69.6802 20
 453.000000 -0.692035 1.29196 0.186179 0.865102 0.108628 0.181151 69.6802 20
 453.500000 -0.69156 1.36029 0.0603589 1.1479 0.108628 0.181151 69.6802 20
 454.000000 -0.449009 1.54699 -0.593715 1.2413 0.108628 0.181151 69.6802 20
 454.500000 -0.390476 1.67095 -0.792247 0.270702 0.108628 0.181151 69.6802 20
 455.000000 -0.451944 1.55609 -0.600433 1.21745 0.120232 0.180966 70.6352 20
 455.500000 -0.484408 1.47284 -0.454401 1.66116 0.120232 0.180966 70.6352 20
 456.000000 -0.714636 1.23167 0.336975 0.415109 0.120232 0.180966 70.6352 20
 456.500000 -0.533247 1.44317 -0.339056 1.7773 0.120232 0.180966 70.6352 20
 457.000000 -0.564976 1.42005 -0.253509 1.69848 0.120232 0.180966 70.6352 20
 457.500000 -0.54812 1.40319 -0.256326 1.70298 0.142096 0.180781 70.75 20
 458.000000 -0.660194 1.3481 0.028634 1.17827 0.142096 0.180781 70.75 20
 458.500000 -0.657085 1.33709 0.0425649 1.15037 0.142096 0.180781 70.75 20
 459.000000 -0.699869 1.31046 0.166469 0.873282 0.142096 0.180781 70.75 20
 459.500000 -0.59222 1.39084 -0.161898 1.55606 0.142096 0.180781 70.75 20
 460.000000 -0.563154 1.53076 -0.420529 1.72925 0.163956 0.181386 70.8631 20
 460.500000 -0.710654 1.31738 0.172523 0.829244 0.163956 0.181386 70.8631 20
 461.000000 -0.689736 1.24474 0.266293 0.586025 0.163956 0.181386 70.8631 20
 461.500000 -0.630617 1.33073 0.00573534 1.19008 0.163956 0.181386 70.8631 20
 462.000000 -0.938131 1.02056 1.12582 -4.15325 0.163956 0.181386 70.8631 20
 462.500000 -0.855846 1.17474 0.695268 -1.93584 0.158986 0.181039 70.9589 20
 463.000000 -0.84317 1.10844 0.798825 -2.75822 0.158986 0.181039 70.9589 20
 463.500000 -1.04753 0.83842 1.63704 -7.88976 0.158986 0.181039 70.9589 20
 464.000000 -1.07431 0.948158 1.48235 -7.06477 0.158986 0.181039 70.9589 20
 464.500000 -1.02444 0.865821 1.54967 -7.52155 0.158986 0.181039 70.9589 20
 465.000000 -0.732452 1.34545 0.155961 0.869922 0.164789 0.181274 71.924 20
 465.500000 -0.638335 1.30271 0.0676988 1.09659 0.164789 0.181274 71.924 20
 466.000000 -0.856682 1.24418 0.557563 -0.798729 0.164789 0.181274 71.924 20
 466.500000 -0.415204 1.49807 -0.583138 1.30351 0.164789 0.181274 71.924 20
 467.000000 -0.463337 1.5072 -0.52754 1.48915 0.164789 0.181274 71.924 20
 467.500000 -0.580707 1.55066 -0.425761 1.75066 0.186253 0.181986 72.0422 20
 468.000000 -0.362327 1.57596 -0.730966 0.625684 0.186253 0.181986 72.0422 20
 468.500000 -0.675103 1.32197 0.10157 1.0034 0.186253 0.181986 72.0422 20
 469.000000 -0.583078 1.41865 -0.221458 1.66694 0.186253 0.181986 72.0422 20
 469.500000 -0.704747 1.27955 0.231851 0.711356 0.186253 0.181986 72.0422 20
 470.000000 -0.866747 1.13222 0.795605 -2.78304 0.180968 0.181979 72.0829 20
 470.500000 -0.75979 1.25627 0.373545 0.214603 0.180968 0.181979 72.0829 20
 471.000000 -0.38214 1.65002 -0.780749 0.30682 0.180968 0.181979 72.0829 20
 471.500000 -0.53822 1.48919 -0.396769 1.83138 0.180968 0.181979 72.0829 20
 472.000000 -0.582652 1.35212 -0.117059 1.39504 0.180968 0.181979 72.0829 20
 472.500000 -0.518446 1.55362 -0.511562 1.57108 0.19749 0.183743 72.7346 20
 473.000000 -0.535195 1.50571 -0.424246 1.799 0.19749 0.183743 72.7346 20
 473.500000 -0.6548 1.35589 0.00547546 1.13971 0.19749 0.183743 72.7346 20
 474.000000 -0.770565 1.40606 0.0950864 0.985672 0.19749 0.183743 72.7346 20
 474.500000 -0.973241 1.16845 0.890854 -3.259 0.19749 0.183743 72.7346 20
 475.000000 -0.803294 1.12455 0.696781 -1.93302 0.192637 0.183643 72.8274 20
 475.500000 -0.815032 1.15796 0.65695 -1.5538 0.192637 0.183643 72.8274 20
 476.000000 -1.04346 0.488836 2.17241 -11.2048 0.192637 0.183643 72.8274 20
 476.500000 -1.46356 0.602465 2.71256 -14.1786 0.192637 0.183643 72.8274 20
 477.000000 -1.18345 0.629511 2.22649 -11.5381 0.192637 0.183643 72.8274 20
 477.500000 -1.34883 0.752369 2.26389 -11.7638 0.187157 0.183643 72.8274 20
 478.000000 -1.03765 0.975458 1.37316 -6.11045 0.187157 0.183643 72.8274 20
 478.500000 -1.08764 0.880694 1.62877 -7.93037 0.187157 0.183643 72.8274 20
 479.000000 -0.625053 1.39468 -0.112346 1.35518 0.187157 0.183643 72.8274 20
 479.500000 -0.500536 1.46333 -0.417722 1.80803 0.187157 0.183643 72.8274 20
 480.000000 -0.707225 1.22017 0.34334 0.311957 0.187879 0.184526 73.5245 20
 480.500000 -0.857549 1.08343 0.870212 -3.1463 0.187879 0.184526 73.5245 20
 481.000000 -0.87127 1.09784 0.868017 -3.13574 0.187879 0.184526 73.5245 20
 481.500000 -0.673533 1.41577 -0.0700873 1.25747 0.187879 0.184526 73.5245 20
 482.000000 -0.800241 1.29084 0.373403 0.251388 0.187879 0.184526 73.5245 20
 482.500000 -0.772014 1.16661 0.562501 -0.828533 0.184424 0.185447 73.7919 20
 483.000000 -0.869283 1.08105 0.895467 -3.24593 0.184424 0.185447 73.7919 20
 483.500000 -0.782377 1.15503 0.602812 -1.03695 0.184424 0.185447 73.7919 20
 484.000000 -0.875235 1.12453 0.82468 -2.84213 0.184424 0.185447 73.7919 20
 484.500000 -0.313606 1.63368 -0.838933 -0.195362 0.184424 0.185447 73.7919 20
 485.000000 -0.425922 1.49472 -0.564677 1.41622 0.19739 0.185532 74.6647 20
 485.500000 -0.467164 1.48057 -0.489478 1.66703 0.19739 0.185532 74.6647 20
 486.000000 -0.572353 1.48915 -0.346501 1.81844 0.19739 0.185532 74.6647 20
 486.500000 -0.70517 1.33045 0.138708 0.874941 0.19739 0.185532 74.6647 20
 487.000000 -0.348776 1.61556 -0.784241 0.269087 0.19739 0.185532 74.6647 20
 487.500000 -0.673427 1.39406 -0.0311515 1.16498 0.206077 0.185105 75.6621 20
 488.000000 -0.584611 1.41136 -0.207427 1.5718 0.206077 0.185105 75.6621 20
 488.500000 -0.456106 1.44738 -0.464846 1.70764 0.206077 0.185105 75.6621 20
 489.000000 -0.554474 1.50292 -0.392702 1.80187 0.206077 0.185105 75.6621 20
 489.500000 -0.458512 1.45599 -0.471847 1.69371 0.206077 0.185105 75.6621 20
 490.000000 -0.304312 1.66676 -0.877588 -0.583016 0.20317 0.183919 75.9949 20
 490.500000 -0.554706 1.54395 -0.450612 1.73714 0.20317 0.183919 75.9949 20
 491.000000 -0.30344 1.73868 -0.940014 -1.12867 0.20317 0.183919 75.9949 20
 491.500000 -0.656791 1.26577 0.166181 0.83466 0.20317 0.183919 75.9949 20
 492.000000 -0.55694 1.38559 -0.214757 1.59379 0.20317 0.183919 75.9949 20
 492.500000 -0.584444 1.31571 -0.0559879 1.25481 0.212976 0.18355 76.9722 20
 493.000000 -0.649929 1.26511 0.153987 0.867239 0.212976 0.18355 76.9722 20
 493.500000 -0.646796 1.31896 0.0555608 1.10156 0.212976 0.18355 76.9722 20
 494.000000 -0.522394 1.53709 -0.484593 1.65723 0.212976 0.18355 76.9722 20
 494.500000 -0.402226 1.71759 -0.825494 -0.0586982 0.212976 0.18355 76.9722 20
 495.000000 -0.469726 1.45153 -0.449313 1.72656 0.231451 0.185004 77.2927 20
 495.500000 -0.639923 1.33129 0.0217529 1.13821 0.231451 0.185004 77.2927 20
 496.000000 -0.34299 1.67791 -0.847829 -0.277339 0.231451 0.185004 77.2927 20
 496.500000 -0.696019 1.39673 0.000239842 1.17702 0.231451 0.185004 77.2927 20
 497.000000 -0.618848 1.43701 -0.193218 1.53162 0.231451 0.185004 77.2927 20
 497.500000 -0.576971 1.38796 -0.183632 1.50826 0.244895 0.186319 78.0935 20
 498.000000 -0.637651 1.43939 -0.167681 1.51821 0.244895 0.186319 78.0935 20
 498.500000 -0.594222 1.39791 -0.169825 1.52267 0.244895 0.186319 78.0935 20
 499.000000 -0.612077 1.43213 -0.195956 1.57821 0.244895 0.186319 78.0935 20
 499.500000 -0.648523 1.16641 0.315209 0.365716 0.244895 0.186319 78.0935 20
 500.000000 -0.642997 1.38177 -0.0599694 1.31696 0.254853 0.185844 79.0582 20
