#! FIELDS time cv.node-0 sigma_cv.node-0 height logweight
#! SET action OPES_METAD_kernels
#! SET biasfactor                      16
#! SET epsilon   3.872940653519386e-08
#! SET kernel_cutoff       5.842373946721771
#! SET compression_threshold                       1
                     25    -0.4439659118652344     0.3337086429539611  1.062430625987055e-07                    -16
                   27.5       1.55020272731781     0.3314292670635797  1.069737399995077e-07                    -16
                     30     0.5718575119972229     0.3181151333771494    0.02831000447560707     -3.554858611197374
                   32.5    -0.2620819211006165     0.2977124558455019     0.1166425834650946     -2.205244715842286
                     35    -0.6417033672332764     0.2568119937383328      1.279730095430101    0.04226150673411766
                   37.5     0.7397025227546692     0.2469205062369192    0.08047477303583987     -2.763477035709026
                     40    -0.1315694898366928     0.2251365466788025     0.8313181947587569    -0.5207675206419106
                   42.5     0.4185265302658081     0.2140801457043557     0.3047646185401789     -1.574597046596968
                     45     0.4061661958694458     0.2009276881455718      1.078575260132713    -0.3741459118309661
                   47.5    -0.5812089443206787     0.1912736649368877      2.432228281276149     0.3897810673077583
                     50    0.06130542978644371      0.180895299489254      1.221809578226258    -0.3544805326544049
                   52.5    0.04525355249643326      0.172658303358567      2.460767395139299     0.2990558054816873
                     55     0.9327259063720703     0.1685615811779275     0.1237218422390047     -2.715150252260699
                   57.5    -0.2834425568580627     0.1616850108234909      2.523977066088308      0.258753961814207
                     60    -0.3487259447574615     0.1560270273228601      3.480070530300206     0.5443498438902328
                   62.5      2.269262075424194      0.162384107607404   2.53424296581959e-07     -15.85096808928008
                     65      2.073171615600586     0.1730595785679944  2.329561859743609e-06     -13.56892639243158
                   67.5      1.976506114006042     0.1801405104350403  1.432323412792318e-05     -11.71262237644257
                     70      1.962449669837952     0.1827099012031168  3.471867463476925e-05     -10.81306514750075
                   72.5      2.732156991958618     0.1908508040546697  2.077632217649709e-07     -15.88810673169445
                     75      2.599813222885132     0.1942753504490302  7.520042033023929e-07     -14.58397939987056
                   77.5      1.791721224784851     0.1943053857071237   0.000236922586414338       -8.8310779966081
                     80      1.745049953460693     0.1932329083085676  0.0005968819421152496      -7.91262693722557
                   82.5      2.434837818145752     0.1948347596928055  6.025114715517229e-06     -12.50015418704173
                     85    -0.1291233897209167     0.1939270833768592      3.889273982103115     0.8729727714173595
                   87.5     -0.265620619058609     0.1944109147449939      4.842979086496298        1.0947721200432
                     90    -0.6804452538490295     0.1930663345752404      1.571059833534672    -0.0379476841949658
                   92.5    -0.4338801801204681     0.1907355687004483      4.125821617836055     0.9154212304380031
                     95     0.2219347953796387     0.1868466785822658       1.38959165670418    -0.1934336495806853
                   97.5    -0.5697125196456909     0.1838852974719571      3.279940582899864     0.6494055258515024
                    100   -0.02433084882795811     0.1800942864961058      3.219801938290785     0.6100684141006344
                  102.5     0.1394413560628891     0.1762065264739197      2.435246532682841     0.3089727884965948
                    105     0.1991921812295914     0.1722773422384479       2.40380500803432     0.2734265736640641
                  107.5     0.5960342288017273     0.1700033284380523     0.3910434994909252     -1.555850418715056
                    110     0.2926766276359558     0.1665603283187732      2.172145992256888     0.1383412301084527
                  112.5     -0.461588978767395     0.1635036431936443       4.02252694539377     0.7360136098182264
                    115    -0.6424723267555237     0.1609258680428594      2.868085694189485      0.381856652391796
                  117.5    -0.5859094858169556     0.1584920926976276      3.873381641082318     0.6671006769566632
                    120    -0.5226403474807739     0.1562191456168697      4.760519626960249     0.8588846673469428
                  122.5    -0.2537792026996613     0.1534344568350343      4.367846903823404     0.7548117115440139
                    125    -0.1340570598840714     0.1510626485690558      4.003203221759216     0.6520575267121106
                  127.5    -0.5312961339950562     0.1485713897307589      4.914568345787325     0.8405375462157638
                    130     -0.472212016582489     0.1464124978154323      5.565505955308717     0.9502839021349621
                  132.5    -0.4636776447296143     0.1442071391853989      5.918816089321083     0.9966552151924474
                    135      -0.61612868309021     0.1419441332433089      4.919911235056674     0.7959920796793459
                  137.5   -0.01611889898777008     0.1398273064883934      3.021475675820315     0.2934215211984197
                    140       2.36366081237793     0.1415224227541964  5.079246343321992e-06     -12.99062145710185
                  142.5       3.03202748298645     0.1461862268806104  2.593576019923902e-07     -15.93290865070328
                    145      1.583638548851013     0.1479645671347453  0.0001901628712447448     -9.323388763409127
                  147.5   -0.06698302924633026     0.1462072902647305      3.406422025157617     0.4579559307058939
                    150    -0.3240152597427368     0.1445866349145062      5.150674439912777     0.8602745814522388
                  152.5    -0.8426390886306763     0.1435879371569541      1.200450755864117    -0.6030871951812991
                    155   -0.08175095170736313     0.1419682876747552      3.978481891667674     0.5837720573724072
                  157.5      1.572147965431213     0.1423445564137247  0.0002387733947420594     -9.134476984152865
                    160      1.488031625747681     0.1425246546907822  0.0004387062497638903     -8.524897465007971
                  162.5    -0.1097339987754822     0.1413366161195438       4.90858718925506     0.7893985911288477
                    165     0.7590842843055725     0.1404906206365624     0.1298478757248593     -2.848982932282351
                  167.5      1.384522557258606     0.1397447359696579   0.001301277345592294     -7.457323440876988
                    170    -0.4011617600917816     0.1386671280043851      6.763595103580495      1.090898905956149
                  172.5    -0.5938292145729065     0.1379478478673631      5.813100182589965     0.9342577611965269
                    175    -0.8766037225723267     0.1369549309269375      1.119327794658945    -0.7203517391775437
                  177.5     -0.531582772731781     0.1361373270460301      7.084101370554446      1.118785202242414
                    180      2.720061063766479     0.1376809301323683  1.177459168718038e-06     -14.47994474160058
                  182.5     0.8680565357208252      0.139512753681397    0.08703901272277322     -3.255974778747134
                    185    -0.1363200694322586     0.1379958398490684      5.420437999300574     0.8646682012159382
                  187.5    -0.7461867928504944     0.1370480263757263       3.49882664141476     0.4200271275311245
                    190   -0.04964633658528328     0.1355127745012208      4.844234641536291     0.7341232154477926
                  192.5      0.518452525138855     0.1347966680881928     0.4899090473496769     -1.562500003365352
                    195      0.886322557926178     0.1342699491394159    0.09490881832014934     -3.207718297487729
                  197.5    -0.4321527183055878     0.1332250843085613      8.142790160270794      1.236440992493613
                    200     0.2930881381034851     0.1322935743332867      1.473624013752871    -0.4799837779352411
                  202.5       1.43496310710907     0.1321440915991759  0.0006906299492210628     -8.146745438076977
                    205      1.343601226806641     0.1321035911109302   0.001588287977079383     -7.314244152211563
                  207.5     0.4723274111747742     0.1314723519682584     0.7842955521053273     -1.116904732955725
                    210     0.7013458013534546     0.1308715949388785      0.305208148122163     -2.065276592418158
                  212.5      2.453589200973511     0.1315705715569973  3.862866023860762e-06     -13.33728974460536
                    215    -0.0751505121588707     0.1307877257110926      5.639803855704506     0.8506929207072779
                  217.5     0.1882702261209488     0.1298193251230563       2.50600182824064    0.03210030172049498
                    220      0.418654590845108     0.1295304564928493       1.14805984927956     -0.750742492513073
                  222.5      1.928415656089783     0.1292411382988156   0.000146312792929213     -9.720815823414073
                    225      1.286410570144653     0.1290184550529645   0.001374207167220851     -7.482654824597999
                  227.5       3.33189845085144     0.1299352237484935   2.82467524584018e-07      -15.9653981641082
                    230      2.300463676452637     0.1317022335593379  9.729392453213961e-06     -12.41254749756742
                  232.5     0.9589411020278931     0.1311405955785848    0.07036762231746942     -3.530483996830675
                    235     -0.287922203540802     0.1307311529681645      8.258028737634158      1.231596893097846
                  237.5    -0.8378497362136841     0.1308103932771761      2.191400404554337   -0.09444227256002895
                    240       2.44228720664978     0.1308816685589921  7.313036606481297e-06     -12.70429030580391
                  242.5     0.3324110507965088     0.1302129257692341      1.878659472596294    -0.2530024842108919
                    245    -0.3025654554367065     0.1298122982727174      8.961116218272613      1.306252383474166
                  247.5    -0.6679775714874268     0.1289470583809011      5.963544824365332     0.8923350321062481
                    250    0.02230969816446304     0.1278652304207748      5.338814471968513     0.7732484799053086
                  252.5      1.182685732841492     0.1276448030806384   0.007450098784756919     -5.803008517707184
                    255      1.012922763824463     0.1272591970802544    0.05100149019771481     -3.882406459954151
                  257.5   -0.04443566128611565     0.1264231512752549       7.35772148643619      1.082652966596831
                    260    -0.1596794575452805     0.1259772986829731      9.016255267914454      1.282398849309618
                  262.5     0.2944030463695526     0.1251879868603733      2.333489231365633    -0.0755507872655765
                    265      1.222497344017029     0.1249194219210616    0.00792360238435046     -5.762972386578382
                  267.5    -0.6643899083137512     0.1242063796347831      6.680284945520373     0.9683732158223644
                    270    -0.5354962348937988      0.123694114071863       9.71793411223473      1.339052790643388
                  272.5       0.22390016913414     0.1229641084075121      3.086739028349593      0.186275752918944
                    275    -0.4252603054046631     0.1224548460340656      10.48330001055584      1.404793912728958
                  277.5    -0.3997759222984314     0.1218763666084715      10.91495000063011      1.440408590318802
                    280      2.609040021896362     0.1221755273194384  3.780177822879321e-06     -13.43301270843441
                  282.5     0.3051369786262512     0.1222876872689706      2.414865062276125   -0.06471218945644056
                    285      1.239017009735107     0.1218951810491024   0.006840559836270285     -5.934456160915206
                  287.5     0.3181710541248322     0.1212185582836744      2.542963602498719   -0.02180660474782161
                    290     0.2636184990406036        0.1204635756854      3.198683220741027     0.2013547010356581
                  292.5      1.195963978767395     0.1201025291984118    0.01110256147380308     -5.464965607242731
                    295      1.569288730621338     0.1202722456571502  0.0005912958115243681     -8.396168213051013
                  297.5      1.873254179954529     0.1214424228548855  0.0002124194934194209     -9.410239192718162
                    300     -0.281175434589386     0.1209910272201052      10.03256992784718      1.348821219576636
                  302.5     0.1200515031814575     0.1202899577841399      4.637614243595545     0.5713732440917605
                    305     -0.239254429936409       0.11967760033694      9.955427128303738      1.330187344536075
                  307.5      0.412998229265213     0.1193057385721223      2.031838389824661    -0.2621015373678837
                    310   0.002952286507934332     0.1185556878351016      6.632470357316375     0.9146281661057685
                  312.5    -0.6651933789253235     0.1177980836359944      6.637359213421722      0.908954217367465
                    315   -0.01384843420237303     0.1171853572853591      7.327412466392554      1.002647417796254
                  317.5    -0.3485352993011475     0.1166915503501783       11.2890368117169       1.43063423157963
                    320    -0.4029165804386139     0.1162855774771597      11.83846283828563      1.474670872309029
                  322.5    -0.2170520424842834     0.1157287607009386       10.4816646547813      1.348144729317914
                    325     0.9372172355651855     0.1155144291141206    0.05322527640401644     -3.936558386869345
                  327.5      2.321640253067017     0.1159700835762527  7.187144187345062e-06     -12.84261636112706
                    330      1.534387826919556     0.1164627256046306  0.0007165211423034896     -8.236263494793052
                  332.5    0.09313906729221344     0.1157557400438555      5.485328989138899     0.7008273921341385
                    335    -0.2262130975723267     0.1152951168960197      11.07284165120386      1.399258525926449
                  337.5      1.436355471611023     0.1150897224001825   0.001575654407189286     -7.460104538748701
                    340      2.316539287567139     0.1155450145220782  7.505383193228812e-06     -12.80296180696552
                  342.5      1.574420571327209     0.1161803256238608  0.0007299649840538124     -8.220102438039421
                    345     0.8737179040908813     0.1163998852595402    0.08437849330714049      -3.46814314026488
                  347.5      1.291658282279968     0.1161406969439402   0.004711180665573176     -6.355746330780903
                    350     0.4257320165634155     0.1156559084988002      1.806093017775539    -0.4109465259473816
                  352.5    -0.3494817316532135     0.1153186862260192      12.65380054910442      1.532925127668474
                    355      1.876273512840271     0.1153160305557248  0.0001983953702795016     -9.530304208950142
                  357.5      1.529702067375183     0.1157502240405091   0.001082724762503749     -7.829571819653952
                    360      1.536127090454102     0.1155727228237891   0.001169259093517244     -7.754216978834325
                  362.5      1.653582096099854     0.1158673819716793  0.0007643255405220968     -8.176802442501405
                    365     0.9671384692192078     0.1157901484047729    0.04413485652725573     -4.121457885321502
                  367.5     0.3729797303676605     0.1154317568007492      2.394440759919079    -0.1309027557685913
                    370      1.135935187339783     0.1151337442817538     0.0153155054647598     -5.185527049653926
                  372.5   -0.04575469344854355     0.1149337188479178      7.870809049823331      1.054784501931897
                    375     0.3258654773235321     0.1148353695046185      2.972070282869733    0.08002634674936851
                  377.5    -0.6414012908935547     0.1145217626475669      6.603156759793078     0.8755807420169094
                    380    0.08239977806806564     0.1141468195970118      5.896399595182625     0.7590954761806671
                  382.5     0.7822502255439758     0.1138230213720668     0.1400315327335035      -2.98397481125474
                    385      2.187721729278564     0.1145037709272088  9.934581461764186e-06     -12.53161301551831
                  387.5      2.344234228134155     0.1147041430971763  9.428884501045997e-06     -12.58210857757514
                    390      1.874400854110718     0.1147915029107533  0.0002533082709880251     -9.290517845198263
                  392.5      1.015199422836304     0.1144630425295293    0.03953380758566876     -4.243079048000812
                    395      2.175883293151855     0.1144869470245374  1.497609432095699e-05     -12.12132648472908
                  397.5      1.106989860534668     0.1142835565625391      0.025471654894571     -4.684238280809442
                    400      2.012184619903564     0.1140601263549789  9.771549993732233e-05     -10.24945659102452
                  402.5      1.179500818252563     0.1138933233478081    0.01864823191567357     -4.999473651976008
                    405    0.02144411019980907     0.1133376600302158      8.541800969445074       1.12261141553838
                  407.5      0.909539520740509     0.1131642085012352    0.07579467086772011     -3.603619318855542
                    410     0.1047911494970322     0.1131781715306639      7.425130889261397     0.9811016675591721
                  412.5      1.071925520896912     0.1129328117088423    0.03973456902988617     -4.251472619860102
                    415     0.4426680207252502     0.1126534884852581      2.243347147445393    -0.2204463146440879
                  417.5     0.3439275324344635     0.1122120412685328      3.820579496440365      0.308060457434926
                    420      1.270947694778442     0.1122342481445233    0.01183370779703212     -5.468946999739557
                  422.5      1.129414319992065     0.1121525885579009    0.03250425070233012     -4.459256026777429
                    425      1.631040215492249     0.1120752320429465  0.0009864557712749619     -7.954953668356723
                  427.5      2.181074857711792      0.112177046658088    2.2175926553594e-05     -11.74915681135024
                    430      2.101551055908203     0.1119538633336896  5.045613762274759e-05     -10.92905127045224
                  432.5     0.6323258280754089     0.1120055590809027     0.6910894055054209     -1.403669534520199
                    435      1.184576272964478     0.1121834252504608    0.02747859864003054     -4.626944512755828
                  437.5     0.9365428686141968     0.1122629647920099    0.07252374634662509     -3.655729177051792
                    440     0.9747459888458252     0.1119872374947554    0.07267674989101362     -3.656080801988008
                  442.5      2.774939298629761     0.1120001041050239  1.233059523946921e-06      -14.6402442197675
                    445      2.118459463119507     0.1122440071631483  5.591043822578949e-05     -10.82381628933461
                  447.5     0.9316880702972412     0.1120277739087484    0.09178364649809979     -3.422306279397461
                    450    -0.3637328445911407     0.1121795073030891      15.39291074753069      1.701275433079095
                  452.5    -0.3206747770309448     0.1126484425025948      15.99676740060885      1.743926543830298
                    455    -0.6004327535629272     0.1125057719354643      9.461038619671314      1.217454732790378
                  457.5    -0.2563264966011047     0.1124806008914317      15.37788007336891      1.702978926918987
                    460    -0.4205292761325836     0.1122681624545367      15.81711672253897      1.729251046322854
                  462.5     0.6952679753303528     0.1120546307298077     0.4057191656507696     -1.935839503528109
                    465     0.1559613347053528     0.1116121405181607       6.73706381325313     0.8699220626957276
                  467.5    -0.4257609844207764     0.1114775760219239      16.27397884806356      1.750658939967909
                    470     0.7956047654151917     0.1113260219356978     0.1750354988461937     -2.783035405495605
                  472.5    -0.5115618109703064     0.1110195847087438      13.65493644712041      1.571075763966238
                    475     0.6967805027961731     0.1108171031749327     0.4114088992191664     -1.933018508594251
                  477.5      2.263891220092773     0.1112848574941485   2.20296844795472e-05     -11.76375848313192
                    480     0.3433397114276886     0.1110627373812684      3.875185125776446     0.3119567180060088
                  482.5     0.5625007748603821     0.1107283228371047      1.242492876843236    -0.8285325561048618
                    485    -0.5646767020225525      0.110355124276349      11.76636355174247      1.416216521335327
                  487.5   -0.03115148842334747     0.1099882832899472       9.18281636522333      1.164975834420315
                    490     -0.877588152885437      0.109818670996476      1.601411269810541    -0.5830161171011519
                  492.5   -0.05598791688680649     0.1094405712034951      10.09621672391075      1.254810483742554
                    495    -0.4493132829666138     0.1091907799726199      16.21911941106954      1.726555422827043
                  497.5    -0.1836319863796234     0.1087780348202937      13.08785754883912       1.50826236256267
                    500   -0.05996939167380333     0.1082612531118088      10.86065271762765      1.316961770603994
