#! FIELDS time p.x p.y cv.node-0 opes.bias opes.rct opes.zed opes.neff opes.nker
 0.000000 -0.59128 1.43247 0.0937751 -16 -16 1 1 0
 0.500000 -0.788855 1.18177 -0.223749 -16 -16 1 1 0
 1.000000 -0.65005 1.38565 0.0196263 -16 -16 1 1 0
 1.500000 -0.485284 1.55965 0.27789 -16 -16 1 1 0
 2.000000 -0.415573 1.50748 0.264852 -16 -16 1 1 0
 2.500000 -0.516923 1.54634 0.246521 -16 -16 1 1 0
 3.000000 -0.599669 1.44877 0.10516 -16 -16 1 1 0
 3.500000 -0.655368 1.33647 -0.0284257 -16 -16 1 1 0
 4.000000 -0.52221 1.50723 0.204098 -16 -16 1 1 0
 4.500000 -0.648828 1.38303 0.0177738 -16 -16 1 1 0
 5.000000 -0.442094 1.54229 0.284859 -16 -16 1 1 0
 5.500000 -0.597741 1.40179 0.0611367 -16 -16 1 1 0
 6.000000 -0.499025 1.45761 0.167646 -16 -16 1 1 0
 6.500000 -0.610286 1.37887 0.0331425 -16 -16 1 1 0
 7.000000 -0.72339 1.27349 -0.116775 -16 -16 1 1 0
 7.500000 -0.565332 1.41789 0.0933188 -16 -16 1 1 0
 8.000000 -0.568188 1.41414 0.0882284 -16 -16 1 1 0
 8.500000 -0.557128 1.36723 0.0495813 -16 -16 1 1 0
 9.000000 -0.489691 1.58119 0.297603 -16 -16 1 1 0
 9.500000 -0.536371 1.56333 0.253101 -16 -16 1 1 0
 10.000000 -0.573924 1.47443 0.143657 -16 -16 1 1 0
 10.500000 -0.560815 1.30948 -0.00576539 -16 -16 1 1 0
 11.000000 -0.609283 1.39845 0.0520766 -16 -16 1 1 0
 11.500000 -0.413306 1.56208 0.322056 -16 -16 1 1 0
 12.000000 -0.582509 1.34702 0.0176089 -16 -16 1 1 0
 12.500000 -0.76915 1.25027 -0.157346 -16 -16 1 1 0
 13.000000 -0.445026 1.63036 0.374859 -16 -16 1 1 0
 13.500000 -0.613023 1.47788 0.1266 -16 -16 1 1 0
 14.000000 -0.552932 1.42363 0.105392 -16 -16 1 1 0
 14.500000 -0.537974 1.38541 0.0768227 -16 -16 1 1 0
 15.000000 -0.517857 1.42605 0.126556 -16 -16 1 1 0
 15.500000 -0.460554 1.45309 0.184694 -16 -16 1 1 0
 16.000000 -0.480625 1.47703 0.197074 -16 -16 1 1 0
 16.500000 -0.624622 1.27539 -0.0685093 -16 -16 1 1 0
 17.000000 -0.644759 1.42607 0.0604187 -16 -16 1 1 0
 17.500000 -0.623668 1.43921 0.0836247 -16 -16 1 1 0
 18.000000 -0.470451 1.55783 0.284478 -16 -16 1 1 0
 18.500000 -0.612148 1.46544 0.114901 -16 -16 1 1 0
 19.000000 -0.656231 1.44084 0.0688138 -16 -16 1 1 0
 19.500000 -0.464779 1.52488 0.25407 -16 -16 1 1 0
 20.000000 -0.681669 1.16143 -0.193649 -16 -16 1 1 0
 20.500000 -0.757759 1.19776 -0.197092 -16 -16 1 1 0
 21.000000 -0.43974 1.57439 0.3193 -16 -16 1 1 0
 21.500000 -0.620657 1.28365 -0.0592016 -16 -16 1 1 0
 22.000000 -0.62194 1.38447 0.03251 -16 -16 1 1 0
 22.500000 -0.606933 1.42067 0.0743909 -16 -16 1 1 0
 23.000000 -0.556514 1.42188 0.101802 -16 -16 1 1 0
 23.500000 -0.672126 1.27342 -0.0930872 -16 -16 1 1 0
 24.000000 -0.410616 1.56622 0.327933 -16 -16 1 1 0
 24.500000 -0.68822 1.30538 -0.0722419 -16 -16 1 1 0
 25.000000 -0.513804 1.49766 0.199168 -16 -16 0.472044 1 1
 25.500000 -0.445389 1.47723 0.21723 -0.00625036 -16 0.472044 1 1
 26.000000 -0.519175 1.39013 0.0913591 -0.222679 -16 0.472044 1 1
 26.500000 -0.698344 1.324 -0.0602584 -1.28944 -16 0.472044 1 1
 27.000000 -0.917556 1.10638 -0.335611 -5.47925 -16 0.472044 1 1
 27.500000 -1.06763 0.767582 -0.626751 -13.0692 -14.0664 0.463688 1 2
 28.000000 -0.636804 1.41556 0.0543936 -2.5766 -14.0664 0.463688 1 2
 28.500000 -0.683024 1.33424 -0.0437441 -3.2711 -14.0664 0.463688 1 2
 29.000000 -0.705441 1.18543 -0.184321 -3.24704 -14.0664 0.463688 1 2
 29.500000 -0.520576 1.54748 0.245654 -2.21755 -14.0664 0.463688 1 2
 30.000000 -0.763578 1.28331 -0.126173 -3.70222 -5.08841 0.367623 1.04931 3
 30.500000 -0.182302 1.78237 0.706721 -14.5347 -5.08841 0.367623 1.04931 3
 31.000000 -0.330403 1.67892 0.496339 -7.6698 -5.08841 0.367623 1.04931 3
 31.500000 -0.284954 1.69172 0.538928 -8.88457 -5.08841 0.367623 1.04931 3
 32.000000 -0.231715 1.78091 0.672418 -13.1844 -5.08841 0.367623 1.04931 3
 32.500000 -0.443302 1.65912 0.406496 -5.3632 -5.13766 0.287386 1.05891 4
 33.000000 -0.628669 1.44867 0.0901968 0.0278929 -5.13766 0.287386 1.05891 4
 33.500000 -0.466589 1.59901 0.329353 -0.623615 -5.13766 0.287386 1.05891 4
 34.000000 -0.520367 1.37457 0.0759609 0.146227 -5.13766 0.287386 1.05891 4
 34.500000 -0.530593 1.47289 0.165391 -0.585007 -5.13766 0.287386 1.05891 4
 35.000000 -0.463931 1.46076 0.190346 -0.726778 -2.45959 0.36898 1.85409 4
 35.500000 -0.65316 1.33687 -0.0269847 -0.248958 -2.45959 0.36898 1.85409 4
 36.000000 -0.544094 1.52291 0.207865 1.03545 -2.45959 0.36898 1.85409 4
 36.500000 -0.759179 1.22935 -0.170942 -1.65154 -2.45959 0.36898 1.85409 4
 37.000000 -0.715392 1.35345 -0.0414971 -0.406293 -2.45959 0.36898 1.85409 4
 37.500000 -0.874328 1.10981 -0.316523 -2.68756 -2.48914 0.302436 2.01707 5
 38.000000 -0.684524 1.402 0.0181181 0.282642 -2.48914 0.302436 2.01707 5
 38.500000 -0.449225 1.69685 0.443644 -0.770748 -2.48914 0.302436 2.01707 5
 39.000000 -0.581822 1.42883 0.0951954 0.853474 -2.48914 0.302436 2.01707 5
 39.500000 -0.659384 1.31581 -0.0491316 -0.365224 -2.48914 0.302436 2.01707 5
 40.000000 -0.55607 1.39525 0.0765881 0.74253 -1.09284 0.319429 2.39784 5
 40.500000 -0.661212 1.28929 -0.0738153 0.39246 -1.09284 0.319429 2.39784 5
 41.000000 -0.283353 1.70608 0.555691 -4.72214 -1.09284 0.319429 2.39784 5
 41.500000 -0.459919 1.5126 0.244415 0.585659 -1.09284 0.319429 2.39784 5
 42.000000 -0.525591 1.46071 0.15613 1.16511 -1.09284 0.319429 2.39784 5
 42.500000 -0.802601 1.19912 -0.215076 -1.32443 -1.11607 0.345319 2.72268 4
 43.000000 -0.497049 1.48735 0.198169 0.787999 -1.11607 0.345319 2.72268 4
 43.500000 -0.19472 1.77968 0.695429 -6.87498 -1.11607 0.345319 2.72268 4
 44.000000 -0.329956 1.57313 0.383831 -1.47337 -1.11607 0.345319 2.72268 4
 44.500000 -0.735168 1.37155 -0.034087 0.643542 -1.11607 0.345319 2.72268 4
 45.000000 -0.644254 1.26469 -0.0875162 0.242048 -0.862294 0.394284 3.71118 5
 45.500000 -0.549785 1.47123 0.153382 0.582005 -0.862294 0.394284 3.71118 5
 46.000000 -0.625247 1.34702 -0.0039503 0.775299 -0.862294 0.394284 3.71118 5
 46.500000 -0.570625 1.3984 0.0719513 0.778423 -0.862294 0.394284 3.71118 5
 47.000000 -0.644358 1.37801 0.0152977 0.787539 -0.862294 0.394284 3.71118 5
 47.500000 -0.297481 1.64066 0.475651 -3.74609 -0.952028 0.389131 3.74453 5
 48.000000 -0.533166 1.47779 0.168825 0.517246 -0.952028 0.389131 3.74453 5
 48.500000 -0.723007 1.26414 -0.124787 0.4793 -0.952028 0.389131 3.74453 5
 49.000000 -0.770807 1.31171 -0.104293 0.568024 -0.952028 0.389131 3.74453 5
 49.500000 -0.5419 1.44591 0.132849 0.665535 -0.952028 0.389131 3.74453 5
 50.000000 -0.653019 1.33064 -0.032601 0.750299 -0.634381 0.435107 4.58194 5
 50.500000 -0.774137 1.15511 -0.239523 -0.65161 -0.634381 0.435107 4.58194 5
 51.000000 -0.407779 1.67677 0.446613 -3.17083 -0.634381 0.435107 4.58194 5
 51.500000 -0.408569 1.70035 0.471703 -3.44487 -0.634381 0.435107 4.58194 5
 52.000000 -0.652319 1.41175 0.0430513 0.785525 -0.634381 0.435107 4.58194 5
 52.500000 -0.607339 1.44544 0.0979819 0.550212 -0.473482 0.433069 5.57699 5
 53.000000 -0.466165 1.48214 0.210307 0.0586207 -0.473482 0.433069 5.57699 5
 53.500000 -0.434802 1.68103 0.435066 -3.55121 -0.473482 0.433069 5.57699 5
 54.000000 -0.336298 1.5726 0.379379 -2.61832 -0.473482 0.433069 5.57699 5
 54.500000 -0.344042 1.67465 0.48322 -3.99892 -0.473482 0.433069 5.57699 5
 55.000000 -0.704509 1.25786 -0.121833 0.374937 -0.38234 0.438323 6.56677 5
 55.500000 -0.346222 1.62999 0.433863 -3.70195 -0.38234 0.438323 6.56677 5
 56.000000 -0.513618 1.56827 0.27079 -0.852114 -0.38234 0.438323 6.56677 5
 56.500000 -0.389555 1.5725 0.346981 -2.15495 -0.38234 0.438323 6.56677 5
 57.000000 -0.278098 1.58595 0.429658 -3.64557 -0.38234 0.438323 6.56677 5
 57.500000 -0.466449 1.68446 0.420128 -3.50696 -0.448198 0.438522 6.6038 5
 58.000000 -0.393437 1.62829 0.40331 -2.90822 -0.448198 0.438522 6.6038 5
 58.500000 -0.442173 1.57377 0.317245 -1.57416 -0.448198 0.438522 6.6038 5
 59.000000 -0.3709 1.61126 0.398885 -2.85575 -0.448198 0.438522 6.6038 5
 59.500000 -0.401595 1.67239 0.445612 -3.29109 -0.448198 0.438522 6.6038 5
 60.000000 -0.428453 1.61952 0.373149 -2.50093 -0.504214 0.439618 6.7039 5
 60.500000 -0.469385 1.56363 0.291048 -1.0901 -0.504214 0.439618 6.7039 5
 61.000000 -0.598689 1.43827 0.0955282 0.605466 -0.504214 0.439618 6.7039 5
 61.500000 -0.986283 0.968763 -0.463636 -3.8087 -0.504214 0.439618 6.7039 5
 62.000000 -1.1107 0.899343 -0.552418 -5.45766 -0.504214 0.439618 6.7039 5
 62.500000 -1.01908 0.949106 -0.488698 -4.23028 -0.563334 0.440447 6.72212 5
 63.000000 -0.831693 0.98305 -0.397092 -2.74783 -0.563334 0.440447 6.72212 5
 63.500000 -0.61998 1.38149 0.0307085 0.773745 -0.563334 0.440447 6.72212 5
 64.000000 -0.335128 1.65684 0.469505 -2.87039 -0.563334 0.440447 6.72212 5
 64.500000 -0.128929 1.93682 0.921275 -15.9547 -0.563334 0.440447 6.72212 5
 65.000000 -0.0753748 1.85933 0.867493 -14.7886 -0.620493 0.367039 6.72212 6
 65.500000 -0.198476 1.8894 0.818768 -12.3463 -0.620493 0.367039 6.72212 6
 66.000000 -0.180844 1.94281 0.89321 -14.2424 -0.620493 0.367039 6.72212 6
 66.500000 -0.204202 1.85655 0.776873 -10.5501 -0.620493 0.367039 6.72212 6
 67.000000 -0.12043 1.9052 0.889902 -14.2112 -0.620493 0.367039 6.72212 6
 67.500000 -0.178216 1.91223 0.858991 -13.7316 -0.67456 0.367039 6.72212 6
 68.000000 -0.288693 1.76615 0.618934 -5.21769 -0.67456 0.367039 6.72212 6
 68.500000 -0.135693 1.88465 0.8555 -12.9184 -0.67456 0.367039 6.72212 6
 69.000000 -0.142793 1.82846 0.785753 -10.8882 -0.67456 0.367039 6.72212 6
 69.500000 -0.35941 1.72471 0.528402 -3.41452 -0.67456 0.367039 6.72212 6
 70.000000 -0.350342 1.56244 0.360201 -1.79336 -0.708806 0.367428 6.92196 6
 70.500000 -0.680088 1.32456 -0.0511269 0.98448 -0.708806 0.367428 6.92196 6
 71.000000 -0.530331 1.56687 0.260056 -0.465397 -0.708806 0.367428 6.92196 6
 71.500000 -0.504809 1.52699 0.233626 -0.183754 -0.708806 0.367428 6.92196 6
 72.000000 -0.575244 1.35535 0.0290737 0.930762 -0.708806 0.367428 6.92196 6
 72.500000 -0.593426 1.40712 0.0684132 0.840959 -0.546106 0.375665 7.74699 6
 73.000000 -0.365732 1.57845 0.367532 -1.75492 -0.546106 0.375665 7.74699 6
 73.500000 -0.434235 1.57101 0.319009 -1.40453 -0.546106 0.375665 7.74699 6
 74.000000 -0.158876 1.90201 0.86005 -13.3498 -0.546106 0.375665 7.74699 6
 74.500000 -0.195452 1.85917 0.78572 -11.9988 -0.546106 0.375665 7.74699 6
 75.000000 -0.1924 1.81657 0.73884 -9.93819 -0.592622 0.322 7.74705 7
 75.500000 -0.115391 1.8384 0.815813 -10.3832 -0.592622 0.322 7.74705 7
 76.000000 -0.271033 1.76098 0.624482 -5.54953 -0.592622 0.322 7.74705 7
 76.500000 -0.331462 1.58254 0.392767 -1.73453 -0.592622 0.322 7.74705 7
 77.000000 -0.402912 1.53983 0.305274 -1.10742 -0.592622 0.322 7.74705 7
 77.500000 -0.269716 1.87857 0.759302 -9.65156 -0.637068 0.322 7.74713 7
 78.000000 -0.295496 1.68408 0.523897 -3.13381 -0.637068 0.322 7.74713 7
 78.500000 -0.387586 1.61265 0.390266 -1.72203 -0.637068 0.322 7.74713 7
 79.000000 -0.305033 1.74238 0.582007 -4.38024 -0.637068 0.322 7.74713 7
 79.500000 -0.338478 1.61333 0.420919 -1.89642 -0.637068 0.322 7.74713 7
 80.000000 -0.449835 1.59152 0.331236 -1.37427 -0.659039 0.322376 8.02485 7
 80.500000 -0.44655 1.53714 0.277015 -0.5626 -0.659039 0.322376 8.02485 7
 81.000000 -0.726626 1.30212 -0.0929523 0.867087 -0.659039 0.322376 8.02485 7
 81.500000 -0.961665 0.788127 -0.579619 -4.93773 -0.659039 0.322376 8.02485 7
 82.000000 -0.907467 1.08577 -0.347934 -2.02792 -0.659039 0.322376 8.02485 7
 82.500000 -0.735671 1.28481 -0.112385 0.767443 -0.539869 0.326169 8.95586 7
 83.000000 -0.296694 1.74207 0.58696 -4.85521 -0.539869 0.326169 8.95586 7
 83.500000 -0.306002 1.72508 0.562227 -4.15816 -0.539869 0.326169 8.95586 7
 84.000000 -0.409532 1.53261 0.293971 -0.883703 -0.539869 0.326169 8.95586 7
 84.500000 -0.412333 1.54123 0.301155 -0.941012 -0.539869 0.326169 8.95586 7
 85.000000 -0.491173 1.58972 0.3056 -0.973709 -0.5535 0.327 9.34635 7
 85.500000 -0.369921 1.58784 0.374827 -0.968575 -0.5535 0.327 9.34635 7
 86.000000 -0.242393 1.78439 0.669361 -8.18618 -0.5535 0.327 9.34635 7
 86.500000 -0.512056 1.53488 0.23758 -0.174885 -0.5535 0.327 9.34635 7
 87.000000 -0.675587 1.40649 0.0266673 1.0291 -0.5535 0.327 9.34635 7
 87.500000 -0.429527 1.61638 0.369207 -0.93087 -0.56521 0.325213 9.75838 7
 88.000000 -0.510549 1.51463 0.217969 0.00569561 -0.56521 0.325213 9.75838 7
 88.500000 -0.48244 1.56947 0.289615 -0.406398 -0.56521 0.325213 9.75838 7
 89.000000 -0.577161 1.50194 0.169121 0.429455 -0.56521 0.325213 9.75838 7
 89.500000 -0.462881 1.57479 0.306303 -0.437083 -0.56521 0.325213 9.75838 7
 90.000000 -0.431303 1.55388 0.303037 -0.432033 -0.560135 0.325707 10.3891 7
 90.500000 -0.29494 1.78338 0.63429 -6.87259 -0.560135 0.325707 10.3891 7
 91.000000 -0.27786 1.76133 0.62048 -6.29309 -0.560135 0.325707 10.3891 7
 91.500000 -0.177766 1.79651 0.725773 -9.39903 -0.560135 0.325707 10.3891 7
 92.000000 -0.19022 1.75786 0.673857 -8.5032 -0.560135 0.325707 10.3891 7
 92.500000 -0.308723 1.77172 0.612408 -5.96358 -0.595066 0.285067 10.3922 8
 93.000000 -0.200046 1.76683 0.677415 -6.58678 -0.595066 0.285067 10.3922 8
 93.500000 -0.468062 1.4998 0.226897 0.166664 -0.595066 0.285067 10.3922 8
 94.000000 -0.448983 1.52695 0.265229 0.0432911 -0.595066 0.285067 10.3922 8
 94.500000 -0.7932 1.17664 -0.229822 -0.0580912 -0.595066 0.285067 10.3922 8
 95.000000 -0.751669 1.2544 -0.146101 0.831012 -0.494848 0.297216 11.2552 8
 95.500000 -0.4521 1.52947 0.265996 -0.123545 -0.494848 0.297216 11.2552 8
 96.000000 -0.336494 1.57155 0.378157 -0.419357 -0.494848 0.297216 11.2552 8
 96.500000 -0.0880686 2.00993 1.03643 -14.8633 -0.494848 0.297216 11.2552 8
 97.000000 -0.302009 1.63045 0.46186 -1.52108 -0.494848 0.297216 11.2552 8
 97.500000 -0.254686 1.75442 0.627714 -5.9125 -0.52749 0.297202 11.2583 8
 98.000000 -0.145431 1.85538 0.814949 -8.99334 -0.52749 0.297202 11.2583 8
 98.500000 -0.52561 1.44941 0.145058 0.525661 -0.52749 0.297202 11.2583 8
 99.000000 -0.682697 1.39261 0.010207 0.989601 -0.52749 0.297202 11.2583 8
 99.500000 -0.401502 1.66181 0.434269 -1.05103 -0.52749 0.297202 11.2583 8
 100.000000 -0.439676 1.57291 0.317806 -0.168693 -0.514093 0.296657 12.0067 8
 100.500000 -0.521036 1.48903 0.186591 0.24819 -0.514093 0.296657 12.0067 8
 101.000000 -0.500604 1.51656 0.225446 0.0864962 -0.514093 0.296657 12.0067 8
 101.500000 -0.603432 1.49049 0.143962 0.498336 -0.514093 0.296657 12.0067 8
 102.000000 -0.240151 1.67985 0.554745 -4.02811 -0.514093 0.296657 12.0067 8
 102.500000 -0.329388 1.64726 0.462767 -1.44194 -0.532584 0.271048 12.27 9
 103.000000 -0.49871 1.49229 0.20217 0.240861 -0.532584 0.271048 12.27 9
 103.500000 -0.543006 1.44519 0.131551 0.637431 -0.532584 0.271048 12.27 9
 104.000000 -0.505997 1.49287 0.198698 0.25737 -0.532584 0.271048 12.27 9
 104.500000 -0.547037 1.51532 0.19864 0.257655 -0.532584 0.271048 12.27 9
 105.000000 -0.667321 1.42306 0.0463749 0.929069 -0.4396 0.275208 13.0383 9
 105.500000 -0.471581 1.52719 0.252538 -0.0452551 -0.4396 0.275208 13.0383 9
 106.000000 -0.602637 1.34644 0.00683935 1.15808 -0.4396 0.275208 13.0383 9
 106.500000 -0.560991 1.50657 0.182362 0.342342 -0.4396 0.275208 13.0383 9
 107.000000 -0.717143 1.35625 -0.0397549 1.16721 -0.4396 0.275208 13.0383 9
 107.500000 -0.471092 1.52361 0.249188 -0.0438944 -0.425826 0.277123 13.8357 10
 108.000000 -0.53786 1.40046 0.0912008 0.975763 -0.425826 0.277123 13.8357 10
 108.500000 -0.532428 1.40369 0.0971874 0.951501 -0.425826 0.277123 13.8357 10
 109.000000 -0.454962 1.56481 0.30056 0.190847 -0.425826 0.277123 13.8357 10
 109.500000 -0.701598 1.31243 -0.0721886 1.1144 -0.425826 0.277123 13.8357 10
 110.000000 -0.499374 1.44153 0.151705 0.630922 -0.375001 0.280089 14.8283 10
 110.500000 -0.577483 1.36544 0.0373364 1.12027 -0.375001 0.280089 14.8283 10
 111.000000 -0.490758 1.41195 0.127741 1.01013 -0.375001 0.280089 14.8283 10
 111.500000 -0.574165 1.45741 0.12688 1.01379 -0.375001 0.280089 14.8283 10
 112.000000 -0.468778 1.58484 0.313337 0.144397 -0.375001 0.280089 14.8283 10
 112.500000 -0.43047 1.64875 0.402995 -0.494635 -0.378053 0.289159 15.4109 10
 113.000000 -0.714064 1.24289 -0.139202 0.801428 -0.378053 0.289159 15.4109 10
 113.500000 -0.311582 1.75811 0.59537 -4.1532 -0.378053 0.289159 15.4109 10
 114.000000 -0.151887 1.81063 0.759217 -7.83059 -0.378053 0.289159 15.4109 10
 114.500000 -0.275242 1.66571 0.516797 -1.8938 -0.378053 0.289159 15.4109 10
 115.000000 -0.207786 1.75871 0.663182 -5.9694 -0.40462 0.289112 15.4139 10
 115.500000 -0.133856 1.93992 0.921576 -11.8064 -0.40462 0.289112 15.4139 10
 116.000000 -0.34109 1.65889 0.468024 -0.962508 -0.40462 0.289112 15.4139 10
 116.500000 -0.399687 1.50078 0.267399 0.250993 -0.40462 0.289112 15.4139 10
 117.000000 -0.615993 1.46336 0.110899 1.01956 -0.40462 0.289112 15.4139 10
 117.500000 -0.428385 1.58382 0.335748 0.0968973 -0.38806 0.295396 16.2907 10
 118.000000 -0.223628 1.6961 0.583295 -3.83275 -0.38806 0.295396 16.2907 10
 118.500000 -0.242433 1.74546 0.625667 -5.01976 -0.38806 0.295396 16.2907 10
 119.000000 -0.226912 1.82779 0.728817 -6.53184 -0.38806 0.295396 16.2907 10
 119.500000 -0.327797 1.76378 0.591457 -4.08577 -0.38806 0.295396 16.2907 10
 120.000000 -0.101336 1.84869 0.837294 -9.33202 -0.413375 0.295397 16.2908 10
 120.500000 -0.561653 1.42706 0.104071 0.977734 -0.413375 0.295397 16.2908 10
 121.000000 -0.60309 1.44923 0.103837 0.978337 -0.413375 0.295397 16.2908 10
 121.500000 -0.421171 1.589 0.345396 0.282728 -0.413375 0.295397 16.2908 10
 122.000000 -0.491185 1.48092 0.195035 0.517266 -0.413375 0.295397 16.2908 10
 122.500000 -0.508408 1.44938 0.154409 0.759569 -0.360378 0.299252 17.2254 10
 123.000000 -0.60465 1.44159 0.0956471 1.11263 -0.360378 0.299252 17.2254 10
 123.500000 -0.227504 1.75925 0.650822 -5.55399 -0.360378 0.299252 17.2254 10
 124.000000 -0.176722 1.77343 0.700357 -6.16889 -0.360378 0.299252 17.2254 10
 124.500000 -0.27622 1.73114 0.587919 -4.06153 -0.360378 0.299252 17.2254 10
 125.000000 -0.423118 1.52734 0.280622 0.354938 -0.335805 0.288916 18.1976 9
 125.500000 -0.518447 1.48376 0.182774 0.843471 -0.335805 0.288916 18.1976 9
 126.000000 -0.582972 1.38234 0.0503538 1.03917 -0.335805 0.288916 18.1976 9
 126.500000 -0.638547 1.39662 0.0356179 0.996606 -0.335805 0.288916 18.1976 9
 127.000000 -0.563525 1.4299 0.105819 1.0985 -0.335805 0.288916 18.1976 9
 127.500000 -0.464948 1.55386 0.283544 0.654241 -0.297225 0.290767 19.1822 9
 128.000000 -0.485425 1.55729 0.275395 0.831789 -0.297225 0.290767 19.1822 9
 128.500000 -0.35386 1.65275 0.453533 -0.895958 -0.297225 0.290767 19.1822 9
 129.000000 -0.382694 1.5268 0.303934 0.80595 -0.297225 0.290767 19.1822 9
 129.500000 -0.498813 1.57007 0.280957 0.832751 -0.297225 0.290767 19.1822 9
 130.000000 -0.543596 1.55465 0.240261 0.79392 -0.253258 0.295076 20.1058 9
 130.500000 -0.597297 1.42054 0.0792224 0.963743 -0.253258 0.295076 20.1058 9
 131.000000 -0.588216 1.41744 0.080949 0.966128 -0.253258 0.295076 20.1058 9
 131.500000 -0.658422 1.40642 0.0350019 0.85538 -0.253258 0.295076 20.1058 9
 132.000000 -0.720429 1.4091 0.0076425 0.770429 -0.253258 0.295076 20.1058 9
 132.500000 -0.469034 1.53263 0.25952 1.00316 -0.198921 0.296791 20.8265 9
 133.000000 -0.55761 1.50079 0.178417 0.933046 -0.198921 0.296791 20.8265 9
 133.500000 -0.578061 1.4622 0.129501 0.911891 -0.198921 0.296791 20.8265 9
 134.000000 -0.604645 1.4469 0.100785 0.911161 -0.198921 0.296791 20.8265 9
 134.500000 -0.684274 1.35264 -0.0275436 0.613679 -0.198921 0.296791 20.8265 9
 135.000000 -0.39659 1.65204 0.426746 -0.649193 -0.206834 0.295704 21.3205 9
 135.500000 -0.270104 1.82321 0.695399 -6.36021 -0.206834 0.295704 21.3205 9
 136.000000 -0.266728 1.832 0.707621 -6.52156 -0.206834 0.295704 21.3205 9
 136.500000 -0.211005 1.75126 0.652721 -5.88576 -0.206834 0.295704 21.3205 9
 137.000000 -0.434636 1.5212 0.267675 1.13387 -0.206834 0.295704 21.3205 9
 137.500000 -0.606693 1.36348 0.0205873 0.722655 -0.174733 0.299162 22.3011 9
 138.000000 -0.737968 1.39314 -0.0154401 0.776987 -0.174733 0.299162 22.3011 9
 138.500000 -0.887479 1.1486 -0.290662 -1.4749 -0.174733 0.299162 22.3011 9
 139.000000 -1.05484 1.01323 -0.454022 -4.33792 -0.174733 0.299162 22.3011 9
 139.500000 -0.525469 1.41716 0.113849 0.980447 -0.174733 0.299162 22.3011 9
 140.000000 -0.831892 1.2402 -0.192627 -0.0349733 -0.171613 0.311505 23.085 9
 140.500000 -0.733975 1.29237 -0.104945 0.505525 -0.171613 0.311505 23.085 9
 141.000000 -0.966897 1.05461 -0.393403 -4.0433 -0.171613 0.311505 23.085 9
 141.500000 -0.851856 1.16049 -0.267065 -0.812343 -0.171613 0.311505 23.085 9
 142.000000 -1.1787 0.952172 -0.535826 -5.91041 -0.171613 0.311505 23.085 9
 142.500000 -1.18207 0.404635 -0.870157 -15.661 -0.192232 0.280355 23.085 10
 143.000000 -1.14512 0.39603 -0.864563 -15.0825 -0.192232 0.280355 23.085 10
 143.500000 -1.33776 0.481766 -0.869339 -15.1438 -0.192232 0.280355 23.085 10
 144.000000 -1.08404 0.479452 -0.802537 -13.0531 -0.192232 0.280355 23.085 10
 144.500000 -1.29838 0.667733 -0.753114 -10.9435 -0.192232 0.280355 23.085 10
 145.000000 -1.25073 0.491471 -0.841836 -14.5966 -0.212435 0.280355 23.085 10
 145.500000 -1.45085 0.45709 -0.909987 -14.9241 -0.212435 0.280355 23.085 10
 146.000000 -1.09945 0.512941 -0.788458 -12.3946 -0.212435 0.280355 23.085 10
 146.500000 -1.09498 0.468251 -0.81182 -13.3185 -0.212435 0.280355 23.085 10
 147.000000 -1.27752 0.663294 -0.750391 -10.8327 -0.212435 0.280355 23.085 10
 147.500000 -1.3373 0.620179 -0.791117 -12.5051 -0.232238 0.254868 23.085 11
 148.000000 -1.15512 0.732337 -0.674881 -8.18706 -0.232238 0.254868 23.085 11
 148.500000 -1.31533 0.535016 -0.834324 -12.9026 -0.232238 0.254868 23.085 11
 149.000000 -0.947144 1.10299 -0.349134 -2.49794 -0.232238 0.254868 23.085 11
 149.500000 -1.00076 0.968455 -0.468751 -5.39772 -0.232238 0.254868 23.085 11
 150.000000 -0.845644 1.20766 -0.225687 -0.033012 -0.228007 0.251751 23.8752 11
 150.500000 -0.455835 1.4985 0.232544 1.1246 -0.228007 0.251751 23.8752 11
 151.000000 -0.540355 1.42302 0.1115 1.10111 -0.228007 0.251751 23.8752 11
 151.500000 -0.579276 1.38343 0.0532883 1.10037 -0.228007 0.251751 23.8752 11
 152.000000 -0.541655 1.50573 0.19197 1.01997 -0.228007 0.251751 23.8752 11
 152.500000 -0.424235 1.63807 0.395307 0.0814311 -0.221188 0.255618 24.7261 11
 153.000000 -0.25274 1.81997 0.702983 -6.44474 -0.221188 0.255618 24.7261 11
 153.500000 -0.412018 1.61469 0.377801 0.453544 -0.221188 0.255618 24.7261 11
 154.000000 -0.635658 1.39643 0.036884 1.02471 -0.221188 0.255618 24.7261 11
 154.500000 -0.479337 1.47085 0.191664 0.981186 -0.221188 0.255618 24.7261 11
 155.000000 -0.600379 1.43063 0.0872983 1.0877 -0.172362 0.253111 25.3024 11
 155.500000 -0.434411 1.47977 0.226067 1.0308 -0.172362 0.253111 25.3024 11
 156.000000 -0.474191 1.54549 0.269696 1.08755 -0.172362 0.253111 25.3024 11
 156.500000 -0.558004 1.45493 0.133021 1.12979 -0.172362 0.253111 25.3024 11
 157.000000 -1.14893 0.787476 -0.638125 -7.35649 -0.172362 0.253111 25.3024 11
 157.500000 -0.879247 1.22466 -0.224932 0.0816144 -0.167118 0.252172 26.1374 11
 158.000000 -0.763559 1.16576 -0.226251 0.2449 -0.167118 0.252172 26.1374 11
 158.500000 -0.686756 1.26554 -0.106889 0.585143 -0.167118 0.252172 26.1374 11
 159.000000 -0.53605 1.58947 0.280162 1.05968 -0.167118 0.252172 26.1374 11
 159.500000 -0.565401 1.49111 0.164642 1.01172 -0.167118 0.252172 26.1374 11
 160.000000 -0.52379 1.53517 0.231371 1.02301 -0.127082 0.253261 26.8802 11
 160.500000 -0.554156 1.43044 0.111307 1.13987 -0.127082 0.253261 26.8802 11
 161.000000 -0.457283 1.52347 0.256922 1.19705 -0.127082 0.253261 26.8802 11
 161.500000 -0.0572576 1.88795 0.913327 -10.7565 -0.127082 0.253261 26.8802 11
 162.000000 -0.409955 1.72349 0.496153 -1.48207 -0.127082 0.253261 26.8802 11
 162.500000 -0.244531 1.73936 0.617503 -5.40582 -0.144691 0.253268 26.8849 11
 163.000000 -0.287245 1.7872 0.643514 -5.54997 -0.144691 0.253268 26.8849 11
 163.500000 -0.276382 1.76143 0.62154 -5.2352 -0.144691 0.253268 26.8849 11
 164.000000 -0.21488 1.81827 0.725877 -6.70637 -0.144691 0.253268 26.8849 11
 164.500000 -0.588235 1.40773 0.0716796 1.14363 -0.144691 0.253268 26.8849 11
 165.000000 -0.591234 1.24154 -0.0820082 0.56267 -0.127111 0.25416 27.8812 11
 165.500000 -0.551064 1.39943 0.083206 1.12103 -0.127111 0.25416 27.8812 11
 166.000000 -0.531207 1.49609 0.188041 1.03656 -0.127111 0.25416 27.8812 11
 166.500000 -0.528393 1.45881 0.15274 1.0355 -0.127111 0.25416 27.8812 11
 167.000000 -0.775126 1.29664 -0.119539 0.646912 -0.127111 0.25416 27.8812 11
 167.500000 -0.808321 1.20538 -0.212228 0.279773 -0.118636 0.254883 28.7976 11
 168.000000 -0.570083 1.45596 0.127623 1.05009 -0.118636 0.254883 28.7976 11
 168.500000 -0.443814 1.47368 0.214591 1.06502 -0.118636 0.254883 28.7976 11
 169.000000 -0.559741 1.44792 0.125272 1.05431 -0.118636 0.254883 28.7976 11
 169.500000 -0.551505 1.41625 0.0990484 1.0903 -0.118636 0.254883 28.7976 11
 170.000000 -0.504629 1.5724 0.280083 1.10287 -0.079539 0.254902 29.44 11
 170.500000 -0.345014 1.74965 0.564925 -3.6447 -0.079539 0.254902 29.44 11
 171.000000 -0.0814217 1.8082 0.80454 -8.86616 -0.079539 0.254902 29.44 11
 171.500000 -0.184566 1.85064 0.783138 -8.27956 -0.079539 0.254902 29.44 11
 172.000000 -0.139308 2.02177 1.01554 -14.1755 -0.079539 0.254902 29.44 11
 172.500000 -0.198945 1.74095 0.649168 -5.72656 -0.0960095 0.2549 29.4434 11
 173.000000 -0.361119 1.72799 0.530951 -2.52473 -0.0960095 0.2549 29.4434 11
 173.500000 -0.545844 1.57679 0.261692 1.23248 -0.0960095 0.2549 29.4434 11
 174.000000 -0.427573 1.61798 0.372047 0.392728 -0.0960095 0.2549 29.4434 11
 174.500000 -0.317374 1.77768 0.613606 -5.06638 -0.0960095 0.2549 29.4434 11
 175.000000 9.81432e-05 1.99997 1.08608 -15.9053 -0.11227 0.233658 29.4434 12
 175.500000 -0.339819 1.77224 0.593365 -4.49181 -0.11227 0.233658 29.4434 12
 176.000000 -0.299682 1.78098 0.628559 -5.21147 -0.11227 0.233658 29.4434 12
 176.500000 -0.281189 1.74312 0.59803 -4.62414 -0.11227 0.233658 29.4434 12
 177.000000 -0.177412 1.8369 0.772126 -7.62762 -0.11227 0.233658 29.4434 12
 177.500000 -0.338887 1.72055 0.536565 -2.61421 -0.12695 0.216854 29.5184 13
 178.000000 -0.536048 1.55408 0.243831 1.35871 -0.12695 0.216854 29.5184 13
 178.500000 -0.647528 1.34326 -0.0183961 0.906894 -0.12695 0.216854 29.5184 13
 179.000000 -0.980766 1.02147 -0.423127 -4.84348 -0.12695 0.216854 29.5184 13
 179.500000 -1.01943 1.10822 -0.370513 -2.82026 -0.12695 0.216854 29.5184 13
 180.000000 -0.958319 1.01668 -0.418863 -4.69861 -0.142534 0.216862 29.5279 13
 180.500000 -0.899402 1.09818 -0.335233 -1.61342 -0.142534 0.216862 29.5279 13
 181.000000 -0.867277 0.985696 -0.408703 -4.13509 -0.142534 0.216862 29.5279 13
 181.500000 -1.02542 0.936323 -0.499843 -5.25375 -0.142534 0.216862 29.5279 13
 182.000000 -0.874456 1.07637 -0.342751 -1.8455 -0.142534 0.216862 29.5279 13
 182.500000 -0.58689 1.36368 0.030856 1.08572 -0.10605 0.217629 30.2503 13
 183.000000 -0.397541 1.67879 0.454961 -0.691746 -0.10605 0.217629 30.2503 13
 183.500000 -0.500928 1.37768 0.0893957 1.28803 -0.10605 0.217629 30.2503 13
 184.000000 -0.632325 1.42382 0.0645111 1.29716 -0.10605 0.217629 30.2503 13
 184.500000 -0.694806 1.39668 0.00818824 1.14025 -0.10605 0.217629 30.2503 13
 185.000000 -0.373782 1.61147 0.397359 0.141669 -0.1018 0.218922 31.081 13
 185.500000 -0.533217 1.48959 0.180489 1.07887 -0.1018 0.218922 31.081 13
 186.000000 -0.248976 1.74689 0.623011 -4.4925 -0.1018 0.218922 31.081 13
 186.500000 -0.557441 1.47616 0.154134 1.0919 -0.1018 0.218922 31.081 13
 187.000000 -0.390725 1.60598 0.381338 0.477756 -0.1018 0.218922 31.081 13
 187.500000 -0.217146 1.76479 0.663837 -5.24124 -0.116749 0.218911 31.0864 13
 188.000000 -0.700822 1.35996 -0.0286867 0.952172 -0.116749 0.218911 31.0864 13
 188.500000 -0.622237 1.24654 -0.0928498 0.749613 -0.116749 0.218911 31.0864 13
 189.000000 -0.519769 1.42622 0.125685 1.17224 -0.116749 0.218911 31.0864 13
 189.500000 -0.49689 1.47823 0.189192 1.09316 -0.116749 0.218911 31.0864 13
 190.000000 -0.499913 1.49074 0.19995 1.12187 -0.0813412 0.256719 31.7806 14
 190.500000 -0.508301 1.49013 0.194696 1.0776 -0.0813412 0.256719 31.7806 14
 191.000000 -0.484672 1.43822 0.156597 1.01852 -0.0813412 0.256719 31.7806 14
 191.500000 -0.481964 1.59645 0.31785 0.924361 -0.0813412 0.256719 31.7806 14
 192.000000 -0.460164 1.50209 0.233683 1.16952 -0.0813412 0.256719 31.7806 14
 192.500000 -0.698333 1.38106 -0.00803561 0.84784 -0.0593751 0.281683 32.7545 15
 193.000000 -0.66259 1.2527 -0.106805 0.443964 -0.0593751 0.281683 32.7545 15
 193.500000 -0.409136 1.51386 0.275093 1.03201 -0.0593751 0.281683 32.7545 15
 194.000000 -0.255768 1.75569 0.628433 -4.7971 -0.0593751 0.281683 32.7545 15
 194.500000 -0.447178 1.60949 0.351591 0.486615 -0.0593751 0.281683 32.7545 15
 195.000000 -0.73148 1.30134 -0.0958665 0.478989 -0.049238 0.281578 33.7156 15
 195.500000 -0.645993 1.38071 0.0170148 0.941433 -0.049238 0.281578 33.7156 15
 196.000000 -0.29469 1.72461 0.568889 -3.55629 -0.049238 0.281578 33.7156 15
 196.500000 -0.576117 1.49511 0.162899 0.877466 -0.049238 0.281578 33.7156 15
 197.000000 -0.611125 1.46074 0.110863 0.926744 -0.049238 0.281578 33.7156 15
 197.500000 -0.465485 1.63089 0.363487 0.33628 -0.0426349 0.283554 34.6255 15
 198.000000 -0.435248 1.59354 0.34186 0.641778 -0.0426349 0.283554 34.6255 15
 198.500000 -0.526586 1.51085 0.205326 0.936663 -0.0426349 0.283554 34.6255 15
 199.000000 -0.560825 1.36991 0.0501617 0.957963 -0.0426349 0.283554 34.6255 15
 199.500000 -0.563833 1.5186 0.192862 0.903584 -0.0426349 0.283554 34.6255 15
 200.000000 -0.638391 1.27525 -0.0753319 0.622637 -0.029595 0.284373 35.6214 15
 200.500000 -0.635733 1.38396 0.0251325 0.926166 -0.029595 0.284373 35.6214 15
 201.000000 -0.673815 1.3645 -0.0116141 0.869358 -0.029595 0.284373 35.6214 15
 201.500000 -0.580401 1.37633 0.0460292 0.939787 -0.029595 0.284373 35.6214 15
 202.000000 -0.641153 1.43618 0.0718814 0.931914 -0.029595 0.284373 35.6214 15
 202.500000 -0.590875 1.46176 0.122355 0.851743 -0.0104086 0.284776 36.5911 15
 203.000000 -0.615556 1.43296 0.0817512 1.00111 -0.0104086 0.284776 36.5911 15
 203.500000 -0.699353 1.38971 -0.000486311 0.881442 -0.0104086 0.284776 36.5911 15
 204.000000 -0.399194 1.59375 0.363416 0.396098 -0.0104086 0.284776 36.5911 15
 204.500000 -0.45189 1.42708 0.164087 0.891129 -0.0104086 0.284776 36.5911 15
 205.000000 -0.546138 1.48222 0.166186 0.890613 0.00915704 0.2838 37.5457 15
 205.500000 -0.671252 1.24172 -0.120461 0.512158 0.00915704 0.2838 37.5457 15
 206.000000 -0.314642 1.57676 0.39711 0.0348549 0.00915704 0.2838 37.5457 15
 206.500000 -0.272445 1.78475 0.650275 -5.26158 0.00915704 0.2838 37.5457 15
 207.000000 -0.35658 1.63867 0.436771 -0.473417 0.00915704 0.2838 37.5457 15
 207.500000 -0.561162 1.34994 0.0313308 0.935313 0.0292836 0.286867 38.4788 15
 208.000000 -0.393035 1.63089 0.406317 -0.110274 0.0292836 0.286867 38.4788 15
 208.500000 -0.281301 1.66183 0.508731 -2.04962 0.0292836 0.286867 38.4788 15
 209.000000 -0.388479 1.59519 0.371343 0.252137 0.0292836 0.286867 38.4788 15
 209.500000 -0.53931 1.46541 0.153306 0.975531 0.0292836 0.286867 38.4788 15
 210.000000 -0.705566 1.27168 -0.110212 0.523909 0.0376679 0.286107 39.4506 15
 210.500000 -0.597314 1.39077 0.0509347 1.03294 0.0376679 0.286107 39.4506 15
 211.000000 -0.690818 1.31589 -0.0640304 0.747144 0.0376679 0.286107 39.4506 15
 211.500000 -0.624258 1.4263 0.0709481 1.04713 0.0376679 0.286107 39.4506 15
 212.000000 -0.541356 1.53787 0.224452 0.928582 0.0376679 0.286107 39.4506 15
 212.500000 -0.594103 1.37993 0.0423677 1.02072 0.0591575 0.287956 40.3199 15
 213.000000 -0.384495 1.52388 0.299874 0.730443 0.0591575 0.287956 40.3199 15
 213.500000 -0.20673 1.85802 0.77689 -7.84615 0.0591575 0.287956 40.3199 15
 214.000000 -0.209271 1.73522 0.63596 -5.15794 0.0591575 0.287956 40.3199 15
 214.500000 -0.286518 1.73954 0.590644 -4.33863 0.0591575 0.287956 40.3199 15
 215.000000 -0.322701 1.73056 0.557748 -3.5076 0.0466209 0.287781 40.349 15
 215.500000 -0.300685 1.76789 0.613228 -4.50775 0.0466209 0.287781 40.349 15
 216.000000 -0.250048 1.7354 0.609514 -4.43899 0.0466209 0.287781 40.349 15
 216.500000 -0.353418 1.66881 0.471117 -1.18911 0.0466209 0.287781 40.349 15
 217.000000 -0.533147 1.56092 0.252415 0.865375 0.0466209 0.287781 40.349 15
 217.500000 -0.645519 1.47127 0.103569 1.07431 0.0690831 0.288166 41.1745 15
 218.000000 -0.211942 1.78469 0.689689 -5.86231 0.0690831 0.288166 41.1745 15
 218.500000 -0.212618 1.86243 0.77808 -7.91391 0.0690831 0.288166 41.1745 15
 219.000000 -0.291808 1.71342 0.558383 -3.4127 0.0690831 0.288166 41.1745 15
 219.500000 -0.22008 1.58765 0.468592 -1.17118 0.0690831 0.288166 41.1745 15
 220.000000 -0.59304 1.34625 0.011529 1.02511 0.0889022 0.2576 42.0637 14
 220.500000 -0.621985 1.28587 -0.0578693 0.894289 0.0889022 0.2576 42.0637 14
 221.000000 -0.549789 1.48369 0.165664 1.03996 0.0889022 0.2576 42.0637 14
 221.500000 -0.453339 1.5518 0.288105 0.821317 0.0889022 0.2576 42.0637 14
 222.000000 -0.245878 1.74993 0.628406 -4.74296 0.0889022 0.2576 42.0637 14
 222.500000 -0.402516 1.57849 0.34549 0.463587 0.094498 0.261432 43.005 14
 223.000000 -0.508924 1.52981 0.234184 0.901738 0.094498 0.261432 43.005 14
 223.500000 -0.25255 1.71936 0.590124 -4.1064 0.094498 0.261432 43.005 14
 224.000000 -0.606361 1.46209 0.114631 1.23376 0.094498 0.261432 43.005 14
 224.500000 -0.625692 1.3287 -0.0209727 1.05569 0.094498 0.261432 43.005 14
 225.000000 -0.575597 1.41006 0.080454 1.34052 0.124252 0.26046 43.373 14
 225.500000 -0.780695 1.23118 -0.178715 0.216037 0.124252 0.26046 43.373 14
 226.000000 -0.383324 1.57848 0.356952 0.446837 0.124252 0.26046 43.373 14
 226.500000 -0.74629 1.22823 -0.166243 0.297764 0.124252 0.26046 43.373 14
 227.000000 -0.607291 1.40927 0.0633461 1.42289 0.124252 0.26046 43.373 14
 227.500000 -0.937805 1.08056 -0.363139 -3.32347 0.112519 0.243595 43.406 15
 228.000000 -1.06522 0.911361 -0.530083 -6.12926 0.112519 0.243595 43.406 15
 228.500000 -1.12472 0.539209 -0.780947 -13.1668 0.112519 0.243595 43.406 15
 229.000000 -1.20531 0.63181 -0.749908 -12.3248 0.112519 0.243595 43.406 15
 229.500000 -1.25495 0.74026 -0.697398 -10.2987 0.112519 0.243595 43.406 15
 230.000000 -1.24979 0.626898 -0.764724 -12.797 0.100543 0.243595 43.406 15
 230.500000 -1.41854 0.666314 -0.783579 -12.8434 0.100543 0.243595 43.406 15
 231.000000 -1.27465 0.569288 -0.804572 -13.0777 0.100543 0.243595 43.406 15
 231.500000 -1.09835 0.676318 -0.692965 -10.1268 0.100543 0.243595 43.406 15
 232.000000 -1.15584 0.788199 -0.63965 -8.36854 0.100543 0.243595 43.406 15
 232.500000 -0.825196 1.27012 -0.164186 0.372913 0.104219 0.246669 44.299 15
 233.000000 -0.409116 1.5381 0.299837 0.801209 0.104219 0.246669 44.299 15
 233.500000 -0.436187 1.56038 0.306886 0.774563 0.104219 0.246669 44.299 15
 234.000000 -0.5365 1.47788 0.167109 1.05358 0.104219 0.246669 44.299 15
 234.500000 -0.51927 1.46312 0.161945 1.07841 0.104219 0.246669 44.299 15
 235.000000 -0.533952 1.52444 0.214944 0.917648 0.118714 0.247055 45.2732 15
 235.500000 -0.314106 1.85494 0.703453 -6.0891 0.118714 0.247055 45.2732 15
 236.000000 -0.311166 1.83692 0.684673 -5.75932 0.118714 0.247055 45.2732 15
 236.500000 -0.341818 1.74859 0.565747 -3.64309 0.118714 0.247055 45.2732 15
 237.000000 -0.243162 1.66808 0.539965 -3.01367 0.118714 0.247055 45.2732 15
 237.500000 -0.126852 1.89217 0.870294 -10.5022 0.107153 0.247055 45.2732 15
 238.000000 -0.27318 1.80106 0.668224 -5.48553 0.107153 0.247055 45.2732 15
 238.500000 -0.188101 1.80907 0.733152 -6.69579 0.107153 0.247055 45.2732 15
 239.000000 -0.681581 1.27143 -0.0992933 0.687091 0.107153 0.247055 45.2732 15
 239.500000 -0.664181 1.26605 -0.0958305 0.697988 0.107153 0.247055 45.2732 15
 240.000000 -0.812016 1.18403 -0.231548 -0.104594 0.104982 0.245945 45.9344 15
 240.500000 -0.528958 1.53647 0.229839 0.984805 0.104982 0.245945 45.9344 15
 241.000000 -0.340497 1.75057 0.568773 -3.71314 0.104982 0.245945 45.9344 15
 241.500000 -0.201876 1.76757 0.67704 -5.63595 0.104982 0.245945 45.9344 15
 242.000000 -0.278719 1.72663 0.581323 -3.96917 0.104982 0.245945 45.9344 15
 242.500000 -0.597034 1.4861 0.142982 1.18549 0.126614 0.249414 46.6747 15
 243.000000 -0.528079 1.49187 0.185559 1.11969 0.126614 0.249414 46.6747 15
 243.500000 -0.402355 1.59266 0.360388 0.386336 0.126614 0.249414 46.6747 15
 244.000000 -0.202199 1.8353 0.753758 -7.25038 0.126614 0.249414 46.6747 15
 244.500000 -0.504028 1.3739 0.0841324 1.41506 0.126614 0.249414 46.6747 15
 245.000000 -0.502938 1.51503 0.222606 1.01044 0.14227 0.253486 47.6109 15
 245.500000 -0.641582 1.34839 -0.0107654 1.04387 0.14227 0.253486 47.6109 15
 246.000000 -0.566251 1.44673 0.120672 1.3161 0.14227 0.253486 47.6109 15
 246.500000 -0.62857 1.43146 0.0737076 1.38122 0.14227 0.253486 47.6109 15
 247.000000 -0.399483 1.52773 0.294913 0.830805 0.14227 0.253486 47.6109 15
 247.500000 -0.356939 1.61229 0.408484 -0.157748 0.139418 0.252364 48.2377 15
 248.000000 -0.699865 1.29529 -0.0866972 0.634828 0.139418 0.252364 48.2377 15
 248.500000 -0.614832 1.39082 0.0420613 1.32195 0.139418 0.252364 48.2377 15
 249.000000 -0.622117 1.346 -0.00333066 1.08899 0.139418 0.252364 48.2377 15
 249.500000 -0.696159 1.35692 -0.0292731 0.918507 0.139418 0.252364 48.2377 15
 250.000000 -0.510172 1.43754 0.141886 1.25656 0.16152 0.254924 48.8907 15
 250.500000 -0.207401 1.75086 0.654648 -5.39156 0.16152 0.254924 48.8907 15
 251.000000 -0.747406 1.18751 -0.201181 0.156278 0.16152 0.254924 48.8907 15
 251.500000 -0.574636 1.3809 0.0533155 1.33486 0.16152 0.254924 48.8907 15
 252.000000 -0.668032 1.41753 0.0407845 1.2927 0.16152 0.254924 48.8907 15
 252.500000 -0.587366 1.40464 0.0691877 1.3692 0.18643 0.253975 49.3451 15
 253.000000 -0.436755 1.4865 0.231442 1.02067 0.18643 0.253975 49.3451 15
 253.500000 -0.236389 1.8592 0.758669 -7.49637 0.18643 0.253975 49.3451 15
 254.000000 -0.398449 1.53969 0.307773 0.681905 0.18643 0.253975 49.3451 15
 254.500000 -0.740689 1.27073 -0.127002 0.438841 0.18643 0.253975 49.3451 15
 255.000000 -0.449398 1.52387 0.261856 0.907981 0.197619 0.253995 50.3385 15
 255.500000 -0.196493 1.83802 0.760674 -7.57189 0.197619 0.253995 50.3385 15
 256.000000 -0.263943 1.74249 0.608415 -4.62952 0.197619 0.253995 50.3385 15
 256.500000 -0.338707 1.72477 0.54133 -3.11437 0.197619 0.253995 50.3385 15
 257.000000 -0.255298 1.7297 0.599789 -4.46816 0.197619 0.253995 50.3385 15
 257.500000 -0.443193 1.53658 0.278387 0.910114 0.208497 0.253559 51.3319 15
 258.000000 -0.354516 1.59553 0.392273 0.0336053 0.208497 0.253559 51.3319 15
 258.500000 -0.100375 1.99561 1.01076 -14.1341 0.208497 0.253559 51.3319 15
 259.000000 -0.264957 1.65032 0.506706 -2.14058 0.208497 0.253559 51.3319 15
 259.500000 -0.323872 1.71291 0.537556 -3.02788 0.208497 0.253559 51.3319 15
 260.000000 -0.30918 1.67871 0.509406 -2.21681 0.198956 0.253956 51.4245 15
 260.500000 -0.487068 1.61619 0.335575 0.590001 0.198956 0.253956 51.4245 15
 261.000000 -0.591606 1.3822 0.0457857 1.32835 0.198956 0.253956 51.4245 15
 261.500000 -0.524681 1.53984 0.235615 1.09749 0.198956 0.253956 51.4245 15
 262.000000 -0.453441 1.59813 0.336049 0.58581 0.198956 0.253956 51.4245 15
 262.500000 -0.611736 1.25523 -0.0800686 0.540685 0.203147 0.25359 52.3614 15
 263.000000 -0.388771 1.50172 0.274796 0.982177 0.203147 0.25359 52.3614 15
 263.500000 -0.622356 1.39889 0.0458763 1.31899 0.203147 0.25359 52.3614 15
 264.000000 -0.716752 1.18043 -0.193586 0.135163 0.203147 0.25359 52.3614 15
 264.500000 -0.737717 1.29501 -0.104309 0.541498 0.203147 0.25359 52.3614 15
 265.000000 -0.507828 1.52872 0.233696 1.08831 0.217567 0.255465 53.2758 15
 265.500000 -0.548646 1.40217 0.0870951 1.35503 0.217567 0.255465 53.2758 15
 266.000000 -0.324509 1.73546 0.56203 -3.42613 0.217567 0.255465 53.2758 15
 266.500000 -0.389326 1.74463 0.531991 -2.71223 0.217567 0.255465 53.2758 15
 267.000000 -0.30377 1.6976 0.533429 -2.74747 0.217567 0.255465 53.2758 15
 267.500000 -0.20105 1.78491 0.697131 -6.25974 0.207431 0.273697 53.2774 14
 268.000000 -0.272407 1.6965 0.552174 -3.26106 0.207431 0.273697 53.2774 14
 268.500000 -0.133511 1.87735 0.848499 -10.0612 0.207431 0.273697 53.2774 14
 269.000000 -0.414281 1.58336 0.343582 0.428726 0.207431 0.273697 53.2774 14
 269.500000 -0.296159 1.69533 0.535764 -2.86905 0.207431 0.273697 53.2774 14
 270.000000 -0.135171 1.8602 0.827485 -9.43882 0.197381 0.273697 53.2775 14
 270.500000 -0.304823 1.73445 0.57334 -3.75006 0.197381 0.273697 53.2775 14
 271.000000 -0.282566 1.80893 0.671107 -5.77579 0.197381 0.273697 53.2775 14
 271.500000 -0.214295 1.76457 0.665473 -5.6905 0.197381 0.273697 53.2775 14
 272.000000 -0.63304 1.3717 0.0150257 1.07249 0.197381 0.273697 53.2775 14
 272.500000 -0.559748 1.47585 0.152596 1.18139 0.213831 0.274483 54.1126 14
 273.000000 -0.573239 1.49098 0.160336 1.22001 0.213831 0.274483 54.1126 14
 273.500000 -0.639087 1.44455 0.0809566 1.28815 0.213831 0.274483 54.1126 14
 274.000000 -0.23912 1.77535 0.661311 -5.65249 0.213831 0.274483 54.1126 14
 274.500000 -0.243672 1.835 0.72607 -6.66008 0.213831 0.274483 54.1126 14
 275.000000 -0.392133 1.69805 0.479143 -1.52102 0.205724 0.27555 54.2915 14
 275.500000 -0.257458 1.679 0.542643 -2.82078 0.205724 0.27555 54.2915 14
 276.000000 -0.456335 1.50773 0.241542 1.0602 0.205724 0.27555 54.2915 14
 276.500000 -0.732489 1.27744 -0.117431 0.372528 0.205724 0.27555 54.2915 14
 277.000000 -0.406193 1.62362 0.390716 -0.101102 0.205724 0.27555 54.2915 14
 277.500000 -0.269734 1.77135 0.63694 -5.27581 0.196008 0.27555 54.2959 14
 278.000000 -0.397744 1.54336 0.311962 0.693475 0.196008 0.27555 54.2959 14
 278.500000 -0.473609 1.62918 0.356978 0.25662 0.196008 0.27555 54.2959 14
 279.000000 -0.717164 1.19373 -0.182594 0.0809818 0.196008 0.27555 54.2959 14
 279.500000 -0.830997 1.25665 -0.178206 0.107591 0.196008 0.27555 54.2959 14
 280.000000 -1.12845 0.975476 -0.504438 -6.24823 0.186362 0.275547 54.2975 14
 280.500000 -1.16368 0.827923 -0.616039 -7.94864 0.186362 0.275547 54.2975 14
 281.000000 -1.14287 0.545848 -0.782326 -13.1747 0.186362 0.275547 54.2975 14
 281.500000 -1.0312 0.587609 -0.725672 -11.6032 0.186362 0.275547 54.2975 14
 282.000000 -0.686508 0.455265 -0.684589 -10.0516 0.186362 0.275547 54.2975 14
 282.500000 -1.13923 0.497867 -0.808125 -13.481 0.176792 0.275547 54.2975 14
 283.000000 -1.13986 0.503144 -0.805383 -13.2549 0.176792 0.275547 54.2975 14
 283.500000 -1.20777 0.687063 -0.717473 -11.2846 0.176792 0.275547 54.2975 14
 284.000000 -1.22403 0.79748 -0.652761 -8.98296 0.176792 0.275547 54.2975 14
 284.500000 -1.26615 0.507932 -0.836797 -13.5976 0.176792 0.275547 54.2975 14
 285.000000 -1.02058 0.405692 -0.823701 -13.4362 0.167314 0.296743 54.2975 13
 285.500000 -0.696762 0.446782 -0.69324 -10.4354 0.167314 0.296743 54.2975 13
 286.000000 -0.147092 0.423742 -0.458892 -5.78651 0.167314 0.296743 54.2975 13
 286.500000 -0.419249 0.485327 -0.555845 -6.79419 0.167314 0.296743 54.2975 13
 287.000000 -0.52194 0.352458 -0.677699 -9.87651 0.167314 0.296743 54.2975 13
 287.500000 -0.0365429 0.503209 -0.345469 -2.91947 0.158354 0.296969 54.3434 13
 288.000000 0.0690307 0.399711 -0.351342 -3.0008 0.158354 0.296969 54.3434 13
 288.500000 -0.0288673 0.426387 -0.391576 -4.14706 0.158354 0.296969 54.3434 13
 289.000000 -0.220272 0.44665 -0.482987 -5.95837 0.158354 0.296969 54.3434 13
 289.500000 -0.199555 0.500065 -0.438284 -5.28825 0.158354 0.296969 54.3434 13
 290.000000 0.0388048 0.441439 -0.342028 -2.73105 0.149572 0.297076 54.3987 13
 290.500000 -0.216987 0.493274 -0.451819 -5.40406 0.149572 0.297076 54.3987 13
 291.000000 -0.165559 0.499323 -0.420566 -4.66651 0.149572 0.297076 54.3987 13
 291.500000 0.0793348 0.454014 -0.309085 -1.80671 0.149572 0.297076 54.3987 13
 292.000000 -0.521443 0.373977 -0.665438 -9.46135 0.149572 0.297076 54.3987 13
 292.500000 -0.341252 0.441105 -0.546317 -6.65308 0.140365 0.275874 54.3998 14
 293.000000 -0.35949 0.480529 -0.530925 -6.29465 0.140365 0.275874 54.3998 14
 293.500000 -0.731014 0.473578 -0.690706 -10.1981 0.140365 0.275874 54.3998 14
 294.000000 -0.127133 0.407965 -0.458067 -5.4513 0.140365 0.275874 54.3998 14
 294.500000 -0.333802 0.376748 -0.581206 -7.01365 0.140365 0.275874 54.3998 14
 295.000000 -0.212907 0.370893 -0.525747 -6.24113 0.131248 0.297065 54.4015 13
 295.500000 -0.0317151 0.456242 -0.37377 -3.46945 0.131248 0.297065 54.4015 13
 296.000000 -0.236423 0.460351 -0.482712 -5.76705 0.131248 0.297065 54.4015 13
 296.500000 -0.147763 0.520883 -0.396774 -4.05451 0.131248 0.297065 54.4015 13
 297.000000 -0.186092 0.487426 -0.439262 -5.08901 0.131248 0.297065 54.4015 13
 297.500000 -0.130627 0.408965 -0.459324 -5.47126 0.122232 0.297065 54.4051 13
 298.000000 -0.234908 0.455622 -0.484896 -5.65392 0.122232 0.297065 54.4051 13
 298.500000 -0.0776117 0.533254 -0.349102 -2.8286 0.122232 0.297065 54.4051 13
 299.000000 0.212592 0.467525 -0.215251 -0.241788 0.122232 0.297065 54.4051 13
 299.500000 -0.103706 0.42077 -0.437233 -4.98303 0.122232 0.297065 54.4051 13
 300.000000 -0.0948276 0.445895 -0.416278 -4.51577 0.11335 0.297088 54.4145 13
 300.500000 -0.157143 0.475226 -0.431576 -4.70869 0.11335 0.297088 54.4145 13
 301.000000 -0.101287 0.433696 -0.427674 -4.63567 0.11335 0.297088 54.4145 13
 301.500000 0.0257766 0.439418 -0.351132 -2.87189 0.11335 0.297088 54.4145 13
 302.000000 -0.103104 0.480265 -0.398633 -4.02386 0.11335 0.297088 54.4145 13
 302.500000 -0.128847 0.401374 -0.463117 -5.18709 0.104506 0.297084 54.4193 13
 303.000000 -0.319769 0.467491 -0.519862 -5.70178 0.104506 0.297084 54.4193 13
 303.500000 -0.0756251 0.460071 -0.396354 -3.95717 0.104506 0.297084 54.4193 13
 304.000000 0.0338682 0.493222 -0.310354 -1.83637 0.104506 0.297084 54.4193 13
 304.500000 -0.0140955 0.426764 -0.382809 -3.64942 0.104506 0.297084 54.4193 13
 305.000000 -0.0947353 0.456351 -0.409487 -4.23759 0.0958105 0.297112 54.4317 13
 305.500000 -0.113321 0.437128 -0.432107 -4.50139 0.0958105 0.297112 54.4317 13
 306.000000 0.0931133 0.419736 -0.32352 -2.15866 0.0958105 0.297112 54.4317 13
 306.500000 -0.0665333 0.484855 -0.37497 -3.427 0.0958105 0.297112 54.4317 13
 307.000000 0.0381004 0.443683 -0.340964 -2.601 0.0958105 0.297112 54.4317 13
 307.500000 -0.18006 0.397945 -0.492369 -5.22688 0.0871197 0.297101 54.4363 13
 308.000000 -0.120912 0.543276 -0.366987 -3.24137 0.0871197 0.297101 54.4363 13
 308.500000 0.125737 0.432049 -0.295116 -1.48312 0.0871197 0.297101 54.4363 13
 309.000000 -0.272705 0.622786 -0.396015 -3.86618 0.0871197 0.297101 54.4363 13
 309.500000 -0.660363 0.411645 -0.699292 -11.4047 0.0871197 0.297101 54.4363 13
 310.000000 -1.10635 0.756907 -0.645225 -8.95233 0.0784626 0.275881 54.4364 14
 310.500000 -1.20049 0.550945 -0.795343 -12.9987 0.0784626 0.275881 54.4364 14
 311.000000 -1.04878 0.713326 -0.655263 -9.10825 0.0784626 0.275881 54.4364 14
 311.500000 -1.17265 0.569643 -0.777086 -12.8366 0.0784626 0.275881 54.4364 14
 312.000000 -1.1571 0.584564 -0.764186 -12.6375 0.0784626 0.275881 54.4364 14
 312.500000 -1.15427 0.817293 -0.620306 -7.89266 0.0698819 0.275883 54.4367 14
 313.000000 -0.769123 1.1167 -0.268599 -0.884938 0.0698819 0.275883 54.4367 14
 313.500000 -0.505755 1.52867 0.234802 1.07319 0.0698819 0.275883 54.4367 14
 314.000000 -0.637781 1.43606 0.0734604 1.27115 0.0698819 0.275883 54.4367 14
 314.500000 -0.721899 1.32569 -0.0696877 0.528066 0.0698819 0.275883 54.4367 14
 315.000000 -0.650103 1.38029 0.0145957 1.03683 0.0836001 0.274868 55.3921 14
 315.500000 -0.268774 1.78515 0.653094 -5.45785 0.0836001 0.274868 55.3921 14
 316.000000 -0.593631 1.59921 0.258858 0.987416 0.0836001 0.274868 55.3921 14
 316.500000 -0.409668 1.56548 0.327727 0.531033 0.0836001 0.274868 55.3921 14
 317.000000 -0.641108 1.37416 0.013318 1.09692 0.0836001 0.274868 55.3921 14
 317.500000 -0.509895 1.50927 0.212942 1.09258 0.0981392 0.27852 56.3173 14
 318.000000 -0.54672 1.4482 0.132489 1.24293 0.0981392 0.27852 56.3173 14
 318.500000 -0.250473 1.75159 0.627278 -5.01489 0.0981392 0.27852 56.3173 14
 319.000000 -0.17228 1.87092 0.81482 -9.17902 0.0981392 0.27852 56.3173 14
 319.500000 -0.2853 1.82224 0.684485 -5.92284 0.0981392 0.27852 56.3173 14
 320.000000 -0.340898 1.65896 0.468214 -1.27007 0.0919078 0.279374 56.5423 14
 320.500000 -0.80755 1.24649 -0.177079 0.0579428 0.0919078 0.279374 56.5423 14
 321.000000 -0.394686 1.60321 0.376048 -0.00351576 0.0919078 0.279374 56.5423 14
 321.500000 -0.551052 1.48627 0.167536 1.19272 0.0919078 0.279374 56.5423 14
 322.000000 -0.507827 1.41882 0.125021 1.24774 0.0919078 0.279374 56.5423 14
 322.500000 -0.490032 1.4985 0.213216 1.14043 0.107109 0.282706 57.4339 14
 323.000000 -0.359055 1.69158 0.492335 -1.65596 0.107109 0.282706 57.4339 14
 323.500000 -0.648811 1.40417 0.0376285 1.15079 0.107109 0.282706 57.4339 14
 324.000000 -0.739557 1.36498 -0.04214 0.64459 0.107109 0.282706 57.4339 14
 324.500000 -0.575113 1.49767 0.165968 1.20957 0.107109 0.282706 57.4339 14
 325.000000 -0.57814 1.45929 0.126619 1.23211 0.124017 0.284432 58.2375 14
 325.500000 -0.674971 1.31457 -0.0577169 0.521835 0.124017 0.284432 58.2375 14
 326.000000 -0.515809 1.49581 0.196213 1.20846 0.124017 0.284432 58.2375 14
 326.500000 -0.636658 1.3328 -0.0226356 0.751417 0.124017 0.284432 58.2375 14
 327.000000 -0.614158 1.29761 -0.0434624 0.607612 0.124017 0.284432 58.2375 14
 327.500000 -0.789497 1.20422 -0.205274 -0.20226 0.121751 0.284144 58.8054 14
 328.000000 -0.67512 1.27574 -0.0924513 0.359455 0.121751 0.284144 58.8054 14
 328.500000 -0.576588 1.41672 0.0863063 1.2683 0.121751 0.284144 58.8054 14
 329.000000 -0.630658 1.46922 0.109106 1.28004 0.121751 0.284144 58.8054 14
 329.500000 -0.568437 1.41317 0.0871763 1.26921 0.121751 0.284144 58.8054 14
 330.000000 -0.613809 1.42628 0.0762465 1.2546 0.13858 0.284073 59.589 14
 330.500000 -0.468189 1.54108 0.268611 0.964767 0.13858 0.284073 59.589 14
 331.000000 -0.278697 1.8011 0.664717 -5.79019 0.13858 0.284073 59.589 14
 331.500000 -0.418843 1.59332 0.351293 0.172971 0.13858 0.284073 59.589 14
 332.000000 -0.459876 1.49663 0.228362 1.12309 0.13858 0.284073 59.589 14
 332.500000 -0.491516 1.46323 0.177342 1.21749 0.153992 0.284202 60.4313 14
 333.000000 -0.539173 1.41195 0.101494 1.30967 0.153992 0.284202 60.4313 14
 333.500000 -0.485884 1.64355 0.365118 -0.00496363 0.153992 0.284202 60.4313 14
 334.000000 -0.211416 1.68945 0.583985 -3.94832 0.153992 0.284202 60.4313 14
 334.500000 -0.244267 1.77779 0.6607 -5.76037 0.153992 0.284202 60.4313 14
 335.000000 -0.385069 1.64663 0.427917 -0.71032 0.149389 0.28385 60.7954 14
 335.500000 -0.288259 1.74236 0.592665 -4.17175 0.149389 0.28385 60.7954 14
 336.000000 -0.450708 1.60285 0.342578 0.260189 0.149389 0.28385 60.7954 14
 336.500000 -0.525157 1.40775 0.104976 1.30918 0.149389 0.28385 60.7954 14
 337.000000 -0.684664 1.32032 -0.0571302 0.471129 0.149389 0.28385 60.7954 14
 337.500000 -0.572354 1.3798 0.0534572 1.21772 0.164321 0.282633 61.6444 14
 338.000000 -0.449245 1.47191 0.209729 1.17238 0.164321 0.282633 61.6444 14
 338.500000 -0.575064 1.36706 0.0400972 1.20799 0.164321 0.282633 61.6444 14
 339.000000 -0.981465 0.970337 -0.460858 -4.90935 0.164321 0.282633 61.6444 14
 339.500000 -1.16163 0.726295 -0.680502 -9.69759 0.164321 0.282633 61.6444 14
 340.000000 -1.25786 0.402612 -0.891313 -14.4398 0.156478 0.263791 61.6444 15
 340.500000 -1.01882 0.329869 -0.862725 -13.7408 0.156478 0.263791 61.6444 15
 341.000000 -0.983905 0.436648 -0.796007 -13.0728 0.156478 0.263791 61.6444 15
 341.500000 -1.27835 0.563119 -0.80904 -13.1788 0.156478 0.263791 61.6444 15
 342.000000 -1.26754 0.640539 -0.761338 -12.4362 0.156478 0.263791 61.6444 15
 342.500000 -1.07194 0.81171 -0.599444 -7.28712 0.1487 0.263793 61.6449 15
 343.000000 -1.3376 0.49977 -0.85945 -13.6936 0.1487 0.263793 61.6449 15
 343.500000 -1.05194 0.589065 -0.731097 -11.1831 0.1487 0.263793 61.6449 15
 344.000000 -0.530011 0.427566 -0.638435 -8.14135 0.1487 0.263793 61.6449 15
 344.500000 -0.200358 0.539765 -0.412902 -4.24616 0.1487 0.263793 61.6449 15
 345.000000 0.00719962 0.412788 -0.379493 -3.60446 0.14116 0.263693 61.6671 15
 345.500000 -0.0285538 0.3925 -0.413167 -4.10068 0.14116 0.263693 61.6671 15
 346.000000 -0.242123 0.531448 -0.440371 -4.50124 0.14116 0.263693 61.6671 15
 346.500000 -0.188277 0.443175 -0.468522 -4.84893 0.14116 0.263693 61.6671 15
 347.000000 -0.233476 0.631868 -0.369045 -3.28575 0.14116 0.263693 61.6671 15
 347.500000 -0.259586 0.382153 -0.542297 -5.89378 0.133515 0.247244 61.6693 16
 348.000000 -0.0990914 0.551975 -0.348786 -2.7561 0.133515 0.247244 61.6693 16
 348.500000 -0.110376 0.474229 -0.40661 -3.93313 0.133515 0.247244 61.6693 16
 349.000000 -0.142968 0.490292 -0.414141 -4.05538 0.133515 0.247244 61.6693 16
 349.500000 -0.13755 0.461019 -0.430072 -4.2961 0.133515 0.247244 61.6693 16
 350.000000 -0.124623 0.483257 -0.408632 -3.96648 0.126037 0.247268 61.6848 16
 350.500000 -0.24944 0.607736 -0.393894 -3.63886 0.126037 0.247268 61.6848 16
 351.000000 0.0608671 0.382222 -0.367627 -3.16142 0.126037 0.247268 61.6848 16
 351.500000 -0.218769 0.599338 -0.383181 -3.45841 0.126037 0.247268 61.6848 16
 352.000000 -0.177459 0.498972 -0.427206 -4.11569 0.126037 0.247268 61.6848 16
 352.500000 0.110643 0.555664 -0.219489 -0.19839 0.123952 0.246842 62.2441 16
 353.000000 -0.21031 0.542019 -0.416736 -3.98127 0.123952 0.246842 62.2441 16
 353.500000 -0.120037 0.461854 -0.419951 -4.02509 0.123952 0.246842 62.2441 16
 354.000000 -0.292401 0.504098 -0.48352 -4.80391 0.123952 0.246842 62.2441 16
 354.500000 -0.132028 0.298378 -0.52767 -5.46336 0.123952 0.246842 62.2441 16
 355.000000 -0.120882 0.471172 -0.414402 -3.94889 0.116589 0.246858 62.2599 16
 355.500000 -0.0505754 0.416976 -0.410021 -3.79427 0.116589 0.246858 62.2599 16
 356.000000 -0.0150578 0.491345 -0.340811 -2.48879 0.116589 0.246858 62.2599 16
 356.500000 -0.130014 0.539241 -0.37478 -3.25502 0.116589 0.246858 62.2599 16
 357.000000 -0.027363 0.502138 -0.340816 -2.48892 0.116589 0.246858 62.2599 16
 357.500000 -0.0205316 0.448938 -0.372077 -3.20346 0.109424 0.246801 62.293 16
 358.000000 -0.107805 0.495519 -0.391282 -3.41019 0.109424 0.246801 62.293 16
 358.500000 -0.273042 0.461996 -0.500219 -4.91572 0.109424 0.246801 62.293 16
 359.000000 -0.17972 0.44106 -0.465347 -4.39 0.109424 0.246801 62.293 16
 359.500000 -0.0226643 0.505317 -0.335924 -2.33095 0.109424 0.246801 62.293 16
 360.000000 -0.692277 0.345853 -0.747216 -11.8569 0.102044 0.246801 62.293 16
 360.500000 -0.431051 0.50957 -0.546413 -5.8292 0.102044 0.246801 62.293 16
 361.000000 -0.0734818 0.537154 -0.344099 -2.5284 0.102044 0.246801 62.293 16
 361.500000 -0.0495306 0.452312 -0.386582 -3.34116 0.102044 0.246801 62.293 16
 362.000000 -0.291048 0.556811 -0.449088 -4.17196 0.102044 0.246801 62.293 16
 362.500000 -0.241517 0.552597 -0.426285 -3.87641 0.0948554 0.246809 62.31 16
 363.000000 -0.410051 0.412175 -0.595422 -7.13146 0.0948554 0.246809 62.31 16
 363.500000 -0.132744 0.478251 -0.416346 -3.66497 0.0948554 0.246809 62.31 16
 364.000000 -0.183862 0.491009 -0.43577 -3.88975 0.0948554 0.246809 62.31 16
 364.500000 -0.300899 0.526372 -0.473634 -4.37927 0.0948554 0.246809 62.31 16
 365.000000 -0.0715087 0.416033 -0.422401 -3.73457 0.0877412 0.246819 62.3295 16
 365.500000 -0.405168 0.475533 -0.555341 -6.05078 0.0877412 0.246819 62.3295 16
 366.000000 -0.0871816 0.473912 -0.393852 -3.33877 0.0877412 0.246819 62.3295 16
 366.500000 -0.152433 0.512707 -0.404702 -3.45635 0.0877412 0.246819 62.3295 16
 367.000000 0.0597638 0.557272 -0.250404 -0.482334 0.0877412 0.246819 62.3295 16
 367.500000 -0.283698 0.468115 -0.501732 -4.74825 0.0805784 0.246865 62.3366 16
 368.000000 -0.669579 0.479061 -0.664526 -8.97077 0.0805784 0.246865 62.3366 16
 368.500000 -0.829041 0.445944 -0.740864 -11.4794 0.0805784 0.246865 62.3366 16
 369.000000 -1.248 0.743495 -0.693526 -9.82146 0.0805784 0.246865 62.3366 16
 369.500000 -0.897286 1.2289 -0.228478 -0.211727 0.0805784 0.246865 62.3366 16
 370.000000 -0.628688 1.2092 -0.128418 0.29141 0.0822535 0.246689 63.1352 16
 370.500000 -0.251536 1.70844 0.578731 -3.65312 0.0822535 0.246689 63.1352 16
 371.000000 -0.0494695 1.96408 1.00842 -14.671 0.0822535 0.246689 63.1352 16
 371.500000 -0.239298 1.76949 0.654604 -5.57821 0.0822535 0.246689 63.1352 16
 372.000000 -0.267481 1.75911 0.624681 -4.99583 0.0822535 0.246689 63.1352 16
 372.500000 -0.40482 1.5903 0.356449 0.204699 0.0831769 0.247189 63.8925 16
 373.000000 -0.246548 1.78098 0.662808 -5.70447 0.0831769 0.247189 63.8925 16
 373.500000 -0.135371 1.83924 0.803166 -8.84411 0.0831769 0.247189 63.8925 16
 374.000000 -0.591934 1.45358 0.11384 1.43079 0.0831769 0.247189 63.8925 16
 374.500000 -0.497019 1.50822 0.219055 1.25229 0.0831769 0.247189 63.8925 16
 375.000000 -0.649836 1.24767 -0.105146 0.416431 0.0859582 0.246825 64.7551 16
 375.500000 -0.549957 1.33842 0.0264697 1.22634 0.0859582 0.246825 64.7551 16
 376.000000 -0.605972 1.37938 0.0358059 1.27919 0.0859582 0.246825 64.7551 16
 376.500000 -0.340605 1.76221 0.581671 -3.7989 0.0859582 0.246825 64.7551 16
 377.000000 -0.370899 1.69656 0.490481 -1.52631 0.0859582 0.246825 64.7551 16
 377.500000 -0.115236 1.78317 0.752874 -7.30244 0.078945 0.232312 64.7557 17
 378.000000 -0.513805 1.41793 0.120913 1.47439 0.078945 0.232312 64.7557 17
 378.500000 -0.207994 1.79535 0.704351 -6.1884 0.078945 0.232312 64.7557 17
 379.000000 -0.361592 1.73072 0.533676 -2.43506 0.078945 0.232312 64.7557 17
 379.500000 -0.51809 1.43409 0.134221 1.46137 0.078945 0.232312 64.7557 17
 380.000000 -0.579843 1.43996 0.106963 1.48255 0.100039 0.234747 65.0989 17
 380.500000 -0.778952 1.311 -0.108516 0.484017 0.100039 0.234747 65.0989 17
 381.000000 -0.711428 1.39733 0.000881863 1.09263 0.100039 0.234747 65.0989 17
 381.500000 -0.792858 1.32291 -0.104019 0.495011 0.100039 0.234747 65.0989 17
 382.000000 -0.620673 1.41634 0.0632678 1.47855 0.100039 0.234747 65.0989 17
 382.500000 -0.445506 1.48452 0.224438 1.26216 0.115075 0.236197 65.9145 17
 383.000000 -0.785908 1.03588 -0.339062 -2.43305 0.115075 0.236197 65.9145 17
 383.500000 -1.06046 0.621052 -0.714868 -10.5774 0.115075 0.236197 65.9145 17
 384.000000 -1.41292 0.546845 -0.851612 -13.418 0.115075 0.236197 65.9145 17
 384.500000 -1.1105 0.528637 -0.782844 -12.4996 0.115075 0.236197 65.9145 17
 385.000000 -0.996589 0.539007 -0.743062 -11.5838 0.108203 0.236197 65.9145 17
 385.500000 -1.19749 0.593041 -0.77044 -12.0109 0.108203 0.236197 65.9145 17
 386.000000 -1.26476 0.610314 -0.77836 -12.1267 0.108203 0.236197 65.9145 17
 386.500000 -1.29464 0.676138 -0.747101 -11.5318 0.108203 0.236197 65.9145 17
 387.000000 -1.19316 0.507975 -0.817409 -12.6629 0.108203 0.236197 65.9145 17
 387.500000 -1.31579 0.661509 -0.761278 -11.8518 0.101377 0.236197 65.9146 17
 388.000000 -0.729331 0.490613 -0.680338 -9.43676 0.101377 0.236197 65.9146 17
 388.500000 -0.218943 0.49408 -0.452327 -3.97283 0.101377 0.236197 65.9146 17
 389.000000 -0.353208 0.424708 -0.561844 -6.02959 0.101377 0.236197 65.9146 17
 389.500000 -0.0473695 0.436781 -0.395437 -3.38674 0.101377 0.236197 65.9146 17
 390.000000 -0.165172 0.485683 -0.429177 -3.72772 0.0947448 0.236205 65.9338 17
 390.500000 -0.035881 0.440241 -0.386618 -3.24384 0.0947448 0.236205 65.9338 17
 391.000000 -0.192572 0.540521 -0.408227 -3.45176 0.0947448 0.236205 65.9338 17
 391.500000 -0.232993 0.430066 -0.499801 -4.54746 0.0947448 0.236205 65.9338 17
 392.000000 0.0382342 0.522001 -0.288103 -1.19573 0.0947448 0.236205 65.9338 17
 392.500000 -0.165383 0.494411 -0.423653 -3.58607 0.088181 0.236217 65.956 17
 393.000000 -0.0217738 0.59139 -0.276412 -0.950562 0.088181 0.236217 65.956 17
 393.500000 -0.123397 0.399339 -0.461452 -3.86591 0.088181 0.236217 65.956 17
 394.000000 -0.0876728 0.446783 -0.41172 -3.40222 0.088181 0.236217 65.956 17
 394.500000 -0.283682 0.359789 -0.567361 -6.19344 0.088181 0.236217 65.956 17
 395.000000 0.133688 0.418242 -0.299405 -1.45409 0.0829266 0.225963 66.1355 18
 395.500000 0.0490406 0.447298 -0.331993 -2.07152 0.0829266 0.225963 66.1355 18
 396.000000 -0.160443 0.571891 -0.369831 -2.82554 0.0829266 0.225963 66.1355 18
 396.500000 -0.0312417 0.435209 -0.387222 -3.06917 0.0829266 0.225963 66.1355 18
 397.000000 0.0555068 0.506164 -0.288377 -1.10115 0.0829266 0.225963 66.1355 18
 397.500000 -0.0278049 0.481938 -0.354547 -2.55327 0.0767595 0.226013 66.1973 18
 398.000000 -0.0974241 0.511959 -0.374606 -2.7823 0.0767595 0.226013 66.1973 18
 398.500000 -0.147962 0.451021 -0.442102 -3.55518 0.0767595 0.226013 66.1973 18
 399.000000 -0.239352 0.484604 -0.468939 -3.90122 0.0767595 0.226013 66.1973 18
 399.500000 -0.0754091 0.415766 -0.424749 -3.36348 0.0767595 0.226013 66.1973 18
 400.000000 0.06197 0.478641 -0.303127 -1.40014 0.0716699 0.225986 66.3865 18
 400.500000 -0.177764 0.486804 -0.435217 -3.46317 0.0716699 0.225986 66.3865 18
 401.000000 -0.142954 0.485536 -0.417217 -3.25097 0.0716699 0.225986 66.3865 18
 401.500000 0.0386371 0.556346 -0.26412 -0.623268 0.0716699 0.225986 66.3865 18
 402.000000 -0.102413 0.542355 -0.357154 -2.3731 0.0716699 0.225986 66.3865 18
 402.500000 -0.0947032 0.463942 -0.404555 -3.09558 0.0653895 0.226033 66.4227 18
 403.000000 0.0801156 0.457288 -0.306406 -1.37977 0.0653895 0.226033 66.4227 18
 403.500000 -0.440713 0.475813 -0.571333 -6.3306 0.0653895 0.226033 66.4227 18
 404.000000 -0.706953 0.497469 -0.668059 -9.09035 0.0653895 0.226033 66.4227 18
 404.500000 -0.247152 0.568821 -0.418582 -3.15126 0.0653895 0.226033 66.4227 18
 405.000000 0.0648842 0.394923 -0.356963 -2.34163 0.0594634 0.226087 66.499 18
 405.500000 -0.0722479 0.487157 -0.376712 -2.5376 0.0594634 0.226087 66.499 18
 406.000000 -0.00971343 0.35309 -0.427405 -3.17259 0.0594634 0.226087 66.499 18
 406.500000 0.0466222 0.600296 -0.228232 -0.154697 0.0594634 0.226087 66.499 18
 407.000000 -0.0994757 0.382051 -0.459277 -3.61264 0.0594634 0.226087 66.499 18
 407.500000 0.161509 0.423915 -0.278071 -0.849087 0.0556051 0.22703 66.8154 18
 408.000000 -0.15665 0.472788 -0.432875 -3.2441 0.0556051 0.22703 66.8154 18
 408.500000 -0.0467137 0.423156 -0.40386 -2.86808 0.0556051 0.22703 66.8154 18
 409.000000 -0.0429338 0.479723 -0.364798 -2.297 0.0556051 0.22703 66.8154 18
 409.500000 -0.108026 0.527041 -0.37057 -2.3903 0.0556051 0.22703 66.8154 18
 410.000000 -0.305032 0.443941 -0.52715 -5.02685 0.0492142 0.227017 66.8207 18
 410.500000 -0.626723 0.431291 -0.675295 -9.20896 0.0492142 0.227017 66.8207 18
 411.000000 -0.526174 0.446282 -0.625969 -7.74928 0.0492142 0.227017 66.8207 18
 411.500000 -0.508646 0.495794 -0.589214 -6.61219 0.0492142 0.227017 66.8207 18
 412.000000 -0.00217083 0.452582 -0.358962 -2.19933 0.0492142 0.227017 66.8207 18
 412.500000 -0.147024 0.533876 -0.387788 -2.64887 0.043256 0.226965 66.8772 18
 413.000000 0.229103 0.550783 -0.14538 0.377961 0.043256 0.226965 66.8772 18
 413.500000 -0.0933567 0.467748 -0.401331 -2.71466 0.043256 0.226965 66.8772 18
 414.000000 -0.33245 0.455218 -0.533523 -5.06085 0.043256 0.226965 66.8772 18
 414.500000 0.14344 0.489986 -0.244452 -0.311327 0.043256 0.226965 66.8772 18
 415.000000 -0.0397848 0.438528 -0.38997 -2.57159 0.0373727 0.226946 66.9382 18
 415.500000 0.0370324 0.480638 -0.316933 -1.41609 0.0373727 0.226946 66.9382 18
 416.000000 -0.209549 0.49366 -0.447672 -3.23665 0.0373727 0.226946 66.9382 18
 416.500000 -0.162876 0.34341 -0.516699 -4.63105 0.0373727 0.226946 66.9382 18
 417.000000 -0.342488 0.441026 -0.546952 -5.39623 0.0373727 0.226946 66.9382 18
 417.500000 -0.0432085 0.477594 -0.366364 -2.1851 0.031749 0.226996 67.0274 18
 418.000000 -0.0526232 0.485604 -0.3665 -2.09844 0.031749 0.226996 67.0274 18
 418.500000 -0.115381 0.452404 -0.423466 -2.79183 0.031749 0.226996 67.0274 18
 419.000000 -0.101473 0.491759 -0.390203 -2.36811 0.031749 0.226996 67.0274 18
 419.500000 -0.140723 0.501201 -0.405807 -2.55402 0.031749 0.226996 67.0274 18
 420.000000 -0.129852 0.467496 -0.421705 -2.76652 0.0258625 0.227027 67.0778 18
 420.500000 -0.0233065 0.35999 -0.430782 -2.79682 0.0258625 0.227027 67.0778 18
 421.000000 -0.151014 0.555724 -0.375454 -2.16957 0.0258625 0.227027 67.0778 18
 421.500000 -0.0335443 0.373983 -0.427751 -2.75466 0.0258625 0.227027 67.0778 18
 422.000000 0.155214 0.442765 -0.269307 -0.636269 0.0258625 0.227027 67.0778 18
 422.500000 -0.122256 0.442432 -0.433617 -2.8374 0.0199886 0.22703 67.1249 18
 423.000000 -0.19877 0.615706 -0.361246 -2.00438 0.0199886 0.22703 67.1249 18
 423.500000 -0.120443 0.453436 -0.425585 -2.64233 0.0199886 0.22703 67.1249 18
 424.000000 -0.467239 0.412303 -0.620604 -7.61224 0.0199886 0.22703 67.1249 18
 424.500000 -0.416766 0.40891 -0.600353 -6.97709 0.0199886 0.22703 67.1249 18
 425.000000 -0.204575 0.447619 -0.474253 -3.41653 0.0139965 0.227173 67.1513 18
 425.500000 -0.0835096 0.502081 -0.373264 -2.12409 0.0139965 0.227173 67.1513 18
 426.000000 -0.305844 0.475086 -0.508356 -4.01324 0.0139965 0.227173 67.1513 18
 426.500000 -0.358874 0.539677 -0.493701 -3.68747 0.0139965 0.227173 67.1513 18
 427.000000 -0.768118 0.374027 -0.759119 -11.6357 0.0139965 0.227173 67.1513 18
 427.500000 -0.424582 0.468379 -0.568535 -5.75779 0.00786185 0.227185 67.1539 18
 428.000000 -0.0314261 0.474021 -0.361899 -2.01074 0.00786185 0.227185 67.1539 18
 428.500000 -0.0619343 0.508882 -0.356402 -1.95026 0.00786185 0.227185 67.1539 18
 429.000000 -0.580037 0.407103 -0.670557 -8.8086 0.00786185 0.227185 67.1539 18
 429.500000 -0.336511 0.337749 -0.605185 -6.74217 0.00786185 0.227185 67.1539 18
 430.000000 -0.361735 0.479348 -0.532717 -4.61194 0.00180608 0.227152 67.162 18
 430.500000 -0.19915 0.464625 -0.4607 -3.07261 0.00180608 0.227152 67.162 18
 431.000000 -0.0981089 0.524327 -0.366773 -2.06096 0.00180608 0.227152 67.162 18
 431.500000 -0.151351 0.532836 -0.390862 -2.28147 0.00180608 0.227152 67.162 18
 432.000000 0.151398 0.509402 -0.225866 -0.117438 0.00180608 0.227152 67.162 18
 432.500000 0.0119523 0.525613 -0.301566 -1.14115 -0.00233051 0.227018 67.4049 18
 433.000000 -0.00940802 0.567783 -0.285409 -0.819156 -0.00233051 0.227018 67.4049 18
 433.500000 0.00112797 0.417421 -0.380029 -2.12676 -0.00233051 0.227018 67.4049 18
 434.000000 -0.0187973 0.371983 -0.420649 -2.54835 -0.00233051 0.227018 67.4049 18
 434.500000 -0.154063 0.486354 -0.422736 -2.57174 -0.00233051 0.227018 67.4049 18
 435.000000 -0.168962 0.420063 -0.472827 -3.26673 -0.00814121 0.22709 67.4357 18
 435.500000 0.0730638 0.501098 -0.28103 -0.757781 -0.00814121 0.22709 67.4357 18
 436.000000 0.0605316 0.4723 -0.308286 -1.1586 -0.00814121 0.22709 67.4357 18
 436.500000 -0.322303 0.518596 -0.489197 -3.42726 -0.00814121 0.22709 67.4357 18
 437.000000 -0.704742 0.444159 -0.697688 -9.84722 -0.00814121 0.22709 67.4357 18
 437.500000 -0.81243 0.449899 -0.732978 -11.2481 -0.0141472 0.22709 67.4357 18
 438.000000 -1.12186 0.561544 -0.767448 -11.6219 -0.0141472 0.22709 67.4357 18
 438.500000 -1.23638 0.571512 -0.793272 -11.915 -0.0141472 0.22709 67.4357 18
 439.000000 -1.13366 0.74067 -0.663493 -8.47281 -0.0141472 0.22709 67.4357 18
 439.500000 -1.45399 0.546839 -0.861291 -13.4415 -0.0141472 0.22709 67.4357 18
 440.000000 -1.57742 0.560731 -0.881193 -14.0414 -0.0201173 0.22709 67.4357 18
 440.500000 -1.52766 0.340882 -0.988619 -15.7909 -0.0201173 0.22709 67.4357 18
 441.000000 -1.29627 0.700171 -0.732942 -11.0764 -0.0201173 0.22709 67.4357 18
 441.500000 -1.03981 0.600206 -0.720921 -10.7125 -0.0201173 0.22709 67.4357 18
 442.000000 -0.928654 0.353631 -0.82301 -12.4216 -0.0201173 0.22709 67.4357 18
 442.500000 -1.2112 0.608795 -0.765009 -11.5961 -0.026052 0.22709 67.4357 18
 443.000000 -1.25314 0.677361 -0.735543 -11.0518 -0.026052 0.22709 67.4357 18
 443.500000 -0.985863 0.49441 -0.764881 -11.4298 -0.026052 0.22709 67.4357 18
 444.000000 -0.609078 0.326181 -0.726692 -10.8379 -0.026052 0.22709 67.4357 18
 444.500000 -0.484458 0.387562 -0.642242 -7.71144 -0.026052 0.22709 67.4357 18
 445.000000 -0.167449 0.521018 -0.407446 -2.39207 -0.0313965 0.227199 67.5088 18
 445.500000 0.0294338 0.490622 -0.314788 -1.25437 -0.0313965 0.227199 67.5088 18
 446.000000 0.019489 0.504641 -0.311297 -1.20194 -0.0313965 0.227199 67.5088 18
 446.500000 -0.107235 0.465759 -0.410356 -2.32312 -0.0313965 0.227199 67.5088 18
 447.000000 0.00808701 0.490895 -0.327401 -1.44136 -0.0313965 0.227199 67.5088 18
 447.500000 -0.0737389 0.434912 -0.41156 -2.33378 -0.0366735 0.227287 67.5862 18
 448.000000 0.0668699 0.402465 -0.35084 -1.73809 -0.0366735 0.227287 67.5862 18
 448.500000 -0.0398867 0.576543 -0.297551 -0.996223 -0.0366735 0.227287 67.5862 18
 449.000000 0.000558221 0.505671 -0.321936 -1.35684 -0.0366735 0.227287 67.5862 18
 449.500000 0.0583164 0.451504 -0.323583 -1.38069 -0.0366735 0.227287 67.5862 18
 450.000000 0.033647 0.446057 -0.342056 -1.6326 -0.0413196 0.227526 67.7392 18
 450.500000 0.12633 0.536248 -0.22315 -0.0904182 -0.0413196 0.227526 67.7392 18
 451.000000 0.0626205 0.480124 -0.301726 -1.02548 -0.0413196 0.227526 67.7392 18
 451.500000 0.190147 0.406365 -0.271647 -0.622997 -0.0413196 0.227526 67.7392 18
 452.000000 0.106822 0.442489 -0.299873 -1.00023 -0.0413196 0.227526 67.7392 18
 452.500000 -0.232987 0.496215 -0.458272 -2.75502 -0.0467314 0.227675 67.7905 18
 453.000000 -0.251846 0.474634 -0.481623 -3.0182 -0.0467314 0.227675 67.7905 18
 453.500000 -0.0941563 0.559129 -0.341124 -1.52977 -0.0467314 0.227675 67.7905 18
 454.000000 0.010042 0.475369 -0.336635 -1.47804 -0.0467314 0.227675 67.7905 18
 454.500000 -0.00310981 0.529345 -0.30806 -1.11237 -0.0467314 0.227675 67.7905 18
 455.000000 0.000435162 0.46725 -0.347729 -1.60222 -0.0512757 0.22785 67.9482 18
 455.500000 0.0518026 0.531679 -0.273124 -0.636215 -0.0512757 0.22785 67.9482 18
 456.000000 -0.084927 0.465714 -0.397925 -1.96144 -0.0512757 0.22785 67.9482 18
 456.500000 0.190512 0.517017 -0.195099 0.120542 -0.0512757 0.22785 67.9482 18
 457.000000 -0.0688264 0.482811 -0.377624 -1.78198 -0.0512757 0.22785 67.9482 18
 457.500000 -0.0883161 0.424393 -0.426431 -2.24647 -0.0563667 0.22791 68.0328 18
 458.000000 -0.053434 0.520744 -0.343544 -1.46707 -0.0563667 0.22791 68.0328 18
 458.500000 -0.0659405 0.436144 -0.406379 -1.97293 -0.0563667 0.22791 68.0328 18
 459.000000 -0.399212 0.440054 -0.573981 -5.44062 -0.0563667 0.22791 68.0328 18
 459.500000 -0.0926386 0.521702 -0.36542 -1.65571 -0.0563667 0.22791 68.0328 18
 460.000000 0.017421 0.549602 -0.281773 -0.746135 -0.059202 0.228278 68.3833 18
 460.500000 -0.0240558 0.500215 -0.340165 -1.36223 -0.059202 0.228278 68.3833 18
 461.000000 -0.0965721 0.420872 -0.43324 -2.23028 -0.059202 0.228278 68.3833 18
 461.500000 -0.0597877 0.480907 -0.373714 -1.69682 -0.059202 0.228278 68.3833 18
 462.000000 -0.11811 0.435404 -0.435829 -2.25875 -0.059202 0.228278 68.3833 18
 462.500000 0.0806954 0.496567 -0.279406 -0.638058 -0.0616879 0.228618 68.7699 18
 463.000000 -0.174864 0.495185 -0.42826 -2.18167 -0.0616879 0.228618 68.7699 18
 463.500000 -0.48779 0.432408 -0.617763 -6.99655 -0.0616879 0.228618 68.7699 18
 464.000000 0.0182988 0.479489 -0.328958 -1.15105 -0.0616879 0.228618 68.7699 18
 464.500000 -0.129134 0.456341 -0.428481 -2.18396 -0.0616879 0.228618 68.7699 18
 465.000000 0.150315 0.512186 -0.224619 -0.0734225 -0.0617535 0.228634 69.3884 18
 465.500000 -0.0461446 0.406179 -0.414423 -2.0521 -0.0617535 0.228634 69.3884 18
 466.000000 -0.180586 0.536564 -0.404362 -1.96087 -0.0617535 0.228634 69.3884 18
 466.500000 0.356351 0.401909 -0.164173 0.305987 -0.0617535 0.228634 69.3884 18
 467.000000 -0.0486188 0.512409 -0.34634 -1.36249 -0.0617535 0.228634 69.3884 18
 467.500000 -0.141388 0.581779 -0.352536 -1.44015 -0.0659411 0.228781 69.5742 18
 468.000000 -0.0443279 0.45533 -0.381632 -1.65823 -0.0659411 0.228781 69.5742 18
 468.500000 -0.00319286 0.481715 -0.340245 -1.21369 -0.0659411 0.228781 69.5742 18
 469.000000 0.0818861 0.459585 -0.303772 -0.76842 -0.0659411 0.228781 69.5742 18
 469.500000 -0.339656 0.480223 -0.521625 -3.83357 -0.0659411 0.228781 69.5742 18
 470.000000 -0.682994 0.285162 -0.776035 -11.5542 -0.0715121 0.228781 69.5743 18
 470.500000 -0.100243 0.57103 -0.336523 -1.16945 -0.0715121 0.228781 69.5743 18
 471.000000 0.208013 0.488603 -0.203567 0.131361 -0.0715121 0.228781 69.5743 18
 471.500000 -0.022061 0.519671 -0.325894 -1.04028 -0.0715121 0.228781 69.5743 18
 472.000000 0.0760935 0.430557 -0.32673 -1.05055 -0.0715121 0.228781 69.5743 18
 472.500000 -0.043454 0.532486 -0.329804 -1.08818 -0.0750443 0.229228 69.8332 18
 473.000000 0.136164 0.487085 -0.25109 -0.203834 -0.0750443 0.229228 69.8332 18
 473.500000 -0.139598 0.506449 -0.401757 -1.79859 -0.0750443 0.229228 69.8332 18
 474.000000 -0.174724 0.578197 -0.373462 -1.47566 -0.0750443 0.229228 69.8332 18
 474.500000 -0.405583 0.506934 -0.53631 -4.24505 -0.0750443 0.229228 69.8332 18
 475.000000 -0.111772 0.472588 -0.408449 -1.87806 -0.0796438 0.229377 69.9556 18
 475.500000 -0.00817309 0.469508 -0.351301 -1.21326 -0.0796438 0.229377 69.9556 18
 476.000000 0.0274065 0.480045 -0.323129 -0.921168 -0.0796438 0.229377 69.9556 18
 476.500000 -0.133986 0.514457 -0.393403 -1.63133 -0.0796438 0.229377 69.9556 18
 477.000000 -0.156939 0.471868 -0.433621 -2.08366 -0.0796438 0.229377 69.9556 18
 477.500000 -0.24695 0.598381 -0.398849 -1.68696 -0.0840227 0.229594 70.103 18
 478.000000 0.014393 0.567802 -0.270985 -0.386464 -0.0840227 0.229594 70.103 18
 478.500000 -0.0274584 0.474533 -0.359253 -1.25381 -0.0840227 0.229594 70.103 18
 479.000000 0.303218 0.567694 -0.0823964 0.517387 -0.0840227 0.229594 70.103 18
 479.500000 -0.021725 0.48097 -0.351639 -1.18642 -0.0840227 0.229594 70.103 18
 480.000000 -0.102036 0.432798 -0.428661 -1.91277 -0.088595 0.229649 70.2216 18
 480.500000 -0.311441 0.464737 -0.517503 -3.62516 -0.088595 0.229649 70.2216 18
 481.000000 0.0215986 0.473657 -0.33089 -0.989159 -0.088595 0.229649 70.2216 18
 481.500000 -0.0189962 0.561856 -0.295258 -0.628017 -0.088595 0.229649 70.2216 18
 482.000000 -0.111801 0.578433 -0.338082 -1.0574 -0.088595 0.229649 70.2216 18
 482.500000 -0.4149 0.408013 -0.600044 -6.40559 -0.0940052 0.229642 70.223 18
 483.000000 -0.159734 0.488959 -0.424126 -1.77132 -0.0940052 0.229642 70.223 18
 483.500000 0.0864697 0.478129 -0.2884 -0.558378 -0.0940052 0.229642 70.223 18
 484.000000 -0.137822 0.527316 -0.387042 -1.45129 -0.0940052 0.229642 70.223 18
 484.500000 0.220214 0.530723 -0.165721 0.29046 -0.0940052 0.229642 70.223 18
 485.000000 0.0729982 0.416187 -0.338121 -1.05774 -0.0973362 0.229928 70.4904 18
 485.500000 -0.0919628 0.509176 -0.373361 -1.26402 -0.0973362 0.229928 70.4904 18
 486.000000 -0.154668 0.512528 -0.406042 -1.55505 -0.0973362 0.229928 70.4904 18
 486.500000 -0.408324 0.506214 -0.538025 -4.25114 -0.0973362 0.229928 70.4904 18
 487.000000 -0.102159 0.472435 -0.403203 -1.52746 -0.0973362 0.229928 70.4904 18
 487.500000 -0.168077 0.503275 -0.419362 -1.69425 -0.10161 0.230021 70.6372 18
 488.000000 -0.0308383 0.477098 -0.359523 -1.13148 -0.10161 0.230021 70.6372 18
 488.500000 0.0776037 0.42663 -0.328417 -0.888441 -0.10161 0.230021 70.6372 18
 489.000000 0.124157 0.557682 -0.209415 0.0869316 -0.10161 0.230021 70.6372 18
 489.500000 -0.0272487 0.445383 -0.378293 -1.26776 -0.10161 0.230021 70.6372 18
 490.000000 0.106458 0.425404 -0.311539 -0.7436 -0.104133 0.230083 70.9938 18
 490.500000 0.101202 0.543407 -0.234113 -0.0677717 -0.104133 0.230083 70.9938 18
 491.000000 0.12516 0.546868 -0.216421 0.045739 -0.104133 0.230083 70.9938 18
 491.500000 -0.28065 0.419095 -0.53036 -3.9796 -0.104133 0.230083 70.9938 18
 492.000000 0.0672869 0.421799 -0.337874 -0.874671 -0.104133 0.230083 70.9938 18
 492.500000 0.0650561 0.451762 -0.319317 -0.718411 -0.106564 0.230273 71.3591 18
 493.000000 0.16027 0.427416 -0.276494 -0.338224 -0.106564 0.230273 71.3591 18
 493.500000 -0.166353 0.457002 -0.448171 -1.96797 -0.106564 0.230273 71.3591 18
 494.000000 0.00808234 0.52558 -0.303918 -0.51672 -0.106564 0.230273 71.3591 18
 494.500000 0.259329 0.556139 -0.121048 0.411472 -0.106564 0.230273 71.3591 18
 495.000000 -0.252325 0.423405 -0.513664 -3.4699 -0.111658 0.230153 71.3849 18
 495.500000 -0.0232662 0.432615 -0.384311 -1.22198 -0.111658 0.230153 71.3849 18
 496.000000 0.168836 0.491362 -0.227186 -0.0195635 -0.111658 0.230153 71.3849 18
 496.500000 -0.218478 0.492851 -0.452869 -2.03086 -0.111658 0.230153 71.3849 18
 497.000000 -0.152286 0.518469 -0.400843 -1.38587 -0.111658 0.230153 71.3849 18
 497.500000 -0.0879586 0.431473 -0.42171 -1.60743 -0.115729 0.23023 71.5454 18
 498.000000 0.154485 0.598707 -0.160295 0.297357 -0.115729 0.23023 71.5454 18
 498.500000 0.109411 0.523968 -0.242504 -0.118836 -0.115729 0.23023 71.5454 18
 499.000000 0.079155 0.49475 -0.281603 -0.371901 -0.115729 0.23023 71.5454 18
 499.500000 -0.0915874 0.397056 -0.445556 -1.81398 -0.115729 0.23023 71.5454 18
 500.000000 0.15442 0.538291 -0.203618 0.114141 -0.114384 0.230215 72.2639 18
