#! FIELDS time cv.node-0 sigma_cv.node-0 height logweight
#! SET action OPES_METAD_kernels
#! SET biasfactor                      16
#! SET epsilon   3.872940653519386e-08
#! SET kernel_cutoff       5.842373946721771
#! SET compression_threshold                       1
                     25     0.1991676092147827     0.1564170578187133  1.062430625987056e-07                    -16
                   27.5    -0.6267509460449219     0.1513085136321447  2.058596568699793e-06     -13.06915475862007
                     30    -0.1261733323335648     0.1450757592701726    0.02511018560992384     -3.702215193304138
                   32.5     0.4064958989620209     0.1443201541392514   0.004794676662357055     -5.363204443858303
                     35     0.1903458684682846     0.1245944072587542     0.5730098450454973    -0.7267782240913581
                   37.5    -0.3165234923362732     0.1191445124657637    0.08433941753190076     -2.687558353112355
                     40    0.07658812403678894     0.1118930550977956      2.773127836775262     0.7425298529868792
                   42.5    -0.2150761336088181      0.106582015657832     0.3684863502587774     -1.324426383589686
                     45     -0.087516188621521    0.09862543942294355      1.907336629394016     0.2420475056669811
                   47.5     0.4756507575511932    0.09596131273491271    0.03633221222673644     -3.746094987180922
                     50    -0.0326010137796402    0.09032261645839636      3.462188690727556     0.7502992837991861
                   52.5    0.09798192232847214    0.08539254265822206      2.997992218647575     0.5502120156021618
                     55    -0.1218325421214104    0.08128803926045443      2.643033335757747     0.3749365725151355
                   57.5     0.4201281070709229    0.07989395102056934     0.0554282365991406     -3.506955549178565
                     60     0.3731494843959808    0.07843912259560411     0.1543911153650074     -2.500932933468738
                   62.5    -0.4886977076530457    0.07863795000076088    0.02731975635133535     -4.230280318333976
                     65     0.8674927949905396    0.07912297276088923  7.052931041785601e-07     -14.78863867354476
                   67.5     0.8589907884597778    0.08088021420875549  1.985594503452589e-06     -13.73161253055859
                     70     0.3602014183998108     0.0804963418783028     0.3052625220394793     -1.793360966742764
                   72.5    0.06841318309307098    0.07759720102208389      4.412395088313539      0.840959440153955
                     75     0.7388395071029663     0.0772008347104671  9.237915038046197e-05     -9.938188543766248
                   77.5     0.7593023180961609     0.0767885930723913  0.0001237026681499268     -9.651563170895775
                     80     0.3312363922595978    0.07544083278032394     0.4952835654766125     -1.374265706685022
                   82.5    -0.1123849600553513    0.07438954236579973      4.276424191797611     0.7674430005099573
                     85     0.3056001663208008    0.07307665690381603     0.7632051319300782    -0.9737090129248721
                   87.5      0.369206577539444    0.07164663362249894     0.8125105809378992    -0.9308697356743978
                     90     0.3030366897583008    0.06979848062340857      1.373475043259691    -0.4320332648708519
                   92.5     0.6124083399772644    0.06957780024412213   0.005456036348320443     -5.963576704968371
                     95    -0.1461005359888077    0.06824049679282752      4.967731630874425     0.8310119438223943
                   97.5     0.6277137398719788    0.06783211836348456   0.005889741481926679     -5.912496931384143
                    100     0.3178058862686157    0.06648189278366573       1.87642261007876    -0.1686928443107018
                  102.5     0.4627673923969269    0.06560651524040206     0.5322611073647256     -1.441935661059297
                    105    0.04637487977743149    0.06415484944886317      5.828494620688313     0.9290688750721383
                  107.5     0.2491876929998398    0.06290626981907466      2.246670421428387   -0.04389441762785663
                    110     0.1517048627138138    0.06149921919303805      4.512662263196558     0.6309221972605056
                  112.5      0.402994841337204    0.06047923823635586       1.48892492823194    -0.4946350916886099
                    115     0.6631824374198914    0.06043512047892362   0.006244945448989556     -5.969402032792959
                  117.5     0.3357480764389038    0.05958078977258975      2.730688087367936    0.09689726391797868
                    120     0.8372943997383118    0.05940667629054497   0.000220097733446806     -9.332021814840973
                  122.5     0.1544092148542404    0.05832256026371901      5.411733626970416     0.7595689141014262
                    125     0.2806218862533569    0.05737431818424821      3.670511410592612     0.3549382230659637
                  127.5       0.28354412317276    0.05638367593519712      5.038209741292999     0.6542409287183722
                    130     0.2402608692646027    0.05536428268557085       5.90013456866843     0.7939202648286229
                  132.5     0.2595197260379791    0.05467797701657612      7.364636920899165      1.003161202152055
                    135     0.4267460703849792    0.05402449730131928      1.428120473528812    -0.6491927400410591
                  137.5    0.02058730274438858    0.05335687695164482      5.701003165388928     0.7226554622462742
                    140    -0.1926271021366119    0.05324785227568557      2.677969338245069   -0.03497329440795999
                  142.5    -0.8701567649841309    0.05402075792944421   4.31750474742477e-07     -15.66103920458181
                    145    -0.8418357968330383    0.05653388489650681  1.196075216314004e-06     -14.59661438649134
                  147.5    -0.7911173105239868    0.05827390035905701  9.395997411849873e-06     -12.50506201477248
                    150    -0.2256865501403809    0.05842492178106903      2.445464266019651   -0.03301203265315055
                  152.5     0.3953073024749756    0.05767016529778411       2.77785956741233    0.08143110222121293
                    155    0.08729826658964157    0.05732114068952612      7.644721772054401      1.087695385364781
                  157.5    -0.2249316871166229    0.05686010011876993      2.817951227976632    0.08161440998515428
                    160     0.2313708066940308    0.05619037799075779      7.310085829846881      1.023010984195703
                  162.5     0.6175034642219543    0.05627713133052855    0.01178269631746253     -5.405824540997195
                    165   -0.08200817555189133    0.05601642676161504      4.627490769797991     0.5626701905332095
                  167.5    -0.2122278809547424     0.0553078010591992      3.531945891526666     0.2797733666431514
                    170     0.2800833880901337     0.0546936469087454      8.134520855305668      1.102874835152555
                  172.5     0.6491683125495911    0.05522646390299028   0.008712398336449004     -5.726555477771527
                    175      1.086079001426697    0.05517039923342742  3.311523469220166e-07     -15.90525030421162
                  177.5     0.5365645289421082    0.05532585015530676     0.1954477277605922     -2.614211623145046
                    180      -0.41886305809021    0.05547477942937992    0.02424480393364696     -4.698614025599842
                  182.5    0.03085602261126041    0.05549256036774076      7.881063448725759      1.085722251486481
                    185     0.3973594605922699    0.05491839372668825       3.09816563318902     0.1416689750418191
                  187.5     0.6638365983963013    0.05483645672870539    0.01425555229476565     -5.241243134941013
                    190      0.199950098991394    0.05429478528445996      8.351439189683129      1.121872506069104
                  192.5  -0.008035613223910332    0.05367199564436774      6.423336622492196     0.8478395118911759
                    195   -0.09586650878190994     0.0532098385149215      4.480501294426906     0.4789886869459295
                  197.5     0.3634865283966064    0.05268049986243471      3.923655531582064     0.3362795552778546
                    200    -0.0753319039940834    0.05210064815043476      5.282763601886859     0.6226371963859869
                  202.5     0.1223554164171219    0.05157373898927713      6.710809429806124       0.85174261966315
                    205      0.166185587644577    0.05102763284831615      7.051461648777922      0.890612664911846
                  207.5    0.03133076056838036    0.05062986364829487      7.431744349778205     0.9353126321815578
                    210    -0.1102123335003853    0.05020505152405937      4.966834420977237     0.5239087863141016
                  212.5    0.04236770048737526    0.04976507835483791      8.235051430818132      1.020723546158776
                    215     0.5577482581138611       0.04978197318715    0.08889841478026241     -3.507597596848462
                  217.5     0.1035688892006874    0.04943959985585075      8.745545800993122       1.07430667599117
                    220    0.01152895949780941    0.04930016500485481       8.34927240611391      1.025112263032443
                  222.5      0.345489501953125    0.04892401455555603      4.798524841103806     0.4635873540097268
                    225    0.08045399934053421    0.04864958333148613       11.5984184445651      1.340522428772904
                  227.5    -0.3631391525268555    0.04855154921156001     0.1095790067937744     -3.323472925868221
                    230    -0.7647241950035095    0.04960227928657637  8.244065031058667e-06     -12.79696978368305
                  232.5    -0.1641858667135239     0.0501834647200991      4.272574897848649     0.3729126874230032
                    235     0.2149435430765152    0.04973849711224555      7.432472873771865     0.9176482862134654
                  237.5     0.8702941536903381    0.04997283454945318  8.119441132136717e-05     -10.50217415352424
                    240    -0.2315478026866913    0.04981627052709744      2.669934171787169    -0.1045940976102734
                  242.5     0.1429818719625473    0.04958749361210381      9.744887747024602      1.185491907841218
                    245     0.2226055115461349    0.04924011798234695      8.237667699825327      1.010436392060272
                  247.5     0.4084844291210175    0.04888964019950197      2.579707291189499    -0.1577481063938194
                    250     0.1418857872486115    0.04855822598194069       10.6843792284411      1.256556840152765
                  252.5    0.06918765604496002    0.04829364679170174      12.02383853845761      1.369201676652861
                    255     0.2618556916713715    0.04802565351709234      7.623499534632478     0.9079812741612142
                  257.5     0.2783869206905365    0.04783629452423126       7.67002127107053       0.91011447666354
                    260     0.5094056725502014    0.04788911687828033     0.3359795828960702     -2.216806175538755
                  262.5   -0.08006864786148071    0.04754422439705239      5.333535729791336     0.5406851369783496
                    265     0.2336961179971695    0.04725674323902636       9.27855501487568      1.088311619841905
                  267.5     0.6971308588981628    0.04721119183007269   0.005979709453442336     -6.259741882091569
                    270     0.8274851441383362    0.04721149747007454  0.0002488981171101201     -9.438819023107158
                  272.5     0.1525959819555283    0.04703135323363405      10.23249231738649      1.181393084921876
                    275     0.4791430532932281    0.04689253116743108     0.6880513664214757     -1.521022933769051
                  277.5     0.6369401216506958    0.04679529875310056    0.01613756050924647     -5.275812592366314
                    280    -0.5044376850128174    0.04682202507112476   0.006099204677260996     -6.248232746724832
                  282.5    -0.8081247210502625    0.04778122298094851  4.318522075820229e-06     -13.48095415170418
                    285    -0.8237007260322571     0.0486841864059064  4.432416322655298e-06     -13.43620097745301
                  287.5    -0.3454691469669342    0.04900029314720724     0.1626260595853687     -2.919465109007313
                    290    -0.3420279026031494    0.04902951779227106     0.1962272018517471     -2.731049140352756
                  292.5    -0.5463167428970337    0.04909251179930638   0.003880475244080407     -6.653080696308126
                    295    -0.5257467031478882      0.049166446426707   0.005849798327073028     -6.241126247731128
                  297.5    -0.4593236744403839    0.04908098874227015    0.01265450645795844     -5.471259683387794
                    300    -0.4162783622741699    0.04894469953087834    0.03299265462487277     -4.515768812674702
                  302.5    -0.4631166160106659    0.04881647740368548    0.01690463677447348     -5.187088984787312
                    305    -0.4094869792461395    0.04868743498996403     0.0438045201359864     -4.237586842132503
                  307.5    -0.4923688471317291    0.04852813378382936    0.01634174718759262     -5.226878123499824
                    310    -0.6452248692512512    0.04845110812970534   0.000394499734747476     -8.952326443404518
                  312.5     -0.620306134223938    0.04850867358961544   0.001136946816235267     -7.892655785011938
                    315    0.01459569483995438    0.04826904027741926      8.628145207073651       1.03683036218809
                  317.5     0.2129417955875397    0.04824795913142191      9.126766490439081      1.092575434783366
                    320     0.4682143330574036    0.04873647747721687     0.8508635740602447     -1.270065264918897
                  322.5     0.2132163047790527    0.04853624544393387      9.517323959929209      1.140434997176554
                    325     0.1266194581985474    0.04832955129156229      10.47565945784992      1.232108057741849
                  327.5    -0.2052738666534424    0.04807051098586036      2.509442050624519    -0.2022602133072006
                    330      0.076246477663517    0.04778432794403172      10.83621081300737      1.254601534325614
                  332.5     0.1773417443037033    0.04763712231050108      10.47372787074202      1.217492788835172
                    335     0.4279166460037231    0.04763730887925603      1.523566105655096    -0.7103195996757169
                  337.5    0.05345723405480385    0.04744895094543219      10.51762089200899      1.217716883925008
                    340    -0.8913129568099976    0.04752445692543639  1.664378516232164e-06     -14.43980386960031
                  342.5    -0.5994437336921692    0.04793483767206395   0.002108086518098628     -7.287121629337345
                    345    -0.3794929087162018     0.0481023725295589    0.08350903986128133     -3.604458453378156
                  347.5    -0.5422970056533813    0.04801502777822374   0.008477765352185748      -5.89378390611204
                    350    -0.4086315035820007    0.04791277668444265    0.05837448081179643     -3.966483814611617
                  352.5    -0.2194891571998596    0.04771644806250192      2.537864504831048    -0.1983904201934226
                    355    -0.4144024848937988    0.04759562504099937     0.0598062502315481     -3.948893821493959
                  357.5    -0.3720769584178925    0.04745508274222626     0.1264060804447673     -3.203461619506289
                    360    -0.7472156882286072    0.04733393232572242  2.211736640616052e-05     -11.85690958721124
                  362.5    -0.4262849986553192    0.04722911236717756    0.06480140903260323     -3.876407004672328
                    365     -0.422400563955307    0.04710127885305291    0.07487908488017157     -3.734570078554608
                  367.5    -0.5017324686050415    0.04696354946923712    0.02725194077499754     -4.748248344733862
                    370    -0.1284184157848358    0.04679343780486445         4.223468897274     0.2914102161603888
                  372.5     0.3564490973949432    0.04721076799624466      3.838442882167123     0.2046992239742517
                    375    -0.1051455810666084    0.04729604099748822      4.735056625330682     0.4164307145680345
                  377.5     0.7528741955757141     0.0474467159479004      0.002097387567453      -7.30244497535142
                    380     0.1069629639387131    0.04751393507945979      13.68795388990422      1.482549643004219
                  382.5     0.2244384586811066    0.04725872685662429      11.03987484890227      1.262161473859661
                    385    -0.7430616617202759    0.04741254626944753  2.901457393349273e-05     -11.58381498491565
                  387.5    -0.7612778544425964    0.04757389516910754  2.211756523072688e-05     -11.85184383136825
                    390    -0.4291771948337555     0.0475326366748254    0.07470948504302136     -3.727721219807169
                  392.5    -0.4236533641815186    0.04740665040145987    0.08630750238115358     -3.586065791289515
                    395    -0.2994047105312347    0.04726341411149482     0.7299077701162578     -1.454090147978559
                  397.5    -0.3545473515987396    0.04711962206429687     0.2439072043590819     -2.553267480463325
                    400    -0.3031273782253265    0.04696957118908084     0.7751906244906277     -1.400135905294547
                  402.5    -0.4045549631118774    0.04682965039882841     0.1426865105136882     -3.095578294551518
                    405    -0.3569628000259399    0.04672274319516711     0.3039556517698151     -2.341631981146485
                  407.5    -0.2780711352825165    0.04654105515796222      1.357394761734718    -0.8490874871186201
                    410    -0.5271502137184143    0.04640528868902612    0.02087361965386915     -5.026845264732025
                  412.5    -0.3877881467342377    0.04630898880042199     0.2255503987150453     -2.648865125615741
                    415    -0.3899698257446289    0.04617399355379933     0.2443844679499332     -2.571585438999305
                  417.5    -0.3663636445999146    0.04603567310216363     0.3607668016723621     -2.185096473005603
                    420    -0.4217053651809692    0.04589679039852724     0.2023153936303713     -2.766521818997224
                  422.5    -0.4336173832416534    0.04575925818722334     0.1890380392869292     -2.837402445147615
                    425    -0.4742525517940521     0.0456473340238614     0.1061941972114808     -3.416530169917089
                  427.5    -0.5685346722602844    0.04555070377815253    0.01023824832739622     -5.757788224560502
                    430    -0.5327165126800537    0.04543951905727462    0.03227905691123391     -4.611944024700953
                  432.5    -0.3015659749507904    0.04528478147135562      1.041710045856216     -1.141154899178201
                    435     -0.472827285528183    0.04515809061319545     0.1246912982231618     -3.266734315560235
                  437.5     -0.732978343963623    0.04506106298206827  4.270896882749745e-05     -11.24807265493013
                    440    -0.8811926245689392    0.04504102182085065  2.615677225104599e-06     -14.04140340938163
                  442.5     -0.765009343624115    0.04503341936479055  3.017308724787378e-05     -11.59614487797454
                    445    -0.4074459075927734      0.044932081144774     0.3005216585893352      -2.39207297374662
                  447.5    -0.4115596115589142    0.04480905469057241     0.3194364578395294     -2.333776235356519
                    450    -0.3420555591583252    0.04467953611165299     0.6458885949013833     -1.632602215136908
                  452.5    -0.4582720398902893    0.04457485899482012     0.2107260746272004     -2.755015776064113
                    455    -0.3477289378643036    0.04444562148369845     0.6693143936340472     -1.602224493836982
                  457.5     -0.426430732011795    0.04432963384472267     0.3523472968232729     -2.246474125168219
                    460    -0.2817730009555817    0.04416992772046101      1.585358065155948    -0.7461350833946203
                  462.5    -0.2794060409069061    0.04400728915444732      1.772827765950063    -0.6380584005907756
                    465    -0.2246190011501312    0.04382282815258282       3.13118713543784   -0.07342248158826421
                  467.5    -0.3525363802909851    0.04369729686659061     0.8005603022935767     -1.440146738047599
                    470    -0.7760348320007324    0.04359425764969864  3.250377164332153e-05     -11.55421855143807
                  472.5    -0.3298039436340332    0.04346992038300471      1.144237681568689      -1.08818171459196
                    475    -0.4084494113922119    0.04335008491817285      0.520806485982018      -1.87805763520028
                  477.5    -0.3988487124443054    0.04322323972811824     0.6323293107744282      -1.68695621495484
                    480    -0.4286607801914215    0.04311078209882125     0.5058317191021092      -1.91276766846237
                  482.5    -0.6000439524650574    0.04300392425064972   0.005673837185305172     -6.405587827743955
                    485    -0.3381212949752808    0.04287385470366577      1.196000260420748     -1.057744497088937
                  487.5    -0.4193623065948486    0.04275041171409313     0.6346792810407518     -1.694246213870447
                    490    -0.3115390837192535    0.04260621767059932      1.647714367652727    -0.7436002698384964
                  492.5    -0.3193169236183167    0.04246367635504633      1.695417979551566    -0.7184112205110688
                    495    -0.5136644244194031    0.04236546780259115     0.1084738485082404     -3.469902133881625
                  497.5    -0.4217095971107483    0.04224720841857097     0.7004886795385543     -1.607428358231982
                    500    -0.2036176919937134    0.04206258554635243      3.935239449183279     0.1141408093001282
