#! FIELDS time cv.node-0 sigma_cv.node-0 height logweight
#! SET action OPES_METAD_kernels
#! SET biasfactor                      16
#! SET epsilon   3.872940653519386e-08
#! SET kernel_cutoff       5.842373946721771
#! SET compression_threshold                       1
                     25     0.6325001120567322    0.04676140637218145  1.062430625987055e-07                    -16
                   27.5     0.4406060576438904    0.04587009968946743  0.0003590146439392029     -7.893855785563229
                     30      0.682641863822937    0.04436714181992251  0.0005491402770424213     -7.502179377071832
                   32.5     0.5790011286735535    0.04109757840643546     0.1233788650013768     -2.164068142322107
                     35     0.6520106196403503    0.03582094067626734     0.7227081179418663    -0.5337390785532512
                   37.5       0.50433349609375    0.03419653962424563     0.1133091179678785     -2.433033067570424
                     40     0.8748253583908081    0.03447640845695872  1.441007125381248e-07                    -16
                   42.5     0.6263414025306702     0.0344624145218996      3.311548333189406     0.9497632623355382
                     45     0.8356500864028931    0.03447316038364559  1.060583210761473e-06     -14.00403242902076
                   47.5     0.8200121521949768    0.03452799089360904  1.486991154584396e-05     -11.36192230875421
                     50     0.6876338720321655    0.03205433364021204      1.652392696400999     0.1821348576620145
                   52.5     0.5777468085289001    0.03015007601854191      1.691274106890717     0.1441477107222156
                     55     0.4927355051040649    0.02960717570714155     0.1656998175931172     -2.197082588970637
                   57.5     0.9280599355697632    0.02936159325461286  6.115506469098182e-07     -14.71510248083766
                     60     0.6079378128051758    0.02855840905243289       4.60790956247054      1.092203839390466
                   62.5    -0.3042933940887451    0.03545787670096576   1.40112028317473e-07                    -16
                     65    -0.2755175232887268    0.04737537420745511  2.235200264892382e-07      -15.2431841488021
                   67.5    -0.3308275640010834    0.05656044449036401  3.060672318454364e-07     -14.75167305499931
                     70    -0.3423190116882324    0.06179567812200553  5.460430598020793e-07     -14.08425645957074
                   72.5    -0.3179795444011688    0.06443108679781107  1.033230305682312e-06      -13.4047461014808
                     75    -0.2521173655986786    0.06714893803350458  1.009766209739178e-06     -13.38640050949042
                   77.5    -0.2716325521469116    0.06846662568535908  2.138899064301418e-06     -12.61639479505796
                     80   -0.05901413783431053    0.06934237215338393  9.769889289416964e-08     -15.68984134759932
                   82.5     -0.273629754781723      0.069299128934242  4.020153850325388e-06     -11.97327993629835
                     85    -0.2859683334827423    0.06989478895097812   6.80301451849281e-06     -11.43867552415276
                   87.5    -0.2190849930047989    0.06970025924010999  7.673392919126583e-06     -11.32106952901469
                     90    -0.3679431080818176    0.07004850394154026  6.728226268548734e-06     -11.44753297751796
                   92.5    -0.3092497289180756    0.06995440051819389  1.824407916366475e-05     -10.45134823943217
                     95    -0.2932377457618713    0.06943922896424551  3.268892378531771e-05     -9.875544181020269
                   97.5    -0.2351508289575577    0.06914113768371624  4.209125095925637e-05     -9.627042653509159
                    100    -0.4331597089767456    0.06875850073187202  1.240058924243257e-05     -10.85468807910253
                  102.5    -0.3467192947864532    0.06819070416600789  5.835557762592363e-05     -9.314169249741967
                    105    -0.1948769092559814    0.06753358978134755  5.697360587151729e-05     -9.347819239847848
                  107.5     -0.396088719367981    0.06686658764664057  7.143525836065257e-05     -9.131541478909469
                    110    -0.1863230913877487    0.06629851325646381  9.768987533945693e-05     -8.827067050013833
                  112.5    -0.2815832495689392    0.06571846957340097   0.000184541877615909     -8.199776023552346
                    115    -0.4030430614948273    0.06532779705088232  0.0001459070227840896     -8.440645229492972
                  117.5    -0.3418967723846436    0.06479760203384011  0.0003057595479292503     -7.708964847048835
                    120    -0.2298224419355392    0.06420673101240276  0.0003623980595498429     -7.548181176706059
                  122.5    -0.2910151481628418    0.06362859097505834  0.0006399985772070507     -6.988503579845716
                    125    -0.3864897191524506    0.06307689051446112  0.0006108453793538976     -7.043834113952919
                  127.5    -0.2475976794958115    0.06253485031158182   0.001041141496402794     -6.519235456807862
                    130    -0.2740052342414856    0.06196041874010975   0.001745874836093967     -6.011525624544815
                  132.5    -0.4134285449981689    0.06139775859533607  0.0009166410900029027     -6.664943116734531
                    135    -0.2678160071372986    0.06084529959541651   0.002837308637545216     -5.544086656356345
                  137.5    -0.3953145146369934    0.06031232315992977    0.00194765354981841     -5.929115379799769
                    140    0.07816629111766815    0.06020854643690447  1.049700908042037e-07     -15.75929795530449
                  142.5    0.06760894507169724    0.06001094723981117  2.479176807653765e-07     -14.90316396678792
                    145    -0.2798507511615753    0.05966089919161102    0.00508820805984255     -4.979674598691537
                  147.5    0.01329745538532734     0.0592142215971669  9.577067361909092e-07     -13.56508437208843
                    150   -0.01129469275474548    0.05888244758824901  4.036896424512892e-06     -12.13201321840406
                  152.5    -0.2660669684410095    0.05847927587206798   0.007591387749888012      -4.59959032024725
                    155    -0.2512094080448151    0.05813869071277488      0.011285862855332     -4.208894924026835
                  157.5      0.258016973733902    0.05789348948824382  2.383167784845484e-07     -14.97858200013548
                    160    -0.2216229140758514     0.0577534496136636    0.01562443731466107     -3.890257902765257
                  162.5    -0.3847158849239349    0.05751519485400525   0.005794773744007212     -4.886271563124148
                    165   -0.03917346894741058    0.05720608569753269  0.0001593203818181343     -8.485455005148445
                  167.5    -0.2012158036231995    0.05680342848324699    0.02193336850071839     -3.567671329501328
                    170    -0.3086502254009247    0.05641220116923816    0.02460936979393872     -3.459464442817932
                  172.5    -0.3445417582988739    0.05606816118511236    0.02927813862875126     -3.291867936804102
                    175    -0.2234990745782852    0.05556535556689423    0.04845186984811081     -2.797146330383732
                  177.5    -0.3089831173419952    0.05509443791313377    0.06453393807955908     -2.519037144119067
                    180     0.2449806183576584    0.05523457590807977  4.386267651947156e-07     -14.41554973441368
                  182.5   -0.03334074839949608    0.05541777188239428  0.0007048252474653276     -7.030182215485903
                    185    -0.4017434418201447    0.05508133495363809    0.03584185378401927     -3.107349946214084
                  187.5    -0.3962199687957764    0.05469284713184178    0.06503944430969419     -2.518550310223112
                    190    -0.3251911699771881    0.05409308403892349     0.1268134973387762      -1.86185334377603
                  192.5    -0.2752023935317993    0.05348648527397246     0.1673605817554181     -1.595697499834078
                    195    -0.2116728127002716    0.05285201536216146     0.1558044904644162     -1.679179366848881
                  197.5    -0.3571901321411133    0.05213888120154974     0.2207513085819836     -1.344329449016995
                    200    -0.2834617793560028     0.0511576405720538     0.3789173426160936    -0.8230472220901546
                  202.5    -0.1941325664520264    0.05035915375887741     0.2759350036385629     -1.155931417944434
                    205     0.2110306322574615    0.05054174555603977  9.106113103731678e-07     -13.77387194194137
                  207.5     0.1931522935628891    0.05093664215316678  2.087595526572733e-06     -12.93643695842483
                    210    -0.2640054225921631    0.04978799691964042     0.6483554451859669    -0.3130641653080866
                  212.5    -0.4546560943126678    0.04945896058299879     0.0808783663696916     -2.401187544188761
                    215    -0.3949987590312958    0.04879394034753051     0.3280117368913046     -1.014621644173679
                  217.5    -0.5020196437835693    0.04841985538186454    0.08222474781570922     -2.405910877236013
                    220    -0.2119311988353729    0.04736148601741454     0.7359900480826281    -0.2362512029144551
                  222.5    -0.3979822993278503    0.04665254186341531     0.5128781407110241    -0.6125114788153139
                    225    -0.3675802052021027    0.04564377729375822     0.8965573834267461   -0.07584758342482417
                  227.5     0.2000156790018082    0.04571791602806352  4.466602699561906e-06     -12.28391409215568
                    230     0.1481297761201859     0.0460864460263481  9.642632458178455e-06     -11.50631940380039
                  232.5     0.4671020209789276    0.04628190680916257     0.1143213286070986     -2.121512908628219
                    235     0.7096864581108093    0.04693368161865171     0.7858923199941281    -0.1797218056039372
                  237.5     0.6235674619674683    0.04940943389164232      4.020533049116962      1.504033980467913
                    240     0.6284136772155762    0.05006591906952484      4.140952058968211      1.546744357767136
                  242.5     0.6786148548126221    0.04969989322473532      2.378638138088677     0.9850090096424442
                    245     0.5859038829803467    0.04928600077328039      3.126367774937054      1.249990068077819
                  247.5      0.603611171245575    0.04949168224208094      5.199010399991002      1.762751031640809
                    250      0.580234169960022    0.04905856924751987       4.49053025566649      1.607463778813415
                  252.5      0.616746723651886    0.04885207826751104      5.825968360589958      1.863600261155931
                    255     0.6356421709060669    0.04837820820545755      5.464936937863015      1.789880162847347
                  257.5     0.6757041811943054    0.04768613853389567      3.371336951003737      1.292428257863138
                    260      0.569151759147644    0.04701233981108564      3.958110071338913      1.438654884970499
                  262.5     0.5230181217193604    0.04654555730067517      1.549044311086966     0.4905478390663561
                    265     0.6426020264625549    0.04592040376013858      4.921719798380309      1.633045678516584
                  267.5     0.6421738862991333    0.04534785150351727      5.146252846646173      1.665109758719837
                    270     0.6011224985122681    0.04478422785071233       5.53861407419719      1.726078434797068
                  272.5     0.6931110620498657    0.04425138876400711      2.539301018449243     0.9342537209474143
                    275     0.5826471447944641    0.04369974120743748      4.974615938061533      1.594168461225116
                  277.5     0.6281745433807373    0.04318925442920734      6.005412516473792      1.770730984833073
                    280     0.6848535537719727    0.04267203279839049      3.199614094528926      1.129052055046009
                  282.5     0.7113697528839111    0.04225833341592243      1.978954366174725     0.6388482942061378
                    285     0.5165743827819824    0.04192133349939632      1.297188895047501     0.2084724967055141
                  287.5     0.5995268225669861    0.04145722030815716      6.059140181932957      1.738708077373769
                    290      0.598296046257019    0.04100122169478579      6.243973169404916      1.757696681234465
                  292.5       0.59858638048172    0.04056497391439326      6.474839884131311      1.783306973666888
                    295     0.5783436298370361    0.04011789301581338      5.650297960069817      1.636008836641236
                  297.5      0.614962100982666    0.03971570677172657      7.039026543608719      1.845694743487241
                    300     0.5496848821640015    0.03931153301002108      3.724349169302633      1.198888165471458
                  302.5      0.513493537902832    0.03902636089927904      1.479945332927004     0.2687206000916434
                    305     0.5743677616119385    0.03862280300582892      5.524961639213805      1.575597269659868
                  307.5     0.5788310766220093    0.03823259275859566      5.995561854342418      1.647185981904027
                    310      1.274728417396545    0.03829991182139882  1.297150512400771e-07                    -16
                  312.5     0.6395574808120728    0.03803485998425932       6.27637747700524      1.687774198300126
                    315     0.6673974394798279    0.03766570672075563      4.423002604076066      1.328046943990382
                  317.5     0.6131764054298401    0.03733348836460373      7.442754169241408      1.839609811539987
                    320     0.6048247814178467    0.03701092329422685      7.612265494963077      1.853452032461288
                  322.5     0.6211502552032471    0.03669227493621167      7.623232688682696       1.84624486971457
                    325     0.6739807724952698      0.036373711105423      4.093206647879915      1.215653087609622
                  327.5     0.6017007827758789    0.03606796726287385      7.790933964626855      1.850843995363265
                    330       0.68528813123703    0.03578357308476031      3.346691163104653     0.9979391928588517
                  332.5     0.6068922877311707     0.0354937140183451      8.049619153148535      1.867458502956991
                    335     0.6919947862625122    0.03523647265221879      3.000167646963922     0.8732279824034239
                  337.5     0.5627803802490234    0.03494602929302876      5.424481808732463      1.457205338806771
                    340     0.1771001219749451    0.03489993665344735  2.044393176410313e-06     -13.33544642171985
                  342.5     0.2717133164405823    0.03505277687044412  6.060354762247472e-07     -14.54699436273093
                    345    -0.1519903093576431      0.035239733916353    0.05631856332010322     -3.102078714346947
                  347.5    -0.2906699180603027    0.03603631917318462     0.1566547991640164     -2.056705218100844
                    350     -0.317775696516037    0.03659876941869914     0.1615335447432388     -2.010549721180292
                  352.5     -0.347314715385437    0.03704908592462743     0.1802566651944366     -1.888651734046013
                    355     -0.301838755607605    0.03737093189083516      0.182793724221212     -1.866025659971977
                  357.5    -0.4234580397605896    0.03770200718972397     0.1120987007192693     -2.346184093283318
                    360     0.3053082227706909    0.03771559703962162  1.270910026387751e-06     -13.73322552249357
                  362.5     0.3203548192977905    0.03759925503776317  5.829135139973275e-06     -12.21317956580377
                    365     0.1511469930410385    0.03748135533055357  2.759808223672202e-06     -12.96402763475879
                  367.5     0.1801711022853851    0.03737109210045699  2.784978697418794e-06     -12.95789475468025
                    370     0.0660710483789444    0.03725566651763503  2.156866408007994e-05     -10.91398686719354
                  372.5    -0.3208016455173492    0.03731198481458417     0.2085448745886845     -1.735808339396167
                    375     -0.276790976524353    0.03752373874392068     0.2097452051712814     -1.724409915844487
                  377.5    -0.3693689107894897    0.03767726774867903     0.2104007010987995     -1.717206418887504
                    380    -0.1729981601238251    0.03775622359287846    0.09935347330767585     -2.465442912865818
                  382.5   -0.08967497944831848    0.03771767084764351   0.009417324935582568      -4.82259738853375
                    385     0.1316516846418381    0.03763412596773855  3.143651168579794e-06     -12.82973628480976
                  387.5     0.1398653835058212    0.03751907201130525  3.634215626091347e-06     -12.68778975143256
                    390     0.3005770146846771    0.03741100520962221  1.866999517517058e-06     -13.35673492183771
                  392.5    0.08375387638807297     0.0373424338554587  4.474280473454835e-06     -12.48455657839646
                    395    -0.2228319942951202    0.03721926566290439     0.1905256459633714     -1.828663835697812
                  397.5    -0.3305093348026276    0.03724754047295149     0.2377767700853183     -1.606358959279809
                    400    -0.4043081402778625    0.03725302544581777     0.1772796905682629      -1.89981534739945
                  402.5    -0.2902518212795258    0.03723925107341045     0.2429692995279555     -1.584978729701553
                    405    0.02563921362161636    0.03718064788670317  5.139495950225157e-05     -10.04770393473425
                  407.5     -0.162746399641037    0.03707405342091802     0.1000205029463161      -2.47698461639726
                    410    -0.2160800844430923    0.03702239296219333     0.2096258340299668     -1.738430023484155
                  412.5    0.01662953570485115    0.03693269165408056  9.568184595165324e-05     -9.432906751551247
                    415    -0.3687271773815155    0.03685682354358655      0.261455629171888     -1.521971803793729
                  417.5    -0.3448725044727325    0.03677891214066316     0.2944808823930647      -1.40513844028535
                    420     -0.266654908657074    0.03669634152265661     0.2798560487730362     -1.458324743561322
                  422.5    -0.3216164112091064    0.03662994038697954     0.3211387461450259      -1.32253795698663
                    425     0.2875208854675293     0.0365663174507342   1.73121348184294e-06     -13.45508232038605
                  427.5     0.0732942521572113    0.03662207019772735  1.310016276780321e-05     -11.42975672135833
                    430     0.1683996915817261    0.03658128259147788  4.408845284500562e-06     -12.51988292613332
                  432.5   -0.08088026195764542     0.0365007905732186   0.008055487074593566     -5.011589763767989
                    435    0.02939861267805099    0.03641594440413259  6.826132911600534e-05     -9.784682319569573
                  437.5     0.2056137919425964    0.03636382136152959  3.667541305561392e-06     -12.70993659074384
                    440     0.2239519059658051    0.03633223269908482  3.285607120772688e-06     -12.82077569470619
                  442.5     0.2159998416900635    0.03627961408052006  4.245678394959355e-06     -12.56587484075804
                    445    -0.2983308136463165     0.0362459271449745     0.3350635268835516     -1.290630000363095
                  447.5    -0.3212637603282928    0.03620009832836926     0.3657945914763873     -1.204143381603065
                    450    -0.3782390058040619    0.03617262770288283     0.3057798613573625     -1.384109039330837
                  452.5    -0.2285497784614563    0.03617629167292263     0.2678267440474876     -1.516532894934435
                    455    -0.3255376815795898    0.03609703063585876     0.3985525955041033     -1.121227085743654
                  457.5    -0.2887068390846252    0.03603927307243775     0.3930790962329389     -1.136657050251996
                    460    0.06688572466373444    0.03596758232444861  2.258891554951325e-05     -10.90295508071329
                  462.5    0.01178703457117081    0.03593552009933929  0.0001693084565450288     -8.889583983944767
                    465    -0.1703140288591385    0.03588616615352015     0.1420039721425727     -2.159070259703297
                  467.5     0.3360368609428406    0.03588466492837321  3.307022861440146e-05     -10.52408896256714
                    470     0.2359994947910309     0.0358640324356362  3.859623538374837e-06     -12.67272788498626
                  472.5    -0.3121457695960999    0.03582859035958193     0.4502516673213812     -1.006724291834091
                    475    -0.3767049312591553    0.03578625260115246     0.3482862416098518     -1.264688677921269
                  477.5   -0.06663009524345398    0.03575303358360321   0.004995498666241838     -5.510104805841071
                    480    -0.2839899659156799    0.03567180368071125     0.4395950027075383     -1.035062748563985
                  482.5    0.02657086402177811     0.0355993546331192   0.000131688591946757     -9.150264953152565
                    485    -0.3084680438041687    0.03550714577209645     0.5143289086237515     -0.882680240632591
                  487.5     0.1512596756219864    0.03544887539473102  6.349902766438501e-06     -12.18650141686011
                    490   -0.08609059453010559    0.03538179971722512    0.01195649674087512     -4.647804820446748
                  492.5    -0.3583704233169556    0.03531045095533602     0.4475288127881538     -1.027357264124951
                    495    -0.1820090562105179    0.03527827962646334     0.1851819924423935     -1.910670616085861
                  497.5    -0.2697661221027374     0.0351953675621639     0.4583298924684298     -1.006773482406716
                    500    -0.3852514028549194      0.035117392517338     0.3771700807477598     -1.203884417724533
