#! FIELDS time cv.node-0 sigma_cv.node-0 height logweight
#! SET action OPES_METAD_kernels
#! SET biasfactor                      16
#! SET epsilon   3.872940653519386e-08
#! SET kernel_cutoff       5.842373946721771
#! SET compression_threshold                       1
                     25   -0.05659809336066246    0.00192986407262385  1.062430625987056e-07                    -16
                   27.5   -0.06781716644763947   0.002094634327734764  1.146747422836747e-07      -15.8417002982052
                     30   -0.06075011938810349   0.001936203398178928     0.1071945388075936     -2.172294178505482
                   32.5    0.05768748000264168   0.002567302303362472  7.986385912022455e-08                    -16
                     35   -0.04862628132104874   0.002897381872515137  7.197986221991445e-08     -15.98298516908366
                   37.5   -0.03421374782919884   0.003155950694290306  6.498775572060859e-08     -15.99969042559329
                     40   -0.02585059963166714   0.003899984053999743  1.722461520750877e-07      -14.8132820493617
                   42.5   -0.04412008449435234   0.003807821747490558  1.492800979357731e-06     -12.67771229225561
                     45    0.02352232486009598   0.004396398371331202  4.663696329518139e-08                    -16
                   47.5  -0.008332962170243263   0.004957109623917757  4.190755681310858e-08     -15.98689008626107
                     50    0.01475208252668381   0.005521050793208748  4.686769579517409e-07     -13.46469713886061
                   52.5   -0.04606746137142181   0.005429700418419974  7.443301076902907e-05      -8.41364030781571
                     55   -0.01395234558731318   0.005479202086588413  1.540373615851578e-06     -12.28243932482805
                   57.5   -0.06004473194479942   0.005382042730800455      2.748790381718331       2.09431569828544
                     60   -0.05785694718360901   0.004827916056902143      1.586073193752597      1.435762941134099
                   62.5   -0.05770806223154068   0.004460095391238609      1.783084347838874      1.473601551149325
                     65    -0.0587446428835392   0.004192059013813467      1.999835484476909      1.526343696775334
                   67.5   -0.05993498489260674   0.003970746449822352      2.098061991672049      1.520054909890642
                     70   -0.05550092458724976   0.003798222694295361      1.761368059439151      1.300710811614717
                   72.5    -0.0564078725874424   0.003645045980196519      3.373327591168239      1.909355405660307
                     75   -0.08424142748117447   0.003650765848058578  8.715626047195579e-07     -13.25795441928425
                   77.5    -0.1016658768057823   0.003851445685367825  5.324364640095352e-08     -15.99985202266256
                     80    -0.1019472405314445    0.00399243355207238  9.517488341097234e-08     -15.38306204917634
                   82.5      -0.56500643491745   0.006126112297963979  3.346897012366424e-08                    -16
                     85     -0.561362087726593    0.01689729893058485  1.810669859314446e-08     -15.59974334384053
                   87.5     -0.577386200428009    0.02137744682146183  1.377743044793915e-08     -15.63781082625017
                     90    -0.6520269513130188    0.02491480656704209   8.23432834507527e-09     -15.99940501694774
                   92.5    -0.6787093281745911    0.02718404021672659  8.259376201299648e-09     -15.90919997561629
                     95    -0.5374247431755066    0.02794942778538769  8.269505384908753e-09     -15.88020765873906
                   97.5    -0.5941214561462402    0.02927921840244222  9.134814115717898e-09     -15.73420824835477
                    100    -0.4596604108810425    0.03001318088011795  6.858946172370209e-09     -15.99598862563807
                  102.5    -0.4660670161247253    0.03035492411485712  7.917722703211052e-09     -15.84111670856537
                    105    -0.5689877271652222    0.03071854745959654  1.778188473502365e-08      -15.0201322327206
                  107.5    -0.5315527319908142    0.03070414834389469  1.129562279323859e-08      -15.4743660263121
                    110    -0.5319711565971375    0.03061438420948196  1.313858418839585e-08     -15.32615585448244
                  112.5    -0.6200587749481201    0.03056859277504691  8.578712964787136e-09     -15.75392208411502
                    115    -0.6081889271736145     0.0307067227198056  1.187003064682808e-08     -15.42468068201613
                  117.5      -0.71404629945755    0.03091820459360047  7.288243627378584e-09     -15.90557134041532
                    120    -0.6149868965148926    0.03107535924557776   1.26665446393108e-08     -15.34779964902741
                  122.5    -0.5783203840255737     0.0309640643049218  2.518511255371919e-08     -14.66409871985888
                    125    -0.5211961269378662    0.03088191642590829  1.458660879721941e-08     -15.21290439841917
                  127.5    -0.6749569177627563    0.03070594446455319  1.039170369186875e-08     -15.55771505174994
                    130    -0.6821431517601013    0.03064759927426687  1.182319813831481e-08     -15.43056120655995
                  132.5    -0.6090216040611267    0.03042372345210127  1.887044904235079e-08     -14.97035924771372
                    135    -0.6944037675857544    0.03030652881582979  1.295326164444047e-08     -15.35046830158577
                  137.5    -0.4850709438323975    0.03015858220786111   1.12107259739951e-08     -15.49983855494555
                    140    -0.3487117290496826    0.03005375441864449  6.824761284714797e-09     -15.99963412813432
                  142.5     -0.323653519153595    0.02996816632333766  7.651909751504314e-09     -15.88808813110793
                    145    -0.5065683722496033    0.02983238306330616  1.581522123634034e-08     -15.16661175507059
                  147.5    -0.5501493215560913    0.02965980525299476  2.843557823514546e-08     -14.58574519763822
                    150    -0.6628925800323486    0.02951757481275495  1.742763958684319e-08     -15.08013581399057
                  152.5    -0.7984294295310974    0.02943964868587169   6.99124547022949e-09     -15.99617800442997
                    155    -0.6126928329467773    0.02931850514305159  2.403655101166259e-08     -14.76538456207516
                  157.5    -0.6570460796356201    0.02940956923672434  2.241282408867418e-08      -14.8322256795982
                    160    -0.6408365368843079    0.02926002636120571  2.679137788210923e-08     -14.65887667277034
                  162.5    -0.4821492433547974    0.02915421736958341  1.689924899870621e-08     -15.12331032069974
                    165     -0.366792768239975    0.02901976021550677   8.74397674503218e-09      -15.7868370082025
                  167.5    -0.4832997918128967     0.0288856198333593   2.02773301164781e-08     -14.95033167757168
                    170    -0.6716669797897339    0.02871295174128825  2.952887423176563e-08      -14.5804622109118
                  172.5    -0.6129422783851624    0.02872137386570906  3.479092915481775e-08     -14.41618080830993
                    175    -0.8382955193519592    0.02869545414724512  7.663732202964239e-09     -15.92994126823416
                  177.5    -0.6905515193939209    0.02867985635699479  2.965516342092572e-08     -14.57734782096938
                    180    -0.4432658553123474    0.02874182762349983  1.400688574112109e-08     -15.32527656661379
                  182.5    -0.5576837062835693    0.02863513735172651  4.407942040412878e-08     -14.18255152572467
                    185    -0.5717725157737732    0.02855707259156025  5.527918724486771e-08     -13.95887797547162
                  187.5    -0.6670873165130615    0.02849873041365769  4.434618810706803e-08     -14.18129279000886
                    190    -0.5249137282371521    0.02841734582695483   4.00843470155295e-08     -14.28519344758304
                  192.5    -0.5033797025680542     0.0283048113896514  3.708063313344734e-08     -14.36705246491317
                    195    -0.3666214942932129    0.02829800687465562  1.142076107544643e-08     -15.54495486442499
                  197.5     -0.665992259979248    0.02820687023009666  5.329656174666276e-08     -14.00774168925165
                    200     -0.407331258058548    0.02810061040419693  1.160727247657175e-08     -15.53575594625088
                  202.5    -0.4583443403244019    0.02802869412174325  2.662205706609296e-08     -14.70821022353836
                    205     -0.609676718711853    0.02793670581525069  5.673971283615127e-08     -13.95476327113317
                  207.5    -0.3852978944778442    0.02788431092868063  1.476749560483162e-08     -15.30268636329979
                    210     -0.350488543510437    0.02781481235223839  1.671370759968324e-08     -15.18138118991223
                  212.5    -0.4969460368156433    0.02774232991880611  4.737264063806493e-08     -14.14217482123625
                    215    -0.6339497566223145     0.0277277458817001  6.739413861908812e-08     -13.79018746595092
                  217.5    -0.5472761988639832    0.02760910414711007  7.154072050354544e-08     -13.73476670037629
                    220    -0.3281771838665009    0.02763092279818445   1.62534642410024e-08      -15.2159374773197
                  222.5    -0.5987976789474487    0.02764048768884981  8.161504069005563e-08     -13.60188387400338
                    225    -0.5279883742332458    0.02757253227369473  7.751935126807816e-08     -13.65583141555529
                  227.5    -0.1945645958185196    0.02768191077141655  7.407135197281503e-09     -15.99995617360075
                    230    -0.4374426007270813    0.02773451618747762  2.571475903180788e-08     -14.75343626653012
                  232.5    -0.8027745485305786    0.02772177660189614  9.825910742830889e-09     -15.71593797105238
                    235    -0.6260743737220764    0.02766575851944552  9.795787309101154e-08     -13.41844607040379
                  237.5    -0.7438769340515137    0.02769801921529828  1.260614539546376e-08     -15.46763375721037
                    240    -0.3340852856636047    0.02783305562170919  2.269477626157305e-08     -14.87481994138268
                  242.5     -0.484171986579895    0.02780547376794553  6.339375636260921e-08     -13.84858080827754
                    245    -0.5920697450637817    0.02774490193570196  1.190232586374856e-07     -13.22080805019356
                  247.5      -0.73830246925354    0.02770300551954806  1.772462158650493e-08     -15.12668345135943
                    250    -0.5237729549407959    0.02763718038497499  1.032542457420073e-07     -13.36682275066993
                  252.5    -0.5008113384246826    0.02762934884342664  1.049237692634186e-07     -13.35106643311224
                    255    -0.5902858376502991    0.02760199922772413  1.492920571688729e-07     -12.99938637568804
                  257.5    -0.4954085648059845    0.02754715974179192  1.216068422090179e-07     -13.20648641250061
                    260    -0.5229809284210205    0.02748348002459139  1.583370597751587e-07     -12.94486793593117
                  262.5    -0.2564214169979095    0.02746160311981296    8.1727874149562e-09     -15.90958027786458
                    265    -0.6455812454223633    0.02741064609414261  1.285937668785011e-07     -13.15558926115021
                  267.5    -0.7407403588294983    0.02743803427724499  2.141083856748002e-08       -14.947351652135
                    270    -0.7136529684066772    0.02740938833082935  4.452554171316302e-08     -14.21623049411464
                  272.5     -0.576911985874176    0.02739384018326729  1.889176979395244e-07     -12.77154944735614
                    275    -0.6619425415992737    0.02735737365740844  1.352222036403785e-07     -13.10727360990121
                  277.5    -0.7381267547607422    0.02731974218753038  3.725369621618593e-08     -14.39781831915418
                    280    -0.1963385045528412    0.02745252851057823  9.532977336137529e-09     -15.75596372109986
                  282.5    -0.6127660274505615    0.02750184886061743  2.222926895839082e-07     -12.60493091545379
                    285    -0.3632308542728424    0.02744911002492384  2.951453111235508e-08     -14.62596261632919
                  287.5    -0.6932367086410522    0.02745415814677572  1.016612999271088e-07     -13.38901474804433
                    290    -0.5405312180519104    0.02741909975204622  2.070435640289821e-07     -12.67901001706391
                  292.5    -0.5426408648490906     0.0273490271456885  2.525033588308444e-07     -12.48307357560735
                    295    -0.4828303754329681    0.02733551132015974  1.533883999021818e-07     -12.98201918022172
                  297.5    -0.3323770761489868     0.0273832169583492  3.374672202127001e-08     -14.49436549096371
                    300    -0.6282724142074585    0.02737583041748977  2.501728431939742e-07     -12.49136650991632
                  302.5    -0.4232749938964844    0.02733781076573077  3.505686384829536e-08     -14.45793690604286
                    305    -0.5775781273841858    0.02730385178373762  3.061207846733469e-07     -12.29217155578533
                  307.5    -0.3820943236351013    0.02730442077662805  3.669187251913818e-08     -14.41357518864643
                    310    -0.5666608214378357     0.0272318155624548  3.607072388462511e-07     -12.13072644809296
                  312.5    -0.5437312722206116    0.02716593093121482  3.906708175760985e-07     -12.05335012869585
                    315    -0.3793764114379883    0.02715502924700496  4.644434520865942e-08     -14.18336209717222
                  317.5    -0.5993862152099609     0.0271172156552718  4.180026711779775e-07     -11.98752247112313
                    320    -0.6192346215248108    0.02714891163299737  4.284560714528937e-07     -11.96165391008125
                  322.5    -0.6856554746627808    0.02717161105475398  1.610034978848358e-07     -12.93958027645339
                    325     -0.439411461353302    0.02716755972997551  6.651613498968228e-08     -13.82371093003868
                  327.5    -0.4219062030315399    0.02722323751411365  6.228592649684114e-08     -13.88737265393132
                    330    -0.4332189857959747    0.02718981993406999  8.734228266588556e-08     -13.55050176499524
                  332.5     -0.454475075006485    0.02711894897358355   1.32447598607527e-07     -13.13675929157339
                    335    -0.5286408662796021    0.02709151062086729  4.205023183215074e-07     -11.98250867399443
                  337.5    -0.4278159439563751    0.02706214973566079  1.241722569179215e-07     -13.20337325104684
                    340    -0.2382112592458725    0.02708357810441934  1.070668386054781e-08     -15.65338330771254
                  342.5    -0.4649233520030975    0.02713115613716566  1.997592334531394e-07     -12.72538353512747
                    345    -0.6613280773162842    0.02718752466891771  2.863395024831288e-07     -12.36324268959071
                  347.5    -0.3794217705726624    0.02716792434900782  7.352863762646392e-08     -13.72346710076121
                    350    -0.4772477447986603    0.02715206432392216  2.776900833979411e-07     -12.39522032279967
                  352.5    -0.6828923225402832    0.02719520726111017  2.541472666138983e-07     -12.48222444126398
                    355    -0.2663716375827789    0.02730658755362772  1.324371264035417e-08     -15.43252818671162
                  357.5    -0.5646767020225525    0.02727304521270627   5.75844556250063e-07     -11.66144246798569
                    360    -0.2982990145683289    0.02725738523753137  2.373765547501972e-08     -14.85079195606603
                  362.5    -0.6030029058456421    0.02729510548638332  6.383606114934375e-07     -11.55756833888062
                    365    -0.3933444917201996    0.02733679530246303  1.074779654273958e-07     -13.33765962245598
                  367.5     -0.420298159122467    0.02735599697516438  1.822078972174162e-07     -12.80909498400501
                    370    -0.5948564410209656    0.02738553997905977     7.848399477692e-07     -11.34768413932537
                  372.5    -0.4548956155776978    0.02745034134068873  3.035336509901319e-07     -12.29530800059024
                    375    -0.3771683275699615    0.02746005792409736  1.262397002658785e-07      -13.1722640917168
                  377.5    -0.7489092350006104    0.02744193626333254  5.078242725688363e-08     -14.08355634572755
                    380    -0.4789906144142151     0.0274450959279412  4.007357493727393e-07     -12.01768935598933
                  382.5     -0.489175021648407    0.02750316067852118  4.877192947857148e-07     -11.81913812764576
                    385    -0.5702517628669739     0.0275763841301941  8.774584703111022e-07     -11.22918969829806
                  387.5    -0.2759543359279633    0.02755922226265094  2.194610241680176e-08     -14.91825230094721
                    390    -0.4575837850570679    0.02756326255915406  4.927477334230819e-07     -11.80669791868826
                  392.5     -0.671387255191803    0.02755520378894174  3.705095371418985e-07     -12.09210849552654
                    395    -0.4599623084068298    0.02760262415699058  6.107309591123708e-07     -11.59061170445974
                  397.5    -0.7698338031768799    0.02763911781032408  3.661039594151344e-08     -14.40361476078283
                    400    -0.4887863993644714    0.02768192030048917  7.401998405557717e-07     -11.39547937632257
                  402.5    -0.5460805892944336    0.02768685150411517  8.998515637034469e-07     -11.19999163816706
                    405    -0.5959083437919617    0.02768759999192603  1.122046056441707e-06     -10.97928529122088
                  407.5    -0.3474652171134949    0.02768813579337502   9.36578629129718e-08     -13.46252668749957
                    410     -0.494603306055069    0.02773769550732902  8.956049794076634e-07     -11.20288730294459
                  412.5    -0.4153056740760803    0.02774892372164116  3.608697537090603e-07     -12.11146492941217
                    415    -0.5363417267799377    0.02774349264768773  1.124886426069159e-06     -10.97474041578059
                  417.5    -0.4466892778873444    0.02773847531136238  8.313699451435354e-07     -11.27728375792362
                    420     -0.197168231010437    0.02777799106863687  1.357663136087381e-08     -15.39058503274793
                  422.5    -0.6205697059631348    0.02783841307374087   1.05302472557306e-06     -11.03734025911417
                    425     -0.390162467956543    0.02791863367987886  2.869487141681281e-07     -12.33458124098558
                  427.5    -0.3306741118431091    0.02800582688670684  9.296986232868177e-08     -13.45849111295479
                    430    -0.2428484261035919    0.02805243667179088   2.22435734752991e-08     -14.88705045284182
                  432.5    -0.8114961385726929    0.02810734519179553  1.835124322591635e-08     -15.07745082438384
                    435    -0.2639343738555908    0.02818886213849425    3.3482733787868e-08     -14.47322224728473
                  437.5    -0.4193539619445801    0.02823309834371696  6.271430243530738e-07     -11.54150947076402
                    440     -0.213135302066803    0.02820728368898028  2.345537042921049e-08      -14.8284993679483
                  442.5    -0.2936021387577057    0.02825074744199941  5.415754632168267e-08     -13.99016184553692
                    445    -0.5668541193008423    0.02821748595645551  1.517688948578663e-06      -10.6582932008209
                  447.5    -0.6841694712638855    0.02828051341169173  4.155632515898331e-07     -11.95137125600943
                    450    -0.7061069011688232    0.02833235633211356  3.172320148725586e-07     -12.21954118511828
                  452.5    -0.7591871619224548    0.02840244454030585   8.20100544233467e-08     -13.56986201273616
                    455    -0.7760289907455444    0.02842610584129918  6.512840997863954e-08     -13.79951028230169
                  457.5    -0.6508573889732361    0.02840026627586433  7.914135573435967e-07     -11.30295990355395
                    460    -0.7456610798835754    0.02833315917009475  1.563881286211571e-07     -12.92680534208941
                  462.5    -0.4020887911319733    0.02838809198400055  5.466296256488316e-07     -11.67343785143358
                    465    -0.7516700625419617    0.02847707431431017  1.693376487427146e-07     -12.84218508740269
                  467.5    -0.7334936857223511    0.02843662928311058  2.669879120122303e-07     -12.38829762258899
                    470    -0.4522095620632172    0.02839854514645843   1.10968324930695e-06     -10.96501127501237
                  472.5    -0.7441761493682861    0.02838365252884011  2.846185098347876e-07      -12.3262159983619
                    475    -0.3276560604572296    0.02839628189157431  1.134665921144339e-07     -13.24541241595267
                  477.5    -0.5292435884475708    0.02848135970223888  1.305657756373227e-06      -10.7994670358208
                    480    -0.3960099518299103    0.02849414259176332  6.281110055989787e-07     -11.53076362981681
                  482.5     -0.353982001543045    0.02851987511474167   2.78767208736487e-07     -12.34220081131163
                    485    -0.6691233515739441    0.02867866143943585  7.590887840825644e-07     -11.33490699622093
                  487.5    -0.6379841566085815    0.02869209670935838  1.131466540743907e-06     -10.93528748143797
                    490     -0.756256639957428    0.02869950436395159  3.062923853283714e-07      -12.2417590778061
                  492.5    -0.5046442151069641    0.02868167463047518  1.331792858309352e-06     -10.77263935279038
                    495    -0.7558796405792236    0.02867374865729471  3.750840244337213e-07     -12.04004699494108
                  497.5    -0.6004452109336853    0.02864015878623235  1.694843924310511e-06     -10.53302326241723
                    500    -0.6088480949401855    0.02858187456772122  1.938630828309233e-06     -10.40066907939545
