#! FIELDS time p.x p.y cv.node-0 opes.bias opes.rct opes.zed opes.neff opes.nker
 0.000000 0.998183 0.0598882 0.958814 -16 -16 1 1 0
 0.500000 0.91115 0.0469057 0.923593 -16 -16 1 1 0
 1.000000 0.953272 0.0522906 0.940966 -16 -16 1 1 0
 1.500000 0.978739 0.0313365 0.956243 -16 -16 1 1 0
 2.000000 0.995605 0.00128484 0.96922 -16 -16 1 1 0
 2.500000 0.922058 0.0879869 0.919769 -16 -16 1 1 0
 3.000000 0.965048 0.0794455 0.940256 -16 -16 1 1 0
 3.500000 0.94919 0.0267342 0.944187 -16 -16 1 1 0
 4.000000 0.958095 -0.00548137 0.953863 -16 -16 1 1 0
 4.500000 0.965995 0.0495357 0.947065 -16 -16 1 1 0
 5.000000 0.951357 0.046829 0.941236 -16 -16 1 1 0
 5.500000 0.926946 0.0337928 0.933069 -16 -16 1 1 0
 6.000000 0.979988 0.0301124 0.957026 -16 -16 1 1 0
 6.500000 0.990365 0.0173599 0.963987 -16 -16 1 1 0
 7.000000 0.967931 0.00825363 0.955816 -16 -16 1 1 0
 7.500000 0.987398 0.0309103 0.960099 -16 -16 1 1 0
 8.000000 0.943677 0.067343 0.933653 -16 -16 1 1 0
 8.500000 0.967414 0.0158272 0.954217 -16 -16 1 1 0
 9.000000 0.984937 0.129815 0.936525 -16 -16 1 1 0
 9.500000 1.00107 0.077632 0.95612 -16 -16 1 1 0
 10.000000 0.978826 0.0845486 0.94502 -16 -16 1 1 0
 10.500000 1.00014 -0.021607 0.975148 -16 -16 1 1 0
 11.000000 1.00014 -0.0131892 0.973734 -16 -16 1 1 0
 11.500000 1.02866 0.0426439 0.975575 -16 -16 1 1 0
 12.000000 0.957333 -0.0570548 0.961483 -16 -16 1 1 0
 12.500000 0.954622 -0.0285304 0.956061 -16 -16 1 1 0
 13.000000 0.98381 0.0278885 0.959123 -16 -16 1 1 0
 13.500000 0.961102 0.107626 0.932001 -16 -16 1 1 0
 14.000000 1.00825 0.0415476 0.96701 -16 -16 1 1 0
 14.500000 0.92922 -0.0180921 0.94308 -16 -16 1 1 0
 15.000000 0.946251 -0.0165371 0.95043 -16 -16 1 1 0
 15.500000 1.02221 -0.016791 0.984042 -16 -16 1 1 0
 16.000000 0.925519 0.0202672 0.934939 -16 -16 1 1 0
 16.500000 0.970246 -0.0254178 0.962528 -16 -16 1 1 0
 17.000000 0.908429 0.0513777 0.921517 -16 -16 1 1 0
 17.500000 0.917755 0.0714142 0.921502 -16 -16 1 1 0
 18.000000 0.978261 0.0435085 0.953621 -16 -16 1 1 0
 18.500000 0.952134 0.073629 0.935966 -16 -16 1 1 0
 19.000000 0.983931 0.0902153 0.945893 -16 -16 1 1 0
 19.500000 0.949982 0.0101064 0.947572 -16 -16 1 1 0
 20.000000 0.987074 -0.00434132 0.966462 -16 -16 1 1 0
 20.500000 0.971092 -0.018609 0.961806 -16 -16 1 1 0
 21.000000 0.957566 -0.00224708 0.953079 -16 -16 1 1 0
 21.500000 0.977018 -0.0275597 0.965876 -16 -16 1 1 0
 22.000000 0.954732 0.00454814 0.95065 -16 -16 1 1 0
 22.500000 0.974932 0.0194931 0.956836 -16 -16 1 1 0
 23.000000 0.998147 0.0224644 0.966414 -16 -16 1 1 0
 23.500000 0.953823 -0.040441 0.957514 -16 -16 1 1 0
 24.000000 0.967928 0.0319979 0.951396 -16 -16 1 1 0
 24.500000 0.975744 0.00969384 0.958992 -16 -16 1 1 0
 25.000000 0.951095 0.0626626 0.937866 -16 -16 0.472044 1 1
 25.500000 0.731243 0.304059 0.776079 -16 -16 0.472044 1 1
 26.000000 0.228821 0.431507 0.508385 -16 -16 0.472044 1 1
 26.500000 -0.0910194 0.562111 0.305281 -16 -16 0.472044 1 1
 27.000000 -0.107444 0.531362 0.311667 -16 -16 0.472044 1 1
 27.500000 0.087278 0.501256 0.414941 -16 -16 0.222539 1 2
 28.000000 -0.504672 0.584114 0.101478 -16 -16 0.222539 1 2
 28.500000 -0.402991 0.557417 0.160717 -16 -16 0.222539 1 2
 29.000000 -0.506936 0.406108 0.166946 -16 -16 0.222539 1 2
 29.500000 -0.427397 0.585352 0.136924 -16 -16 0.222539 1 2
 30.000000 -0.451194 0.535742 0.146998 -16 -16 0.131532 1 3
 30.500000 0.607292 0.417789 0.679045 -16 -16 0.131532 1 3
 31.000000 0.453409 0.364979 0.634187 -13.4963 -16 0.131532 1 3
 31.500000 0.45705 0.380781 0.629871 -12.9874 -16 0.131532 1 3
 32.000000 0.589796 0.409123 0.675458 -16 -16 0.131532 1 3
 32.500000 0.411482 0.391893 0.605563 -10.2823 -11.8787 0.0624664 1.00007 4
 33.000000 -0.164017 0.556004 0.274141 -5.78421 -11.8787 0.0624664 1.00007 4
 33.500000 0.0889468 0.587022 0.374666 -3.60835 -11.8787 0.0624664 1.00007 4
 34.000000 -0.0808198 0.448471 0.357959 -4.19649 -11.8787 0.0624664 1.00007 4
 34.500000 -0.139857 0.503606 0.308295 -6.0733 -11.8787 0.0624664 1.00007 4
 35.000000 0.0357017 0.526891 0.379913 -3.43701 -5.22769 0.0578009 1.06433 4
 35.500000 0.141009 0.478214 0.449375 0.834396 -5.22769 0.0578009 1.06433 4
 36.000000 0.371247 0.535273 0.52408 -0.665719 -5.22769 0.0578009 1.06433 4
 36.500000 0.0027019 0.525591 0.365353 1.26902 -5.22769 0.0578009 1.06433 4
 37.000000 0.137865 0.554002 0.413167 1.18481 -5.22769 0.0578009 1.06433 4
 37.500000 -0.0974038 0.540296 0.312368 0.859037 -1.07333 0.0645042 1.75108 4
 38.000000 0.372494 0.481635 0.550661 -4.89495 -1.07333 0.0645042 1.75108 4
 38.500000 0.695046 0.502017 0.673977 -9.68643 -1.07333 0.0645042 1.75108 4
 39.000000 0.224311 0.51329 0.471128 -1.46366 -1.07333 0.0645042 1.75108 4
 39.500000 0.485472 0.423963 0.624823 -8.65138 -1.07333 0.0645042 1.75108 4
 40.000000 0.509705 0.43155 0.631925 -8.87419 -1.2068 0.0645019 1.75122 4
 40.500000 0.262938 0.499648 0.494528 -2.33119 -1.2068 0.0645019 1.75122 4
 41.000000 0.401551 0.436188 0.583333 -6.47459 -1.2068 0.0645019 1.75122 4
 41.500000 0.353545 0.371839 0.587203 -6.63784 -1.2068 0.0645019 1.75122 4
 42.000000 0.205457 0.505736 0.466255 -1.298 -1.2068 0.0645019 1.75122 4
 42.500000 0.169378 0.494793 0.455027 -0.93605 -1.17283 0.0565503 2.12959 5
 43.000000 0.302178 0.450305 0.533643 -1.13354 -1.17283 0.0565503 2.12959 5
 43.500000 0.346323 0.498336 0.531558 -1.08944 -1.17283 0.0565503 2.12959 5
 44.000000 -0.0266169 0.363657 0.4129 0.499777 -1.17283 0.0565503 2.12959 5
 44.500000 -0.261248 0.579307 0.217801 0.249092 -1.17283 0.0565503 2.12959 5
 45.000000 0.182704 0.477677 0.468504 -0.125361 -1.00305 0.056305 2.90218 5
 45.500000 0.00763953 0.500506 0.378633 0.79193 -1.00305 0.056305 2.90218 5
 46.000000 -0.0156084 0.423247 0.398117 0.712894 -1.00305 0.056305 2.90218 5
 46.500000 -0.0703105 0.467442 0.355685 0.907284 -1.00305 0.056305 2.90218 5
 47.000000 -0.152374 0.486324 0.309379 1.00486 -1.00305 0.056305 2.90218 5
 47.500000 0.281518 0.429916 0.532789 -0.12319 -0.882401 0.0605611 3.71854 6
 48.000000 -0.109114 0.472969 0.33517 0.716834 -0.882401 0.0605611 3.71854 6
 48.500000 -0.480158 0.548638 0.128034 -3.02938 -0.882401 0.0605611 3.71854 6
 49.000000 -0.0746308 0.481152 0.348219 0.671695 -0.882401 0.0605611 3.71854 6
 49.500000 0.0728214 0.484272 0.415612 0.459793 -0.882401 0.0605611 3.71854 6
 50.000000 0.0783079 0.446867 0.433301 0.494024 -0.66188 0.0614678 4.71132 6
 50.500000 0.108713 0.455094 0.444114 0.913854 -0.66188 0.0614678 4.71132 6
 51.000000 0.12102 0.543619 0.410717 0.833185 -0.66188 0.0614678 4.71132 6
 51.500000 -0.00435673 0.565579 0.343424 0.577081 -0.66188 0.0614678 4.71132 6
 52.000000 0.00272778 0.520041 0.367846 0.644525 -0.66188 0.0614678 4.71132 6
 52.500000 -0.166531 0.476511 0.306503 0.478087 -0.51037 0.0597329 5.70871 6
 53.000000 0.167927 0.522822 0.441591 0.727452 -0.51037 0.0597329 5.70871 6
 53.500000 0.111885 0.50696 0.42362 0.718591 -0.51037 0.0597329 5.70871 6
 54.000000 0.240126 0.435855 0.511775 0.367464 -0.51037 0.0597329 5.70871 6
 54.500000 0.243654 0.509866 0.481278 0.611212 -0.51037 0.0597329 5.70871 6
 55.000000 -0.161564 0.466694 0.312648 0.86144 -0.319603 0.0590305 6.50637 6
 55.500000 0.38884 0.449555 0.572077 -0.724224 -0.319603 0.0590305 6.50637 6
 56.000000 0.0728758 0.549425 0.386268 0.68355 -0.319603 0.0590305 6.50637 6
 56.500000 0.197941 0.478352 0.475081 0.406657 -0.319603 0.0590305 6.50637 6
 57.000000 0.283736 0.42937 0.534003 -0.125727 -0.319603 0.0590305 6.50637 6
 57.500000 -0.0389604 0.597501 0.311769 1.10926 -0.127665 0.0588617 7.10961 6
 58.000000 0.09917 0.479101 0.429887 0.315806 -0.127665 0.0588617 7.10961 6
 58.500000 0.245103 0.481242 0.494929 0.0362747 -0.127665 0.0588617 7.10961 6
 59.000000 0.0452887 0.489891 0.400554 0.493903 -0.127665 0.0588617 7.10961 6
 59.500000 0.349644 0.554004 0.505199 -0.0506434 -0.127665 0.0588617 7.10961 6
 60.000000 0.19837 0.521064 0.455974 0.241111 -0.100173 0.0601445 7.98502 6
 60.500000 0.000450396 0.429907 0.403282 0.533622 -0.100173 0.0601445 7.98502 6
 61.000000 0.0454374 0.497934 0.397193 0.559448 -0.100173 0.0601445 7.98502 6
 61.500000 -0.0992633 0.47042 0.340832 1.05504 -0.100173 0.0601445 7.98502 6
 62.000000 0.0926211 0.496065 0.419646 0.505801 -0.100173 0.0601445 7.98502 6
 62.500000 0.129882 0.498573 0.435508 0.507613 -0.0521476 0.0610735 8.96636 6
 63.000000 0.159458 0.420232 0.481021 0.504933 -0.0521476 0.0610735 8.96636 6
 63.500000 0.0667417 0.568088 0.37437 0.733816 -0.0521476 0.0610735 8.96636 6
 64.000000 0.0557864 0.505199 0.398798 0.667894 -0.0521476 0.0610735 8.96636 6
 64.500000 0.167555 0.529069 0.438476 0.721865 -0.0521476 0.0610735 8.96636 6
 65.000000 0.0868885 0.474631 0.426111 0.710993 0.00952242 0.0620373 9.96257 6
 65.500000 0.437608 0.509714 0.565024 -1.16935 0.00952242 0.0620373 9.96257 6
 66.000000 0.203667 0.531217 0.453478 0.84577 0.00952242 0.0620373 9.96257 6
 66.500000 0.155862 0.475743 0.457176 0.823289 0.00952242 0.0620373 9.96257 6
 67.000000 0.135436 0.529851 0.423743 0.887983 0.00952242 0.0620373 9.96257 6
 67.500000 0.0316237 0.538735 0.372599 0.766452 0.0673801 0.0749828 10.9501 7
 68.000000 0.235441 0.523243 0.471325 0.43283 0.0673801 0.0749828 10.9501 7
 68.500000 0.285659 0.506445 0.501341 -0.036699 0.0673801 0.0749828 10.9501 7
 69.000000 0.130909 0.448087 0.45712 0.573492 0.0673801 0.0749828 10.9501 7
 69.500000 0.111501 0.493886 0.429206 0.711336 0.0673801 0.0749828 10.9501 7
 70.000000 0.22133 0.421994 0.50869 -0.182846 0.0562497 0.0768393 11.628 7
 70.500000 -0.135257 0.541896 0.293977 0.560894 0.0562497 0.0768393 11.628 7
 71.000000 0.000653628 0.590237 0.333425 0.719355 0.0562497 0.0768393 11.628 7
 71.500000 0.167013 0.444835 0.474963 0.422869 0.0562497 0.0768393 11.628 7
 72.000000 0.223749 0.503789 0.475284 0.419711 0.0562497 0.0768393 11.628 7
 72.500000 0.145176 0.461796 0.458127 0.559221 0.0869002 0.0772166 12.6217 7
 73.000000 0.24266 0.454364 0.505363 0.150334 0.0869002 0.0772166 12.6217 7
 73.500000 0.301116 0.497962 0.512071 0.0318004 0.0869002 0.0772166 12.6217 7
 74.000000 0.853779 0.339114 0.813216 -13.6929 0.0869002 0.0772166 12.6217 7
 74.500000 0.973633 -0.0134195 0.962076 -15.5771 0.0869002 0.0772166 12.6217 7
 75.000000 0.983614 0.0273675 0.959138 -15.4935 0.0403802 0.0675646 12.6217 8
 75.500000 0.978073 0.0243371 0.957298 -14.8973 0.0403802 0.0675646 12.6217 8
 76.000000 0.984944 0.0224958 0.96065 -14.9568 0.0403802 0.0675646 12.6217 8
 76.500000 0.994216 -0.00404882 0.969552 -15.11 0.0403802 0.0675646 12.6217 8
 77.000000 0.981124 -0.0118012 0.965116 -15.0362 0.0403802 0.0675646 12.6217 8
 77.500000 0.927065 0.0986898 0.919503 -15.0365 -0.00407152 0.0600574 12.6217 9
 78.000000 0.908764 -0.0271266 0.9353 -14.2756 -0.00407152 0.0600574 12.6217 9
 78.500000 1.00463 0.066883 0.960054 -14.5547 -0.00407152 0.0600574 12.6217 9
 79.000000 0.913625 -0.0285829 0.937706 -14.2738 -0.00407152 0.0600574 12.6217 9
 79.500000 0.968508 -0.0250513 0.961697 -14.5883 -0.00407152 0.0600574 12.6217 9
 80.000000 0.933973 0.0412688 0.934725 -14.2771 -0.0466311 0.0772166 12.6217 7
 80.500000 0.983415 0.00413305 0.963361 -14.1417 -0.0466311 0.0772166 12.6217 7
 81.000000 0.989774 -0.0175118 0.969892 -14.2532 -0.0466311 0.0772166 12.6217 7
 81.500000 0.91343 0.0245881 0.928804 -13.9343 -0.0466311 0.0772166 12.6217 7
 82.000000 0.961938 0.04044 0.947127 -13.9614 -0.0466311 0.0772166 12.6217 7
 82.500000 0.946946 -0.00248317 0.948414 -13.9704 -0.0874531 0.0772166 12.6217 7
 83.000000 1.0329 0.0726305 0.970827 -13.7707 -0.0874531 0.0772166 12.6217 7
 83.500000 0.977233 0.00519648 0.960454 -13.6276 -0.0874531 0.0772166 12.6217 7
 84.000000 1.01242 0.0430935 0.968489 -13.7336 -0.0874531 0.0772166 12.6217 7
 84.500000 1.01448 0.0387089 0.970281 -13.7618 -0.0874531 0.0772166 12.6217 7
 85.000000 0.9389 0.0704758 0.930909 -13.5404 -0.126674 0.0772166 12.6217 7
 85.500000 0.972372 0.0323371 0.95327 -13.1862 -0.126674 0.0772166 12.6217 7
 86.000000 0.912965 0.0168314 0.929988 -13.1253 -0.126674 0.0772166 12.6217 7
 86.500000 0.975424 0.072124 0.946351 -13.1371 -0.126674 0.0772166 12.6217 7
 87.000000 0.873426 0.0378628 0.908612 -13.3287 -0.126674 0.0772166 12.6217 7
 87.500000 0.956575 0.0616619 0.940457 -13.116 -0.164414 0.0772166 12.6217 7
 88.000000 0.969184 0.0509112 0.948169 -12.7391 -0.164414 0.0772166 12.6217 7
 88.500000 0.943592 0.0330827 0.940526 -12.7129 -0.164414 0.0772166 12.6217 7
 89.000000 0.941534 0.0307718 0.940061 -12.7124 -0.164414 0.0772166 12.6217 7
 89.500000 0.934606 0.0682788 0.92951 -12.732 -0.164414 0.0772166 12.6217 7
 90.000000 0.987224 0.0286356 0.960466 -12.8487 -0.200781 0.0772166 12.6217 7
 90.500000 1.024 0.0400296 0.974112 -12.5762 -0.200781 0.0772166 12.6217 7
 91.000000 0.995805 0.0213979 0.965597 -12.4674 -0.200781 0.0772166 12.6217 7
 91.500000 0.962879 0.00786185 0.953661 -12.3781 -0.200781 0.0772166 12.6217 7
 92.000000 0.993004 -0.0137033 0.970679 -12.5278 -0.200781 0.0772166 12.6217 7
 92.500000 0.954473 0.00645186 0.950201 -12.3661 -0.235873 0.0772166 12.6217 7
 93.000000 0.996752 -0.00871351 0.971477 -12.1349 -0.235873 0.0772166 12.6217 7
 93.500000 0.955547 0.0119085 0.949706 -11.9762 -0.235873 0.0772166 12.6217 7
 94.000000 1.01076 0.0397042 0.968473 -12.098 -0.235873 0.0772166 12.6217 7
 94.500000 0.933052 -0.0258383 0.946005 -11.9745 -0.235873 0.0772166 12.6217 7
 95.000000 0.966687 0.0270478 0.951802 -11.9805 -0.269774 0.0772166 12.6217 7
 95.500000 0.964754 0.0417739 0.948091 -11.5953 -0.269774 0.0772166 12.6217 7
 96.000000 0.905359 -0.0667673 0.939286 -11.6188 -0.269774 0.0772166 12.6217 7
 96.500000 0.976272 0.0838752 0.944079 -11.6008 -0.269774 0.0772166 12.6217 7
 97.000000 0.956826 -0.0116229 0.954329 -11.6042 -0.269774 0.0772166 12.6217 7
 97.500000 0.978316 -2.00218e-05 0.961852 -11.6432 -0.302563 0.0772166 12.6217 7
 98.000000 0.914149 -0.019418 0.936539 -11.3071 -0.302563 0.0772166 12.6217 7
 98.500000 0.962111 -0.00228454 0.955096 -11.236 -0.302563 0.0772166 12.6217 7
 99.000000 0.939951 0.0286567 0.939763 -11.2813 -0.302563 0.0772166 12.6217 7
 99.500000 0.905262 0.0716373 0.915996 -11.6037 -0.302563 0.0772166 12.6217 7
 100.000000 0.993176 0.0553224 0.957632 -11.2409 -0.334311 0.0772166 12.6218 7
 100.500000 0.960663 0.0100612 0.952291 -10.8678 -0.334311 0.0772166 12.6218 7
 101.000000 0.936677 0.0234193 0.939293 -10.9302 -0.334311 0.0772166 12.6218 7
 101.500000 0.914493 0.0498633 0.924483 -11.1157 -0.334311 0.0772166 12.6218 7
 102.000000 0.972515 -0.00870599 0.960789 -10.8779 -0.334311 0.0772166 12.6218 7
 102.500000 0.939362 -0.0350187 0.950227 -10.8714 -0.365082 0.0772166 12.6218 7
 103.000000 0.990396 0.0173293 0.964006 -10.5371 -0.365082 0.0772166 12.6218 7
 103.500000 0.964159 0.00744545 0.954299 -10.5035 -0.365082 0.0772166 12.6218 7
 104.000000 0.995733 0.0327757 0.963356 -10.5332 -0.365082 0.0772166 12.6218 7
 104.500000 0.877724 0.0760628 0.902992 -11.2142 -0.365082 0.0772166 12.6218 7
 105.000000 0.997615 0.0971454 0.950081 -10.5056 -0.394934 0.0772166 12.6218 7
 105.500000 0.926229 0.00312899 0.93826 -10.1991 -0.394934 0.0772166 12.6218 7
 106.000000 0.957595 0.0268029 0.947865 -10.1487 -0.394934 0.0772166 12.6218 7
 106.500000 0.883647 0.0561241 0.909656 -10.666 -0.394934 0.0772166 12.6218 7
 107.000000 0.98704 0.0560222 0.954836 -10.1456 -0.394934 0.0772166 12.6218 7
 107.500000 0.949867 0.0169404 0.946294 -10.1533 -0.42392 0.0772165 12.6219 7
 108.000000 0.945103 0.0101745 0.945405 -9.79759 -0.42392 0.0772165 12.6219 7
 108.500000 0.973073 -0.0360664 0.96545 -9.85839 -0.42392 0.0772165 12.6219 7
 109.000000 0.956444 0.0177053 0.949051 -9.79103 -0.42392 0.0772165 12.6219 7
 109.500000 0.943151 -0.0143939 0.948703 -9.79131 -0.42392 0.0772165 12.6219 7
 110.000000 0.988722 0.0230103 0.962201 -9.83245 -0.452088 0.0772165 12.6219 7
 110.500000 0.997584 -0.0197733 0.973715 -9.56696 -0.452088 0.0772165 12.6219 7
 111.000000 0.998272 -0.0024073 0.971044 -9.53783 -0.452088 0.0772165 12.6219 7
 111.500000 0.897414 0.0165962 0.923112 -9.73105 -0.452088 0.0772165 12.6219 7
 112.000000 0.897654 0.0339059 0.920103 -9.78841 -0.452088 0.0772165 12.6219 7
 112.500000 0.954841 0.0311143 0.945837 -9.47036 -0.479484 0.0772164 12.622 7
 113.000000 0.982521 -0.000445238 0.963778 -9.15474 -0.479484 0.0772164 12.622 7
 113.500000 0.961633 0.0202614 0.95086 -9.10913 -0.479484 0.0772164 12.622 7
 114.000000 0.964887 -0.000642739 0.956039 -9.11538 -0.479484 0.0772164 12.622 7
 114.500000 0.990504 -0.0505736 0.9754 -9.28139 -0.479484 0.0772164 12.622 7
 115.000000 0.995082 -0.0411536 0.97602 -9.29042 -0.506148 0.0772164 12.6221 7
 115.500000 0.971351 0.120921 0.93307 -8.99242 -0.506148 0.0772164 12.6221 7
 116.000000 0.97138 -0.0111965 0.960707 -8.81627 -0.506148 0.0772164 12.6221 7
 116.500000 0.969741 -0.0481725 0.965776 -8.8312 -0.506148 0.0772164 12.6221 7
 117.000000 0.919045 0.0439117 0.927651 -9.07799 -0.506148 0.0772164 12.6221 7
 117.500000 0.955221 0.0441568 0.943457 -8.87516 -0.532118 0.0772163 12.6222 7
 118.000000 0.945196 -0.0362471 0.953025 -8.49069 -0.532118 0.0772163 12.6222 7
 118.500000 0.92626 0.0111032 0.936897 -8.57329 -0.532118 0.0772163 12.6222 7
 119.000000 1.00601 0.0894193 0.955493 -8.49134 -0.532118 0.0772163 12.6222 7
 119.500000 0.955266 0.056256 0.941017 -8.53786 -0.532118 0.0772163 12.6222 7
 120.000000 0.967381 -0.0305094 0.962056 -8.51024 -0.557427 0.0772162 12.6224 7
 120.500000 0.976409 0.0364259 0.95423 -8.15994 -0.557427 0.0772162 12.6224 7
 121.000000 0.891763 0.00537166 0.922509 -8.50091 -0.557427 0.0772162 12.6224 7
 121.500000 0.893115 -0.00168198 0.92428 -8.46594 -0.557427 0.0772162 12.6224 7
 122.000000 1.01335 0.00894352 0.975584 -8.27082 -0.557427 0.0772162 12.6224 7
 122.500000 0.979624 -0.0256739 0.966733 -8.19162 -0.582107 0.077216 12.6227 7
 123.000000 0.954797 0.0775834 0.936249 -7.99812 -0.582107 0.077216 12.6227 7
 123.500000 0.972327 0.0393953 0.951864 -7.85123 -0.582107 0.077216 12.6227 7
 124.000000 0.988636 -0.0186268 0.969574 -7.86641 -0.582107 0.077216 12.6227 7
 124.500000 0.950139 -0.0182649 0.95244 -7.84869 -0.582107 0.077216 12.6227 7
 125.000000 1.01741 0.00216585 0.978599 -7.94846 -0.606189 0.0772158 12.6231 7
 125.500000 0.960414 0.0185804 0.950635 -7.59362 -0.606189 0.0772158 12.6231 7
 126.000000 0.996656 0.0158658 0.967014 -7.53609 -0.606189 0.0772158 12.6231 7
 126.500000 0.96433 0.0622264 0.9437 -7.66714 -0.606189 0.0772158 12.6231 7
 127.000000 0.906383 0.00506809 0.929092 -7.91763 -0.606189 0.0772158 12.6231 7
 127.500000 0.958775 0.0293382 0.947901 -7.61912 -0.629698 0.0772155 12.6236 7
 128.000000 0.980703 0.084255 0.945892 -7.29034 -0.629698 0.0772155 12.6236 7
 128.500000 0.955916 0.00116142 0.951762 -7.2503 -0.629698 0.0772155 12.6236 7
 129.000000 0.966576 -0.0105281 0.958469 -7.23037 -0.629698 0.0772155 12.6236 7
 129.500000 0.956878 0.0703446 0.938733 -7.36774 -0.629698 0.0772155 12.6236 7
 130.000000 0.943744 0.0959504 0.927326 -7.55588 -0.652665 0.0772152 12.6242 7
 130.500000 0.967019 0.0560587 0.946163 -6.99617 -0.652665 0.0772152 12.6242 7
 131.000000 0.933348 0.0368243 0.935309 -7.06802 -0.652665 0.0772152 12.6242 7
 131.500000 0.949083 0.0757171 0.934189 -7.07922 -0.652665 0.0772152 12.6242 7
 132.000000 0.908867 0.0798915 0.915811 -7.36404 -0.652665 0.0772152 12.6242 7
 132.500000 0.937362 -0.0431351 0.950526 -6.98602 -0.675098 0.0772147 12.6252 7
 133.000000 0.920935 0.0702188 0.923143 -6.91405 -0.675098 0.0772147 12.6252 7
 133.500000 0.958138 0.0333653 0.946849 -6.67066 -0.675098 0.0772147 12.6252 7
 134.000000 0.940713 0.0815109 0.929291 -6.81815 -0.675098 0.0772147 12.6252 7
 134.500000 0.98024 0.0426969 0.954645 -6.66519 -0.675098 0.0772147 12.6252 7
 135.000000 0.948964 0.0236301 0.944667 -6.67881 -0.697022 0.0772141 12.6265 7
 135.500000 0.910332 0.0764681 0.917187 -6.68925 -0.697022 0.0772141 12.6265 7
 136.000000 0.958646 0.0885124 0.93545 -6.41447 -0.697022 0.0772141 12.6265 7
 136.500000 0.969561 0.0139951 0.955495 -6.35847 -0.697022 0.0772141 12.6265 7
 137.000000 1.0355 0.0177247 0.983538 -6.71144 -0.697022 0.0772141 12.6265 7
 137.500000 0.939374 -0.0100232 0.946308 -6.35223 -0.718452 0.0772132 12.6283 7
 138.000000 0.942418 0.0776402 0.930882 -6.1419 -0.718452 0.0772132 12.6283 7
 138.500000 0.908786 0.0145911 0.928525 -6.1722 -0.718452 0.0772132 12.6283 7
 139.000000 0.975875 0.12192 0.934733 -6.10044 -0.718452 0.0772132 12.6283 7
 139.500000 0.967971 0.0132429 0.954933 -6.04616 -0.718452 0.0772132 12.6283 7
 140.000000 0.926623 0.0368679 0.932343 -6.125 -0.73941 0.0772122 12.6306 7
 140.500000 0.965074 0.00641433 0.954885 -5.78133 -0.73941 0.0772122 12.6306 7
 141.000000 0.949021 -0.023801 0.952823 -5.76829 -0.73941 0.0772122 12.6306 7
 141.500000 0.919541 -0.0123264 0.937834 -5.75952 -0.73941 0.0772122 12.6306 7
 142.000000 0.939443 0.057157 0.93394 -5.78198 -0.73941 0.0772122 12.6306 7
 142.500000 0.985064 -0.00380971 0.965485 -5.89347 -0.759909 0.0772111 12.6335 7
 143.000000 0.919704 -0.00849633 0.937288 -5.52375 -0.759909 0.0772111 12.6335 7
 143.500000 0.990278 0.0349651 0.960553 -5.51083 -0.759909 0.0772111 12.6335 7
 144.000000 0.975526 0.0496298 0.951185 -5.47306 -0.759909 0.0772111 12.6335 7
 144.500000 0.958538 0.0157482 0.950329 -5.4725 -0.759909 0.0772111 12.6335 7
 145.000000 0.960556 0.00388932 0.953337 -5.47662 -0.779929 0.0772094 12.638 7
 145.500000 0.954498 0.00953688 0.949667 -5.16699 -0.779929 0.0772094 12.638 7
 146.000000 0.945559 0.0837226 0.930893 -5.30386 -0.779929 0.0772094 12.638 7
 146.500000 0.993884 -0.0320359 0.974068 -5.35563 -0.779929 0.0772094 12.638 7
 147.000000 0.936339 0.165579 0.906388 -5.85152 -0.779929 0.0772094 12.638 7
 147.500000 0.967811 0.0533754 0.947064 -5.17132 -0.799484 0.0772073 12.644 7
 148.000000 0.944098 -0.0289742 0.95143 -4.86512 -0.799484 0.0772073 12.644 7
 148.500000 0.969348 0.0200767 0.95428 -4.87157 -0.799484 0.0772073 12.644 7
 149.000000 0.945406 0.112879 0.924016 -5.10452 -0.799484 0.0772073 12.644 7
 149.500000 0.955538 0.00202209 0.951446 -4.86514 -0.799484 0.0772073 12.644 7
 150.000000 0.962043 0.0500643 0.945238 -4.87144 -0.818568 0.0772046 12.652 7
 150.500000 0.997847 0.0454712 0.961708 -4.631 -0.818568 0.0772046 12.652 7
 151.000000 0.9336 -0.0023856 0.942471 -4.57914 -0.818568 0.0772046 12.652 7
 151.500000 0.981339 0.0104691 0.961308 -4.62708 -0.818568 0.0772046 12.652 7
 152.000000 0.934796 0.0533269 0.932691 -4.65963 -0.818568 0.0772046 12.652 7
 152.500000 0.952899 0.0542678 0.940398 -4.59019 -0.837173 0.0772013 12.6627 7
 153.000000 0.959574 0.0809325 0.937565 -4.30393 -0.837173 0.0772013 12.6627 7
 153.500000 0.950369 0.0528345 0.939589 -4.29183 -0.837173 0.0772013 12.6627 7
 154.000000 0.975005 0.0746369 0.945614 -4.27447 -0.837173 0.0772013 12.6627 7
 154.500000 1.02199 0.0239235 0.976486 -4.62424 -0.837173 0.0772013 12.6627 7
 155.000000 0.937896 0.0332185 0.937997 -4.30108 -0.855275 0.0771972 12.677 7
 155.500000 0.974594 -0.0324737 0.965572 -4.16724 -0.855275 0.0771972 12.677 7
 156.000000 1.00288 0.0705462 0.958491 -4.06764 -0.855275 0.0771972 12.677 7
 156.500000 0.935649 0.0350639 0.936658 -4.00861 -0.855275 0.0771972 12.677 7
 157.000000 0.936 0.0783076 0.927955 -4.08951 -0.855275 0.0771972 12.677 7
 157.500000 0.89022 -0.013623 0.924887 -4.1322 -0.872925 0.0771928 12.6939 7
 158.000000 0.930007 -0.0650758 0.950249 -3.77392 -0.872925 0.0771928 12.6939 7
 158.500000 0.988752 -0.0109137 0.968331 -4.04694 -0.872925 0.0771928 12.6939 7
 159.000000 0.906088 0.105299 0.908903 -4.08764 -0.872925 0.0771928 12.6939 7
 159.500000 0.925575 0.0538056 0.928559 -3.77574 -0.872925 0.0771928 12.6939 7
 160.000000 0.93585 0.0288999 0.937912 -3.73091 -0.889901 0.0771869 12.7192 7
 160.500000 0.983387 0.0200394 0.960434 -3.62276 -0.889901 0.0771869 12.7192 7
 161.000000 0.933438 -0.025521 0.946128 -3.46126 -0.889901 0.0771869 12.7192 7
 161.500000 1.00643 -0.0105483 0.976047 -3.98484 -0.889901 0.0771869 12.7192 7
 162.000000 0.942751 0.0868224 0.928984 -3.48215 -0.889901 0.0771869 12.7192 7
 162.500000 0.982176 -0.00808948 0.96495 -3.70757 -0.906534 0.0771814 12.745 7
 163.000000 0.964203 0.0653657 0.942975 -3.21652 -0.906534 0.0771814 12.745 7
 163.500000 0.937715 0.0230947 0.939811 -3.2242 -0.906534 0.0771814 12.745 7
 164.000000 0.968673 0.074629 0.942889 -3.21663 -0.906534 0.0771814 12.745 7
 164.500000 0.961011 0.0306146 0.948636 -3.2214 -0.906534 0.0771814 12.745 7
 165.000000 1.00065 -0.0582138 0.981038 -3.70882 -0.922862 0.067749 12.7709 8
 165.500000 0.966806 -0.0222667 0.960496 -3.02159 -0.922862 0.067749 12.7709 8
 166.000000 1.0066 0.0609149 0.962209 -3.03415 -0.922862 0.067749 12.7709 8
 166.500000 0.949133 -0.0134426 0.951211 -2.98615 -0.922862 0.067749 12.7709 8
 167.000000 0.933476 0.0227648 0.938001 -3.03179 -0.922862 0.067749 12.7709 8
 167.500000 0.973456 0.0310339 0.953997 -2.99098 -0.937779 0.0678425 12.8236 8
 168.000000 0.928987 0.0117233 0.937997 -2.73028 -0.937779 0.0678425 12.8236 8
 168.500000 0.953512 -0.00124772 0.951113 -2.6696 -0.937779 0.0678425 12.8236 8
 169.000000 0.935889 0.00286646 0.942596 -2.6948 -0.937779 0.0678425 12.8236 8
 169.500000 0.93519 -0.0229819 0.946517 -2.67669 -0.937779 0.0678425 12.8236 8
 170.000000 0.899486 0.0893214 0.909661 -3.29394 -0.952981 0.060575 12.8627 9
 170.500000 0.966666 0.0391329 0.949449 -2.48163 -0.952981 0.060575 12.8627 9
 171.000000 0.960858 -0.0122644 0.956224 -2.51121 -0.952981 0.060575 12.8627 9
 171.500000 1.00163 0.0675514 0.958623 -2.52847 -0.952981 0.060575 12.8627 9
 172.000000 0.923495 0.10926 0.915485 -2.75093 -0.952981 0.060575 12.8627 9
 172.500000 0.993534 0.0140114 0.965996 -2.60402 -0.966318 0.0678494 12.9401 8
 173.000000 0.954059 0.0226792 0.947084 -2.27226 -0.966318 0.0678494 12.9401 8
 173.500000 0.936564 0.138951 0.913676 -2.74339 -0.966318 0.0678494 12.9401 8
 174.000000 0.968624 0.0607055 0.945882 -2.27734 -0.966318 0.0678494 12.9401 8
 174.500000 0.918788 0.0311805 0.929961 -2.43036 -0.966318 0.0678494 12.9401 8
 175.000000 0.964135 0.0392731 0.948317 -2.26803 -0.978129 0.0679798 13.0479 8
 175.500000 0.911357 0.0766961 0.917585 -2.37117 -0.978129 0.0679798 13.0479 8
 176.000000 0.972688 0.0570361 0.948415 -1.96255 -0.978129 0.0679798 13.0479 8
 176.500000 0.938447 0.0167985 0.94128 -1.99811 -0.978129 0.0679798 13.0479 8
 177.000000 0.937837 0.0279624 0.938963 -2.01752 -0.978129 0.0679798 13.0479 8
 177.500000 0.974995 0.0322793 0.954427 -1.96143 -0.988114 0.0681073 13.1936 8
 178.000000 0.901593 0.0544895 0.917892 -2.1323 -0.988114 0.0681073 13.1936 8
 178.500000 0.951952 -0.0220005 0.953844 -1.665 -0.988114 0.0681073 13.1936 8
 179.000000 0.989029 0.0578302 0.955311 -1.66738 -0.988114 0.0681073 13.1936 8
 179.500000 0.927016 0.0237712 0.934964 -1.78725 -0.988114 0.0681073 13.1936 8
 180.000000 0.986808 0.0265233 0.960693 -1.69107 -0.996034 0.068224 13.3832 8
 180.500000 0.965441 0.0429261 0.94816 -1.40239 -0.996034 0.068224 13.3832 8
 181.000000 0.967826 -0.00119782 0.957433 -1.38606 -0.996034 0.068224 13.3832 8
 181.500000 0.957758 0.00760145 0.951449 -1.38825 -0.996034 0.068224 13.3832 8
 182.000000 0.96763 0.0355284 0.950578 -1.3911 -0.996034 0.068224 13.3832 8
 182.500000 0.972915 -0.0163077 0.962236 -1.40648 -1.00123 0.0683657 13.6326 8
 183.000000 0.945585 0.0620305 0.935604 -1.30802 -1.00123 0.0683657 13.6326 8
 183.500000 0.985509 -0.0329675 0.9705 -1.19088 -1.00123 0.0683657 13.6326 8
 184.000000 0.909863 0.026084 0.926951 -1.50095 -1.00123 0.0683657 13.6326 8
 184.500000 0.989595 0.122352 0.940422 -1.22808 -1.00123 0.0683657 13.6326 8
 185.000000 0.972065 -0.0537861 0.967629 -1.15944 -1.00345 0.068496 13.9483 8
 185.500000 0.968964 0.0400848 0.950262 -0.887259 -1.00345 0.068496 13.9483 8
 186.000000 0.958442 -0.00233633 0.953482 -0.864185 -1.00345 0.068496 13.9483 8
 186.500000 0.975122 0.0319895 0.954538 -0.858671 -1.00345 0.068496 13.9483 8
 187.000000 0.950194 0.0403038 0.942022 -0.988995 -1.00345 0.068496 13.9483 8
 187.500000 0.970755 -0.0111909 0.96043 -0.846644 -1.00092 0.0687763 14.3691 8
 188.000000 0.938103 0.0312197 0.938467 -0.802366 -1.00092 0.0687763 14.3691 8
 188.500000 1.03168 -0.0426437 0.992452 -1.09533 -1.00092 0.0687763 14.3691 8
 189.000000 0.961143 -0.0431958 0.961199 -0.583406 -1.00092 0.0687763 14.3691 8
 189.500000 0.966847 -0.0127561 0.958961 -0.583048 -1.00092 0.0687763 14.3691 8
 190.000000 0.95682 0.015247 0.949664 -0.633029 -0.994397 0.0694011 14.8789 8
 190.500000 0.994207 0.113595 0.944594 -0.42401 -0.994397 0.0694011 14.8789 8
 191.000000 1.00237 -0.0132067 0.974718 -0.492489 -0.994397 0.0694011 14.8789 8
 191.500000 0.894524 0.0302039 0.919395 -1.04129 -0.994397 0.0694011 14.8789 8
 192.000000 0.97714 -0.00143884 0.961583 -0.353232 -0.994397 0.0694011 14.8789 8
 192.500000 0.95922 0.0788488 0.937878 -0.529376 -0.985853 0.0705466 15.4401 8
 193.000000 0.96011 -0.00890932 0.955334 -0.153371 -0.985853 0.0705466 15.4401 8
 193.500000 1.0099 0.00309265 0.975152 -0.382195 -0.985853 0.0705466 15.4401 8
 194.000000 0.959013 0.0159484 0.950501 -0.154107 -0.985853 0.0705466 15.4401 8
 194.500000 0.976193 0.0813181 0.944627 -0.184741 -0.985853 0.0705466 15.4401 8
 195.000000 0.953844 0.0561444 0.940422 -0.226655 -0.969747 0.0718534 16.1526 8
 195.500000 0.94979 0.0501772 0.939877 -0.00236873 -0.969747 0.0718534 16.1526 8
 196.000000 0.965387 0.0283305 0.950989 0.0482594 -0.969747 0.0718534 16.1526 8
 196.500000 0.946628 0.0951666 0.928748 -0.172204 -0.969747 0.0718534 16.1526 8
 197.000000 0.929373 0.0344251 0.934018 -0.0769578 -0.969747 0.0718534 16.1526 8
 197.500000 0.937184 0.0721977 0.929794 -0.151195 -0.952057 0.0777123 16.9106 7
 198.000000 0.966132 0.0357019 0.94989 0.152259 -0.952057 0.0777123 16.9106 7
 198.500000 0.972714 0.0445851 0.950993 0.147561 -0.952057 0.0777123 16.9106 7
 199.000000 0.993404 -0.00341771 0.969084 -0.0925388 -0.952057 0.0777123 16.9106 7
 199.500000 0.925483 0.0404943 0.931145 0.0575438 -0.952057 0.0777123 16.9106 7
 200.000000 0.997256 -0.0442917 0.977465 -0.30789 -0.939574 0.0779079 17.5979 7
 200.500000 0.959037 0.0567589 0.942552 0.254859 -0.939574 0.0779079 17.5979 7
 201.000000 0.970875 0.0197346 0.955013 0.2741 -0.939574 0.0779079 17.5979 7
 201.500000 0.940716 -0.0484902 0.952804 0.280476 -0.939574 0.0779079 17.5979 7
 202.000000 0.940031 0.0713832 0.931206 0.120624 -0.939574 0.0779079 17.5979 7
 202.500000 0.950585 0.0907176 0.931477 0.125127 -0.91388 0.0782441 18.5009 7
 203.000000 0.936764 0.0361149 0.936947 0.392948 -0.91388 0.0782441 18.5009 7
 203.500000 0.934053 0.00260158 0.941827 0.425406 -0.91388 0.0782441 18.5009 7
 204.000000 0.936038 -0.0124358 0.945216 0.435669 -0.91388 0.0782441 18.5009 7
 204.500000 0.978903 -0.0528725 0.970557 0.193404 -0.91388 0.0782441 18.5009 7
 205.000000 0.966518 0.0083866 0.95517 0.407613 -0.877404 0.0787223 19.4946 7
 205.500000 1.05449 0.00623797 0.993951 -0.363363 -0.877404 0.0787223 19.4946 7
 206.000000 0.948251 -0.0288334 0.953264 0.586368 -0.877404 0.0787223 19.4946 7
 206.500000 0.963638 0.0740297 0.94085 0.568054 -0.877404 0.0787223 19.4946 7
 207.000000 0.984007 0.0136223 0.9619 0.514144 -0.877404 0.0787223 19.4946 7
 207.500000 0.959845 -0.0276186 0.958247 0.553198 -0.835863 0.079296 20.4904 7
 208.000000 0.943546 0.0309908 0.940904 0.692953 -0.835863 0.079296 20.4904 7
 208.500000 0.989879 -0.0411202 0.973703 0.472684 -0.835863 0.079296 20.4904 7
 209.000000 0.948409 -0.0142859 0.951026 0.737971 -0.835863 0.079296 20.4904 7
 209.500000 0.973977 0.0376254 0.952934 0.735158 -0.835863 0.079296 20.4904 7
 210.000000 0.961298 0.0199934 0.950763 0.738078 -0.786752 0.0799905 21.4182 7
 210.500000 0.935107 -0.0139139 0.94504 0.853259 -0.786752 0.0799905 21.4182 7
 211.000000 0.917269 0.0145367 0.932304 0.69478 -0.786752 0.0799905 21.4182 7
 211.500000 0.948988 0.0902887 0.930887 0.666637 -0.786752 0.0799905 21.4182 7
 212.000000 0.89751 0.0357237 0.919701 0.370508 -0.786752 0.0799905 21.4182 7
 212.500000 0.970899 0.0301687 0.953047 0.865787 -0.733393 0.0807633 22.2496 7
 213.000000 0.949084 -0.00318934 0.949482 0.982103 -0.733393 0.0807633 22.2496 7
 213.500000 0.94294 0.0548512 0.935938 0.858033 -0.733393 0.0807633 22.2496 7
 214.000000 0.971407 0.0186734 0.955444 0.972359 -0.733393 0.0807633 22.2496 7
 214.500000 0.961167 0.0234734 0.950057 0.982878 -0.733393 0.0807633 22.2496 7
 215.000000 0.94985 0.0386885 0.942188 0.940513 -0.67933 0.0815679 23.0222 7
 215.500000 0.966193 0.0644721 0.944027 1.06163 -0.67933 0.0815679 23.0222 7
 216.000000 0.970453 -0.00104315 0.958565 1.03249 -0.67933 0.0815679 23.0222 7
 216.500000 0.939486 0.00317851 0.944138 1.06232 -0.67933 0.0815679 23.0222 7
 217.000000 0.858636 0.0427773 0.901116 -0.263084 -0.67933 0.0815679 23.0222 7
 217.500000 0.952346 0.0346176 0.944071 1.0619 -0.621487 0.0824305 23.6531 7
 218.000000 0.985702 0.035844 0.95839 1.10775 -0.621487 0.0824305 23.6531 7
 218.500000 0.935135 0.0442134 0.934658 1.04684 -0.621487 0.0824305 23.6531 7
 219.000000 0.931236 0.0163234 0.938177 1.09817 -0.621487 0.0824305 23.6531 7
 219.500000 1.03799 -0.100035 1.00338 -0.614966 -0.621487 0.0824305 23.6531 7
 220.000000 0.980041 -0.0283874 0.96735 0.956583 -0.574537 0.0831813 24.4925 7
 220.500000 1.03696 -0.00167261 0.98782 0.433051 -0.574537 0.0831813 24.4925 7
 221.000000 0.940135 0.0383214 0.938001 1.126 -0.574537 0.0831813 24.4925 7
 221.500000 1.04173 0.0627352 0.976822 0.835882 -0.574537 0.0831813 24.4925 7
 222.000000 0.990746 0.0216157 0.96335 1.13642 -0.574537 0.0831813 24.4925 7
 222.500000 0.908594 -0.0444618 0.93775 1.12213 -0.520987 0.0840286 25.13 7
 223.000000 0.930593 0.0745951 0.926414 0.974506 -0.520987 0.0840286 25.13 7
 223.500000 0.992588 0.00511851 0.967209 1.09468 -0.520987 0.0840286 25.13 7
 224.000000 0.939722 0.0299116 0.939426 1.22708 -0.520987 0.0840286 25.13 7
 224.500000 0.951752 0.0408274 0.942601 1.25824 -0.520987 0.0840286 25.13 7
 225.000000 0.983404 0.0217141 0.960125 1.21533 -0.465525 0.0849038 25.6597 7
 225.500000 0.936877 0.0104139 0.941723 1.2897 -0.465525 0.0849038 25.6597 7
 226.000000 0.984412 0.0106172 0.962628 1.25145 -0.465525 0.0849038 25.6597 7
 226.500000 0.936257 -0.0217217 0.946797 1.32902 -0.465525 0.0849038 25.6597 7
 227.000000 0.95232 0.0510768 0.940798 1.27918 -0.465525 0.0849038 25.6597 7
 227.500000 0.915117 0.0333458 0.927935 1.02554 -0.424894 0.085607 26.5366 7
 228.000000 0.980826 -0.0104115 0.964749 1.21972 -0.424894 0.085607 26.5366 7
 228.500000 1.02747 -0.0574066 0.992843 0.219154 -0.424894 0.085607 26.5366 7
 229.000000 0.966854 -0.00892645 0.958323 1.31823 -0.424894 0.085607 26.5366 7
 229.500000 0.897336 0.0751271 0.911791 0.583572 -0.424894 0.085607 26.5366 7
 230.000000 0.953545 0.037443 0.944048 1.36343 -0.367305 0.086531 26.8574 7
 230.500000 0.923606 0.0186895 0.934376 1.30595 -0.367305 0.086531 26.8574 7
 231.000000 0.93981 0.0455984 0.936433 1.33745 -0.367305 0.086531 26.8574 7
 231.500000 0.994534 0.0349663 0.962401 1.29141 -0.367305 0.086531 26.8574 7
 232.000000 0.946253 0.0720542 0.93376 1.29552 -0.367305 0.086531 26.8574 7
 232.500000 0.945102 0.0930568 0.928579 1.18943 -0.324209 0.0872756 27.6348 7
 233.000000 0.981089 0.00292781 0.962553 1.28778 -0.324209 0.0872756 27.6348 7
 233.500000 0.967193 0.0508117 0.947324 1.44843 -0.324209 0.0872756 27.6348 7
 234.000000 0.963578 0.0250369 0.950821 1.43626 -0.324209 0.0872756 27.6348 7
 234.500000 0.981002 0.0116163 0.960951 1.31783 -0.324209 0.0872756 27.6348 7
 235.000000 0.981378 0.0756284 0.948134 1.44693 -0.269043 0.0881778 27.9478 7
 235.500000 0.915237 0.138327 0.904753 0.40021 -0.269043 0.0881778 27.9478 7
 236.000000 0.92276 0.118211 0.913012 0.787102 -0.269043 0.0881778 27.9478 7
 236.500000 0.964068 0.0856666 0.93843 1.44327 -0.269043 0.0881778 27.9478 7
 237.000000 0.98216 -0.0495622 0.971529 1.0883 -0.269043 0.0881778 27.9478 7
 237.500000 0.941087 0.0425139 0.937601 1.43459 -0.218679 0.089014 28.4296 7
 238.000000 0.927351 0.0275975 0.934408 1.43159 -0.218679 0.089014 28.4296 7
 238.500000 0.986516 0.0169306 0.962385 1.32978 -0.218679 0.089014 28.4296 7
 239.000000 0.928981 -0.0286802 0.944616 1.51025 -0.218679 0.089014 28.4296 7
 239.500000 0.961905 -0.0129759 0.956806 1.42985 -0.218679 0.089014 28.4296 7
 240.000000 0.898823 -0.0406929 0.932799 1.40707 -0.173334 0.0897907 29.0584 7
 240.500000 0.891585 0.070369 0.910267 0.780747 -0.173334 0.0897907 29.0584 7
 241.000000 0.938285 0.0622771 0.932374 1.44013 -0.173334 0.0897907 29.0584 7
 241.500000 0.996656 -0.000266449 0.969956 1.11438 -0.173334 0.0897907 29.0584 7
 242.000000 0.956447 0.0146679 0.949605 1.51693 -0.173334 0.0897907 29.0584 7
 242.500000 0.922614 0.0487457 0.928271 1.36539 -0.133048 0.0905124 29.81 7
 243.000000 0.982288 0.0455329 0.954958 1.4644 -0.133048 0.0905124 29.81 7
 243.500000 0.935161 0.0313489 0.937148 1.52999 -0.133048 0.0905124 29.81 7
 244.000000 0.947537 0.0118822 0.946176 1.54784 -0.133048 0.0905124 29.81 7
 244.500000 1.01158 -0.00984847 0.978185 0.764478 -0.133048 0.0905124 29.81 7
 245.000000 0.987121 0.0597805 0.954072 1.47733 -0.0895131 0.0912888 30.417 7
 245.500000 1.02234 0.0623648 0.968635 1.17762 -0.0895131 0.0912888 30.417 7
 246.000000 0.984347 0.0513345 0.954655 1.49926 -0.0895131 0.0912888 30.417 7
 246.500000 0.941755 0.0765269 0.930839 1.45807 -0.0895131 0.0912888 30.417 7
 247.000000 1.00773 -0.0132842 0.977087 0.859081 -0.0895131 0.0912888 30.417 7
 247.500000 0.967143 0.0038237 0.956255 1.47541 -0.0487897 0.0920355 31.0883 7
 248.000000 0.960377 0.0169206 0.950924 1.56586 -0.0487897 0.0920355 31.0883 7
 248.500000 0.976912 0.0307421 0.955562 1.51513 -0.0487897 0.0920355 31.0883 7
 249.000000 0.997056 0.0201808 0.966374 1.28629 -0.0487897 0.0920355 31.0883 7
 249.500000 0.918851 0.0244229 0.931234 1.46422 -0.0487897 0.0920355 31.0883 7
 250.000000 1.01947 0.0353287 0.973123 1.06502 -0.026795 0.116922 32.0875 8
 250.500000 0.959752 -0.0136973 0.95597 1.29057 -0.026795 0.116922 32.0875 8
 251.000000 0.988594 0.00659407 0.965192 1.12044 -0.026795 0.116922 32.0875 8
 251.500000 1.02878 0.0114331 0.981829 0.54191 -0.026795 0.116922 32.0875 8
 252.000000 0.898437 0.0504392 0.9173 0.829728 -0.026795 0.116922 32.0875 8
 252.500000 0.926891 -0.0330904 0.944343 1.35273 0.00467263 0.117732 32.9579 8
 253.000000 0.98985 0.00334913 0.966327 1.0959 0.00467263 0.117732 32.9579 8
 253.500000 0.960688 0.0388922 0.946887 1.36733 0.00467263 0.117732 32.9579 8
 254.000000 0.942444 -0.0460832 0.953236 1.33224 0.00467263 0.117732 32.9579 8
 254.500000 0.945341 0.0314676 0.941602 1.35665 0.00467263 0.117732 32.9579 8
 255.000000 1.02646 0.0472182 0.973671 0.866746 0.0191216 0.117781 33.9297 8
 255.500000 0.934313 -0.009514 0.943971 1.35527 0.0191216 0.117781 33.9297 8
 256.000000 0.992041 0.00298467 0.967353 1.09053 0.0191216 0.117781 33.9297 8
 256.500000 0.960121 0.0405651 0.946309 1.35938 0.0191216 0.117781 33.9297 8
 257.000000 0.966987 0.0373693 0.949937 1.3522 0.0191216 0.117781 33.9297 8
 257.500000 1.00322 0.0360975 0.965939 1.12576 0.0402049 0.0941281 34.9235 7
 258.000000 0.942974 -0.0184055 0.94927 1.62578 0.0402049 0.0941281 34.9235 7
 258.500000 0.977112 0.0563878 0.950467 1.62299 0.0402049 0.0941281 34.9235 7
 259.000000 1.01424 -0.0031881 0.978178 1.04683 0.0402049 0.0941281 34.9235 7
 259.500000 0.981994 0.0700119 0.949644 1.6251 0.0402049 0.0941281 34.9235 7
 260.000000 0.929923 -0.0423852 0.947072 1.62613 0.0798642 0.09498 35.3693 7
 260.500000 0.905325 0.0925922 0.911474 0.762609 0.0798642 0.09498 35.3693 7
 261.000000 0.963612 0.0275894 0.950353 1.63557 0.0798642 0.09498 35.3693 7
 261.500000 0.953127 0.0567334 0.939988 1.59728 0.0798642 0.09498 35.3693 7
 262.000000 0.957622 0.0770969 0.937576 1.5681 0.0798642 0.09498 35.3693 7
 262.500000 0.990168 -0.058165 0.976352 1.1096 0.0982541 0.122292 36.3688 8
 263.000000 0.995442 -0.0307657 0.974556 0.973151 0.0982541 0.122292 36.3688 8
 263.500000 0.932535 0.016034 0.938804 1.32775 0.0982541 0.122292 36.3688 8
 264.000000 0.976932 -0.0307254 0.966338 1.197 0.0982541 0.122292 36.3688 8
 264.500000 0.971356 0.076351 0.943663 1.37423 0.0982541 0.122292 36.3688 8
 265.000000 0.940737 0.0384459 0.938242 1.32042 0.122394 0.122333 37.3036 8
 265.500000 0.98318 0.0162578 0.96105 1.29989 0.122394 0.122333 37.3036 8
 266.000000 0.971935 0.0629859 0.946829 1.40372 0.122394 0.122333 37.3036 8
 266.500000 0.952093 0.142006 0.919455 0.867264 0.122394 0.122333 37.3036 8
 267.000000 0.946546 0.0288722 0.942623 1.38477 0.122394 0.122333 37.3036 8
 267.500000 0.976162 0.024345 0.956461 1.36158 0.146868 0.123854 38.216 8
 268.000000 0.958043 -0.000200511 0.952938 1.39653 0.146868 0.123854 38.216 8
 268.500000 0.990437 0.0109475 0.965207 1.22989 0.146868 0.123854 38.216 8
 269.000000 0.992223 0.037952 0.960801 1.3122 0.146868 0.123854 38.216 8
 269.500000 0.940856 -0.0171357 0.948123 1.40845 0.146868 0.123854 38.216 8
 270.000000 0.992733 0.0348023 0.961652 1.29828 0.168264 0.125774 39.1734 8
 270.500000 0.948608 0.0229047 0.944645 1.39406 0.168264 0.125774 39.1734 8
 271.000000 0.994987 0.0724829 0.954677 1.3884 0.168264 0.125774 39.1734 8
 271.500000 0.942724 0.0337579 0.940016 1.35172 0.168264 0.125774 39.1734 8
 272.000000 0.938794 -0.0102595 0.946089 1.40145 0.168264 0.125774 39.1734 8
 272.500000 0.927254 0.0245168 0.934933 1.27228 0.188031 0.125648 40.145 8
 273.000000 0.944934 0.0513147 0.937528 1.33864 0.188031 0.125648 40.145 8
 273.500000 0.909133 0.0410818 0.923829 1.00812 0.188031 0.125648 40.145 8
 274.000000 0.963533 0.0585757 0.944124 1.40732 0.188031 0.125648 40.145 8
 274.500000 0.943277 0.0918814 0.928062 1.13747 0.188031 0.125648 40.145 8
 275.000000 0.899452 0.0678121 0.914249 0.625022 0.193389 0.13849 40.9945 9
 275.500000 0.984949 -0.0107191 0.966621 1.10075 0.193389 0.13849 40.9945 9
 276.000000 0.962854 0.0105668 0.953166 1.30427 0.193389 0.13849 40.9945 9
 276.500000 0.985965 0.0493189 0.955773 1.28331 0.193389 0.13849 40.9945 9
 277.000000 0.989497 0.0558269 0.955938 1.28168 0.193389 0.13849 40.9945 9
 277.500000 0.983987 0.0443535 0.955935 1.28171 0.212328 0.139171 41.9618 9
 278.000000 1.0183 0.0138778 0.976815 0.798731 0.212328 0.139171 41.9618 9
 278.500000 0.915848 0.071246 0.920705 0.812531 0.212328 0.139171 41.9618 9
 279.000000 0.964862 -0.0252524 0.960108 1.2402 0.212328 0.139171 41.9618 9
 279.500000 0.907963 0.0118651 0.928633 1.06329 0.212328 0.139171 41.9618 9
 280.000000 0.937928 -0.00500027 0.944833 1.31818 0.231582 0.139644 42.9144 9
 280.500000 1.02884 0.0638632 0.971076 0.989768 0.231582 0.139644 42.9144 9
 281.000000 0.940878 0.0576104 0.934472 1.20462 0.231582 0.139644 42.9144 9
 281.500000 0.956099 0.0443546 0.943801 1.32221 0.231582 0.139644 42.9144 9
 282.000000 0.976367 0.102242 0.939813 1.28632 0.231582 0.139644 42.9144 9
 282.500000 0.898849 0.110632 0.904523 0.0341788 0.229874 0.134769 43.4749 9
 283.000000 0.981748 -0.00297748 0.96388 1.20165 0.229874 0.134769 43.4749 9
 283.500000 0.955504 -0.0098436 0.953447 1.34641 0.229874 0.134769 43.4749 9
 284.000000 0.909971 0.0981123 0.912242 0.505395 0.229874 0.134769 43.4749 9
 284.500000 0.918872 0.00184499 0.935203 1.24776 0.229874 0.134769 43.4749 9
 285.000000 0.924245 -0.0429179 0.944593 1.35406 0.249286 0.135169 44.4073 9
 285.500000 0.92439 0.117269 0.913942 0.583348 0.249286 0.135169 44.4073 9
 286.000000 0.917296 0.00701228 0.933623 1.22851 0.249286 0.135169 44.4073 9
 286.500000 0.979796 0.0265548 0.957628 1.31259 0.249286 0.135169 44.4073 9
 287.000000 0.947568 0.0932801 0.929589 1.13769 0.249286 0.135169 44.4073 9
 287.500000 0.940058 0.0533269 0.93499 1.25434 0.265343 0.13582 45.3893 9
 288.000000 0.986104 -0.0160278 0.968024 1.0929 0.265343 0.13582 45.3893 9
 288.500000 0.965062 -0.00176455 0.95631 1.32861 0.265343 0.13582 45.3893 9
 289.000000 0.979181 -0.0276443 0.96685 1.12513 0.265343 0.13582 45.3893 9
 289.500000 1.01016 -0.000830322 0.975972 0.823885 0.265343 0.13582 45.3893 9
 290.000000 0.997333 0.00939853 0.968509 1.07901 0.276908 0.113972 46.3869 8
 290.500000 1.00481 0.033406 0.967168 1.33015 0.276908 0.113972 46.3869 8
 291.000000 0.996917 0.0582047 0.95863 1.50027 0.276908 0.113972 46.3869 8
 291.500000 0.988442 0.016265 0.963351 1.41891 0.276908 0.113972 46.3869 8
 292.000000 0.954889 0.0106684 0.949637 1.56879 0.276908 0.113972 46.3869 8
 292.500000 0.900234 -0.00529757 0.928059 1.27986 0.292621 0.116023 47.3611 8
 293.000000 0.931892 0.0200961 0.937788 1.49287 0.292621 0.116023 47.3611 8
 293.500000 0.953102 0.0254896 0.946139 1.56099 0.292621 0.116023 47.3611 8
 294.000000 0.992734 -0.00786366 0.969563 1.23729 0.292621 0.116023 47.3611 8
 294.500000 0.944721 -0.0532691 0.955281 1.5257 0.292621 0.116023 47.3611 8
 295.000000 1.00217 -0.0620301 0.982261 0.739919 0.297736 0.13129 48.2565 9
 295.500000 0.938741 -0.0103049 0.946073 1.4343 0.297736 0.13129 48.2565 9
 296.000000 0.937216 0.0188065 0.940374 1.39631 0.297736 0.13129 48.2565 9
 296.500000 0.966517 0.0594916 0.945225 1.43142 0.297736 0.13129 48.2565 9
 297.000000 0.902123 0.0449605 0.919991 0.907436 0.297736 0.13129 48.2565 9
 297.500000 0.99507 -0.00539075 0.970161 1.11186 0.308999 0.142383 49.2562 9
 298.000000 0.943301 -0.0262609 0.950654 1.35463 0.308999 0.142383 49.2562 9
 298.500000 1.03131 0.0791413 0.968647 1.10002 0.308999 0.142383 49.2562 9
 299.000000 0.920645 0.0161769 0.933512 1.20231 0.308999 0.142383 49.2562 9
 299.500000 0.966752 0.0382904 0.949653 1.35629 0.308999 0.142383 49.2562 9
 300.000000 0.993944 0.0156071 0.965878 1.16716 0.321058 0.115817 50.2546 8
 300.500000 0.903597 0.0559157 0.918489 0.941991 0.321058 0.115817 50.2546 8
 301.000000 0.990657 0.0069651 0.96603 1.40692 0.321058 0.115817 50.2546 8
 301.500000 0.978855 -0.0335585 0.967636 1.36952 0.321058 0.115817 50.2546 8
 302.000000 0.934085 0.0679038 0.929362 1.30977 0.321058 0.115817 50.2546 8
 302.500000 0.993952 -0.0290568 0.973623 1.19886 0.33342 0.115704 51.2495 8
 303.000000 0.942176 0.0765619 0.931013 1.34503 0.33342 0.115704 51.2495 8
 303.500000 0.986469 -0.00197372 0.965783 1.43833 0.33342 0.115704 51.2495 8
 304.000000 0.873523 0.0239336 0.911167 0.590747 0.33342 0.115704 51.2495 8
 304.500000 0.923119 0.0285701 0.932359 1.37828 0.33342 0.115704 51.2495 8
 305.000000 0.993103 -0.00812648 0.96977 1.34497 0.348653 0.115535 52.1939 8
 305.500000 0.935762 -0.0222003 0.946651 1.59341 0.348653 0.115535 52.1939 8
 306.000000 0.999354 -0.033129 0.976664 1.16577 0.348653 0.115535 52.1939 8
 306.500000 0.930776 0.0275738 0.935923 1.4525 0.348653 0.115535 52.1939 8
 307.000000 0.956564 -0.0152638 0.954811 1.59804 0.348653 0.115535 52.1939 8
 307.500000 0.918897 -0.0268378 0.939811 1.52107 0.367857 0.116713 52.9821 8
 308.000000 0.941176 0.106086 0.92384 1.12526 0.367857 0.116713 52.9821 8
 308.500000 0.963638 -0.0346238 0.961023 1.53587 0.367857 0.116713 52.9821 8
 309.000000 0.775091 0.257717 0.810427 -12.0259 0.367857 0.116713 52.9821 8
 309.500000 0.143794 0.554702 0.415456 -1.51404 0.367857 0.116713 52.9821 8
 310.000000 0.0514824 0.544305 0.379025 -1.60328 0.36041 0.116703 53.1057 8
 310.500000 0.13424 0.475604 0.447395 -1.50476 0.36041 0.116703 53.1057 8
 311.000000 0.204015 0.599061 0.418673 -1.493 0.36041 0.116703 53.1057 8
 311.500000 0.159613 0.468852 0.461783 -1.57259 0.36041 0.116703 53.1057 8
 312.000000 0.255414 0.504196 0.489107 -1.84738 0.36041 0.116703 53.1057 8
 312.500000 0.0983571 0.542656 0.401001 -1.52399 0.353135 0.116739 53.2393 8
 313.000000 0.423076 0.479677 0.573315 -3.63362 0.353135 0.116739 53.2393 8
 313.500000 0.745087 0.418469 0.73519 -12.39 0.353135 0.116739 53.2393 8
 314.000000 0.664168 0.359327 0.727124 -11.8358 0.353135 0.116739 53.2393 8
 314.500000 0.762633 0.336528 0.777066 -14.4069 0.353135 0.116739 53.2393 8
 315.000000 0.722581 0.279937 0.780765 -14.5254 0.344624 0.103768 53.2393 9
 315.500000 0.739126 0.387931 0.74636 -12.9708 0.344624 0.103768 53.2393 9
 316.000000 0.761915 0.377005 0.760309 -13.6503 0.344624 0.103768 53.2393 9
 316.500000 0.679576 0.355537 0.73508 -12.274 0.344624 0.103768 53.2393 9
 317.000000 0.753687 0.351078 0.767633 -13.9254 0.344624 0.103768 53.2393 9
 317.500000 0.692695 0.242743 0.779766 -14.3008 0.336185 0.103768 53.2393 9
 318.000000 0.87849 0.451343 0.771564 -13.9727 0.336185 0.103768 53.2393 9
 318.500000 0.793481 0.323922 0.794655 -14.5944 0.336185 0.103768 53.2393 9
 319.000000 0.787376 0.287764 0.805414 -13.0137 0.336185 0.103768 53.2393 9
 319.500000 0.845995 0.405035 0.781502 -14.2289 0.336185 0.103768 53.2393 9
 320.000000 0.755183 0.270384 0.797815 -14.6429 0.327817 0.103768 53.2393 9
 320.500000 0.710047 0.3605 0.745815 -12.9333 0.327817 0.103768 53.2393 9
 321.000000 0.771209 0.301685 0.793696 -14.4271 0.327817 0.103768 53.2393 9
 321.500000 0.785291 0.36526 0.774755 -14.0134 0.327817 0.103768 53.2393 9
 322.000000 0.698788 0.190298 0.797261 -14.4875 0.327817 0.103768 53.2393 9
 322.500000 0.82384 0.388593 0.780197 -14.128 0.319518 0.103768 53.2393 9
 323.000000 0.796751 0.367887 0.778296 -13.9768 0.319518 0.103768 53.2393 9
 323.500000 0.748283 0.252195 0.800795 -14.0204 0.319518 0.103768 53.2393 9
 324.000000 0.77978 0.339233 0.783069 -14.0635 0.319518 0.103768 53.2393 9
 324.500000 0.781022 0.360937 0.774815 -13.9148 0.319518 0.103768 53.2393 9
 325.000000 0.660078 0.388264 0.713666 -10.7519 0.311288 0.0933911 53.2393 10
 325.500000 0.141946 0.483717 0.447451 -1.28484 0.311288 0.0933911 53.2393 10
 326.000000 0.330846 0.510659 0.51899 -2.13721 0.311288 0.0933911 53.2393 10
 326.500000 -0.0331759 0.44139 0.383166 -1.29222 0.311288 0.0933911 53.2393 10
 327.000000 0.0964479 0.449451 0.440692 -1.26504 0.311288 0.0933911 53.2393 10
 327.500000 -0.0745898 0.529934 0.327625 -1.40614 0.304595 0.0934274 53.3891 10
 328.000000 0.064387 0.474543 0.415775 -1.25222 0.304595 0.0934274 53.3891 10
 328.500000 0.0796401 0.4328 0.439313 -1.2652 0.304595 0.0934274 53.3891 10
 329.000000 0.119341 0.559609 0.402135 -1.26248 0.304595 0.0934274 53.3891 10
 329.500000 0.132387 0.537512 0.41874 -1.25099 0.304595 0.0934274 53.3891 10
 330.000000 0.030244 0.540637 0.371083 -1.29305 0.298142 0.0934033 53.5562 10
 330.500000 0.365332 0.520489 0.529009 -2.34288 0.298142 0.0934033 53.5562 10
 331.000000 0.523148 0.452407 0.628332 -5.43985 0.298142 0.0934033 53.5562 10
 331.500000 -0.020875 0.508129 0.362138 -1.2528 0.298142 0.0934033 53.5562 10
 332.000000 0.307938 0.427692 0.545509 -2.70859 0.298142 0.0934033 53.5562 10
 332.500000 0.219015 0.444516 0.498745 -1.78427 0.291114 0.0934824 53.6604 10
 333.000000 0.10137 0.540143 0.403557 -1.23667 0.291114 0.0934824 53.6604 10
 333.500000 0.504559 0.582085 0.553702 -2.8439 0.291114 0.0934824 53.6604 10
 334.000000 0.456954 0.361479 0.637033 -6.28907 0.291114 0.0934824 53.6604 10
 334.500000 0.0209551 0.557581 0.358816 -1.26085 0.291114 0.0934824 53.6604 10
 335.000000 -0.390276 0.673063 0.111134 -8.9182 0.283147 0.093474 53.6605 10
 335.500000 -0.835067 1.17284 -0.296392 -16 0.283147 0.093474 53.6605 10
 336.000000 -0.686145 1.37052 -0.425324 -16 0.283147 0.093474 53.6605 10
 336.500000 -0.539594 1.39299 -0.452479 -16 0.283147 0.093474 53.6605 10
 337.000000 -0.617882 1.38525 -0.441241 -16 0.283147 0.093474 53.6605 10
 337.500000 -0.571729 1.38384 -0.443776 -16 0.275242 0.0849764 53.6605 11
 338.000000 -0.50872 1.41642 -0.471731 -15.9394 0.275242 0.0849764 53.6605 11
 338.500000 -0.60406 1.33442 -0.407046 -15.9659 0.275242 0.0849764 53.6605 11
 339.000000 -0.827101 1.17729 -0.299108 -16 0.275242 0.0849764 53.6605 11
 339.500000 -0.563969 1.45914 -0.498325 -15.9936 0.275242 0.0849764 53.6605 11
 340.000000 -0.702253 1.24687 -0.344712 -16 0.267398 0.077895 53.6605 12
 340.500000 -0.652374 1.34142 -0.408789 -15.9539 0.267398 0.077895 53.6605 12
 341.000000 -0.646888 1.37293 -0.430397 -15.8801 0.267398 0.077895 53.6605 12
 341.500000 -0.667795 1.30474 -0.383496 -15.9589 0.267398 0.077895 53.6605 12
 342.000000 -0.672376 1.35317 -0.41506 -15.935 0.267398 0.077895 53.6605 12
 342.500000 -0.595309 1.41732 -0.465557 -15.9104 0.259616 0.077895 53.6605 12
 343.000000 -0.785813 1.2874 -0.364573 -15.9045 0.259616 0.077895 53.6605 12
 343.500000 -0.443933 1.43143 -0.486702 -15.8709 0.259616 0.077895 53.6605 12
 344.000000 -0.61188 1.5034 -0.524401 -15.9917 0.259616 0.077895 53.6605 12
 344.500000 -0.502419 1.53423 -0.56002 -15.9999 0.259616 0.077895 53.6605 12
 345.000000 -0.562934 1.40888 -0.462336 -15.7523 0.251894 0.077895 53.6605 12
 345.500000 -0.487748 1.45703 -0.503714 -15.9044 0.251894 0.077895 53.6605 12
 346.000000 -0.669849 1.34824 -0.412001 -15.8926 0.251894 0.077895 53.6605 12
 346.500000 -0.639187 1.30626 -0.386043 -15.9552 0.251894 0.077895 53.6605 12
 347.000000 -0.516935 1.59358 -0.602246 -16 0.251894 0.077895 53.6605 12
 347.500000 -0.646246 1.34903 -0.414332 -15.8782 0.244231 0.0719031 53.6605 13
 348.000000 -0.595456 1.49489 -0.520367 -15.9699 0.244231 0.0719031 53.6605 13
 348.500000 -0.57492 1.39795 -0.45359 -15.5698 0.244231 0.0719031 53.6605 13
 349.000000 -0.562424 1.43163 -0.478712 -15.6895 0.244231 0.0719031 53.6605 13
 349.500000 -0.557144 1.42034 -0.471044 -15.6316 0.244231 0.0719031 53.6605 13
 350.000000 -0.610793 1.4728 -0.502937 -15.8909 0.236627 0.0667672 53.6605 14
 350.500000 -0.678521 1.43473 -0.468984 -15.5467 0.236627 0.0667672 53.6605 14
 351.000000 -0.439615 1.5247 -0.559572 -15.9777 0.236627 0.0667672 53.6605 14
 351.500000 -0.619998 1.56027 -0.563771 -15.9835 0.236627 0.0667672 53.6605 14
 352.000000 -0.592746 1.44746 -0.487053 -15.6518 0.236627 0.0667672 53.6605 14
 352.500000 -0.467191 1.57277 -0.593153 -15.9989 0.22908 0.062316 53.6605 15
 353.000000 -0.459907 1.53554 -0.565788 -15.8974 0.22908 0.062316 53.6605 15
 353.500000 -0.552018 1.3973 -0.4548 -15.4948 0.22908 0.062316 53.6605 15
 354.000000 -0.791979 1.26755 -0.352311 -15.8342 0.22908 0.062316 53.6605 15
 354.500000 -0.626272 1.23243 -0.336665 -15.8446 0.22908 0.062316 53.6605 15
 355.000000 -0.61535 1.34681 -0.414952 -15.7102 0.221589 0.062316 53.6605 15
 355.500000 -0.599871 1.23859 -0.340588 -15.8302 0.221589 0.062316 53.6605 15
 356.000000 -0.503436 1.52039 -0.549616 -15.9107 0.221589 0.062316 53.6605 15
 356.500000 -0.548225 1.5238 -0.546879 -15.9095 0.221589 0.062316 53.6605 15
 357.000000 -0.554748 1.43823 -0.484153 -15.6021 0.221589 0.062316 53.6605 15
 357.500000 -0.499924 1.47459 -0.515855 -15.8149 0.214154 0.062316 53.6605 15
 358.000000 -0.659476 1.35468 -0.417101 -15.5676 0.214154 0.062316 53.6605 15
 358.500000 -0.451711 1.51166 -0.548397 -15.8255 0.214154 0.062316 53.6605 15
 359.000000 -0.518158 1.46024 -0.50354 -15.6281 0.214154 0.062316 53.6605 15
 359.500000 -0.554275 1.49896 -0.528115 -15.737 0.214154 0.062316 53.6605 15
 360.000000 -0.853115 1.19478 -0.307445 -15.948 0.206774 0.0584213 53.6605 16
 360.500000 -0.418337 1.51854 -0.556743 -15.8385 0.206774 0.0584213 53.6605 16
 361.000000 -0.618158 1.3586 -0.42287 -15.5101 0.206774 0.0584213 53.6605 16
 361.500000 -0.652282 1.29697 -0.379205 -15.7647 0.206774 0.0584213 53.6605 16
 362.000000 -0.584195 1.41365 -0.463966 -15.4249 0.206774 0.0584213 53.6605 16
 362.500000 -0.65459 1.43607 -0.47254 -15.4568 0.199448 0.0584213 53.6605 16
 363.000000 -0.712026 1.30343 -0.379832 -15.7581 0.199448 0.0584213 53.6605 16
 363.500000 -0.415783 1.63587 -0.647874 -15.9731 0.199448 0.0584213 53.6605 16
 364.000000 -0.490164 1.46361 -0.508479 -15.5436 0.199448 0.0584213 53.6605 16
 364.500000 -0.63297 1.37208 -0.43097 -15.406 0.199448 0.0584213 53.6605 16
 365.000000 -0.678941 1.22861 -0.33382 -15.7525 0.192175 0.0584213 53.6605 16
 365.500000 -0.629729 1.30958 -0.388738 -15.6831 0.192175 0.0584213 53.6605 16
 366.000000 -0.487889 1.5726 -0.59044 -15.8505 0.192175 0.0584213 53.6605 16
 366.500000 -0.599463 1.35905 -0.424445 -15.4503 0.192175 0.0584213 53.6605 16
 367.000000 -0.521808 1.52428 -0.550384 -15.8165 0.192175 0.0584213 53.6605 16
 367.500000 -0.666558 1.28764 -0.372371 -15.7073 0.184955 0.0549847 53.6605 17
 368.000000 -0.747924 1.31614 -0.385116 -15.5533 0.184955 0.0549847 53.6605 17
 368.500000 -0.59691 1.42887 -0.473529 -15.282 0.184955 0.0549847 53.6605 17
 369.000000 -0.657124 1.34434 -0.410385 -15.4731 0.184955 0.0549847 53.6605 17
 369.500000 -0.538908 1.57034 -0.582114 -15.8416 0.184955 0.0549847 53.6605 17
 370.000000 -0.528354 1.31716 -0.396869 -15.5278 0.177786 0.0549847 53.6605 17
 370.500000 -0.387286 1.54613 -0.581213 -15.8418 0.177786 0.0549847 53.6605 17
 371.000000 -0.301805 1.67775 -0.695406 -15.9996 0.177786 0.0549847 53.6605 17
 371.500000 -0.53838 1.4672 -0.50673 -15.5064 0.177786 0.0549847 53.6605 17
 372.000000 -0.486278 1.52062 -0.551679 -15.811 0.177786 0.0549847 53.6605 17
 372.500000 -0.560525 1.43044 -0.478025 -15.2961 0.170669 0.0549847 53.6605 17
 373.000000 -0.371177 1.63624 -0.653919 -15.9808 0.170669 0.0549847 53.6605 17
 373.500000 -0.434173 1.51183 -0.550133 -15.7914 0.170669 0.0549847 53.6605 17
 374.000000 -0.645042 1.39213 -0.443567 -15.1741 0.170669 0.0549847 53.6605 17
 374.500000 -0.476433 1.53384 -0.562696 -15.8332 0.170669 0.0549847 53.6605 17
 375.000000 -0.577011 1.32041 -0.398367 -15.3598 0.163602 0.0549847 53.6605 17
 375.500000 -0.449299 1.44785 -0.499298 -15.3047 0.163602 0.0549847 53.6605 17
 376.000000 -0.472341 1.50304 -0.539856 -15.7246 0.163602 0.0549847 53.6605 17
 376.500000 -0.538191 1.53927 -0.559416 -15.8262 0.163602 0.0549847 53.6605 17
 377.000000 -0.68303 1.36828 -0.424131 -15.1748 0.163602 0.0549847 53.6605 17
 377.500000 -0.397253 1.51904 -0.558878 -15.8249 0.156584 0.05193 53.6605 18
 378.000000 -0.633942 1.27686 -0.366507 -15.3275 0.156584 0.05193 53.6605 18
 378.500000 -0.373539 1.61485 -0.636857 -15.9364 0.156584 0.05193 53.6605 18
 379.000000 -0.604667 1.44921 -0.487031 -15.1582 0.156584 0.05193 53.6605 18
 379.500000 -0.637318 1.30825 -0.387469 -15.2272 0.156584 0.05193 53.6605 18
 380.000000 -0.575379 1.45898 -0.497037 -15.2412 0.149615 0.05193 53.6605 18
 380.500000 -0.722948 1.36375 -0.417489 -15.1475 0.149615 0.05193 53.6605 18
 381.000000 -0.633157 1.47984 -0.505244 -15.1631 0.149615 0.05193 53.6605 18
 381.500000 -0.693002 1.41105 -0.451512 -15.0341 0.149615 0.05193 53.6605 18
 382.000000 -0.549687 1.49596 -0.526461 -15.3834 0.149615 0.05193 53.6605 18
 382.500000 -0.470706 1.47037 -0.515181 -15.2635 0.142695 0.05193 53.6605 18
 383.000000 -0.734418 1.09918 -0.255692 -15.9542 0.142695 0.05193 53.6605 18
 383.500000 -0.790533 1.04718 -0.229628 -15.993 0.142695 0.05193 53.6605 18
 384.000000 -0.705279 1.25678 -0.3508 -15.3961 0.142695 0.05193 53.6605 18
 384.500000 -0.503399 1.44543 -0.493785 -14.9689 0.142695 0.05193 53.6605 18
 385.000000 -0.649508 1.40052 -0.448842 -15.032 0.135822 0.05193 53.6605 18
 385.500000 -0.619108 1.42411 -0.468021 -14.8287 0.135822 0.05193 53.6605 18
 386.000000 -0.58066 1.38348 -0.442889 -14.9031 0.135822 0.05193 53.6605 18
 386.500000 -0.555897 1.448 -0.491099 -14.8971 0.135822 0.05193 53.6605 18
 387.000000 -0.632091 1.35172 -0.417181 -15.0422 0.135822 0.05193 53.6605 18
 387.500000 -0.734627 1.39993 -0.439748 -14.9196 0.128996 0.05193 53.6605 18
 388.000000 -0.531377 1.43492 -0.48376 -14.7969 0.128996 0.05193 53.6605 18
 388.500000 -0.482851 1.5676 -0.587322 -15.7089 0.128996 0.05193 53.6605 18
 389.000000 -0.695504 1.33042 -0.398332 -15.0579 0.128996 0.05193 53.6605 18
 389.500000 -0.538109 1.48648 -0.520826 -15.1395 0.128996 0.05193 53.6605 18
 390.000000 -0.528606 1.40484 -0.461868 -14.711 0.122216 0.05193 53.6605 18
 390.500000 -0.397089 1.48867 -0.534643 -15.2819 0.122216 0.05193 53.6605 18
 391.000000 -0.612165 1.42866 -0.471875 -14.5985 0.122216 0.05193 53.6605 18
 391.500000 -0.724563 1.31015 -0.383178 -15.1772 0.122216 0.05193 53.6605 18
 392.000000 -0.460722 1.61694 -0.627397 -15.9 0.122216 0.05193 53.6605 18
 392.500000 -0.573666 1.50059 -0.527032 -15.1829 0.115482 0.05193 53.6605 18
 393.000000 -0.614169 1.40824 -0.457477 -14.5612 0.115482 0.05193 53.6605 18
 393.500000 -0.683717 1.27825 -0.365443 -15.3128 0.115482 0.05193 53.6605 18
 394.000000 -0.683987 1.23597 -0.338405 -15.4477 0.115482 0.05193 53.6605 18
 394.500000 -0.761156 1.17733 -0.301079 -15.6962 0.115482 0.05193 53.6605 18
 395.000000 -0.559423 1.39373 -0.451712 -14.5742 0.108793 0.05193 53.6605 18
 395.500000 -0.597016 1.40316 -0.455465 -14.4257 0.108793 0.05193 53.6605 18
 396.000000 -0.557821 1.60256 -0.60315 -15.7683 0.108793 0.05193 53.6605 18
 396.500000 -0.390023 1.61064 -0.631611 -15.916 0.108793 0.05193 53.6605 18
 397.000000 -0.555286 1.50735 -0.534083 -15.0968 0.108793 0.05193 53.6605 18
 397.500000 -0.424688 1.55762 -0.586498 -15.6608 0.102149 0.0549847 53.6605 17
 398.000000 -0.505885 1.55784 -0.577159 -15.4454 0.102149 0.0549847 53.6605 17
 398.500000 -0.521041 1.41623 -0.470775 -14.4984 0.102149 0.0549847 53.6605 17
 399.000000 -0.707386 1.28344 -0.367473 -15.3195 0.102149 0.0549847 53.6605 17
 399.500000 -0.625184 1.25593 -0.352563 -15.4057 0.102149 0.0549847 53.6605 17
 400.000000 -0.380788 1.58765 -0.614654 -15.7117 0.0955481 0.05193 53.6605 18
 400.500000 -0.643564 1.31415 -0.391106 -15.0653 0.0955481 0.05193 53.6605 18
 401.000000 -0.596428 1.37198 -0.433682 -14.549 0.0955481 0.05193 53.6605 18
 401.500000 -0.495542 1.61424 -0.620585 -15.5947 0.0955481 0.05193 53.6605 18
 402.000000 -0.454726 1.56252 -0.586881 -15.4018 0.0955481 0.05193 53.6605 18
 402.500000 -0.625846 1.34075 -0.410131 -14.8276 0.0889907 0.05193 53.6605 18
 403.000000 -0.503322 1.52452 -0.5527 -15.2358 0.0889907 0.05193 53.6605 18
 403.500000 -0.581039 1.4336 -0.478397 -14.4932 0.0889907 0.05193 53.6605 18
 404.000000 -0.792691 1.32176 -0.38478 -14.9941 0.0889907 0.05193 53.6605 18
 404.500000 -0.488032 1.52012 -0.551109 -15.2234 0.0889907 0.05193 53.6605 18
 405.000000 -0.550502 1.42043 -0.471651 -14.4461 0.0824761 0.05193 53.6605 18
 405.500000 -0.666417 1.31591 -0.390918 -14.9081 0.0824761 0.05193 53.6605 18
 406.000000 -0.635033 1.23268 -0.336868 -15.4384 0.0824761 0.05193 53.6605 18
 406.500000 -0.539087 1.45843 -0.500269 -14.5775 0.0824761 0.05193 53.6605 18
 407.000000 -0.637822 1.29877 -0.381079 -15.0376 0.0824761 0.05193 53.6605 18
 407.500000 -0.521744 1.36945 -0.436016 -14.3693 0.0760036 0.05193 53.6605 18
 408.000000 -0.481411 1.50668 -0.541711 -15.1128 0.0760036 0.05193 53.6605 18
 408.500000 -0.558105 1.5139 -0.538489 -15.0755 0.0760036 0.05193 53.6605 18
 409.000000 -0.515002 1.48652 -0.523265 -14.8778 0.0760036 0.05193 53.6605 18
 409.500000 -0.383142 1.60834 -0.630628 -15.6781 0.0760036 0.05193 53.6605 18
 410.000000 -0.685625 1.33419 -0.401541 -14.641 0.0695727 0.05193 53.6605 18
 410.500000 -0.783736 1.18278 -0.303644 -15.6727 0.0695727 0.05193 53.6605 18
 411.000000 -0.407844 1.56835 -0.59663 -15.442 0.0695727 0.05193 53.6605 18
 411.500000 -0.589702 1.28414 -0.372442 -14.9554 0.0695727 0.05193 53.6605 18
 412.000000 -0.606667 1.48106 -0.509238 -14.6769 0.0695727 0.05193 53.6605 18
 412.500000 -0.757247 1.29757 -0.3729 -14.948 0.0631829 0.05193 53.6605 18
 413.000000 -0.33343 1.7212 -0.725639 -15.9996 0.0631829 0.05193 53.6605 18
 413.500000 -0.521721 1.4226 -0.47544 -14.2342 0.0631829 0.05193 53.6605 18
 414.000000 -0.631525 1.36255 -0.424587 -14.2199 0.0631829 0.05193 53.6605 18
 414.500000 -0.457983 1.55644 -0.581882 -15.3827 0.0631829 0.05193 53.6605 18
 415.000000 -0.457851 1.50435 -0.54223 -15.1186 0.0568336 0.05193 53.6605 18
 415.500000 -0.339381 1.6059 -0.633525 -15.6987 0.0568336 0.05193 53.6605 18
 416.000000 -0.583488 1.42716 -0.473594 -14.2076 0.0568336 0.05193 53.6605 18
 416.500000 -0.587738 1.26321 -0.357715 -15.0145 0.0568336 0.05193 53.6605 18
 417.000000 -0.606169 1.33914 -0.410209 -14.347 0.0568336 0.05193 53.6605 18
 417.500000 -0.492741 1.52223 -0.552177 -15.0321 0.0505245 0.05193 53.6605 18
 418.000000 -0.280234 1.6353 -0.663359 -15.9165 0.0505245 0.05193 53.6605 18
 418.500000 -0.453967 1.55671 -0.582547 -15.1366 0.0505245 0.05193 53.6605 18
 419.000000 -0.616353 1.35712 -0.421977 -14.2398 0.0505245 0.05193 53.6605 18
 419.500000 -0.726748 1.2248 -0.330186 -15.3613 0.0505245 0.05193 53.6605 18
 420.000000 -0.667561 1.3108 -0.387484 -14.6071 0.0442549 0.0549847 53.6605 17
 420.500000 -0.576971 1.30366 -0.386457 -14.4613 0.0442549 0.0549847 53.6605 17
 421.000000 -0.598189 1.48784 -0.515034 -14.6463 0.0442549 0.0549847 53.6605 17
 421.500000 -0.571876 1.32693 -0.403177 -14.3173 0.0442549 0.0549847 53.6605 17
 422.000000 -0.375726 1.60335 -0.627566 -15.6455 0.0442549 0.0549847 53.6605 17
 422.500000 -0.547792 1.371 -0.435981 -14.1536 0.0380243 0.0549847 53.6605 17
 423.000000 -0.730722 1.42868 -0.459022 -14.0359 0.0380243 0.0549847 53.6605 17
 423.500000 -0.506083 1.54494 -0.56755 -15.0282 0.0380243 0.0549847 53.6605 17
 424.000000 -0.713182 1.15323 -0.286979 -15.8021 0.0380243 0.0549847 53.6605 17
 424.500000 -0.743663 1.24291 -0.340468 -15.1527 0.0380243 0.0549847 53.6605 17
 425.000000 -0.496546 1.52782 -0.555926 -14.9324 0.0318324 0.0549847 53.6605 17
 425.500000 -0.579895 1.47568 -0.508477 -14.5452 0.0318324 0.0549847 53.6605 17
 426.000000 -0.738918 1.29809 -0.374574 -14.5725 0.0318324 0.0549847 53.6605 17
 426.500000 -0.717911 1.31128 -0.384383 -14.4322 0.0318324 0.0549847 53.6605 17
 427.000000 -0.747942 1.21453 -0.323266 -15.4159 0.0318324 0.0549847 53.6605 17
 427.500000 -0.659657 1.34855 -0.413 -14.1357 0.0256785 0.0549847 53.6605 17
 428.000000 -0.395378 1.58552 -0.611381 -15.4222 0.0256785 0.0549847 53.6605 17
 428.500000 -0.518142 1.52211 -0.549213 -14.7512 0.0256785 0.0549847 53.6605 17
 429.000000 -0.672033 1.2586 -0.353265 -14.879 0.0256785 0.0549847 53.6605 17
 429.500000 -0.589858 1.31512 -0.3942 -14.1633 0.0256785 0.0549847 53.6605 17
 430.000000 -0.77352 1.21448 -0.322239 -15.431 0.0195623 0.0584213 53.6605 16
 430.500000 -0.640775 1.34825 -0.414206 -14.0343 0.0195623 0.0584213 53.6605 16
 431.000000 -0.626523 1.35048 -0.416725 -14.02 0.0195623 0.0584213 53.6605 16
 431.500000 -0.673624 1.35885 -0.418714 -14.0098 0.0195623 0.0584213 53.6605 16
 432.000000 -0.365257 1.66361 -0.676105 -15.9687 0.0195623 0.0584213 53.6605 16
 432.500000 -0.472067 1.58143 -0.599082 -15.2822 0.0134832 0.0584213 53.6605 16
 433.000000 -0.41468 1.71589 -0.70953 -15.9981 0.0134832 0.0584213 53.6605 16
 433.500000 -0.390243 1.55752 -0.589947 -15.0438 0.0134832 0.0584213 53.6605 16
 434.000000 -0.503933 1.33323 -0.409061 -14.0686 0.0134832 0.0584213 53.6605 16
 434.500000 -0.588619 1.48145 -0.511603 -14.6114 0.0134832 0.0584213 53.6605 16
 435.000000 -0.720254 1.16244 -0.292599 -15.6248 0.00744091 0.0549847 53.6605 17
 435.500000 -0.37764 1.66107 -0.672477 -15.9426 0.00744091 0.0549847 53.6605 17
 436.000000 -0.404032 1.59802 -0.620119 -15.385 0.00744091 0.0549847 53.6605 17
 436.500000 -0.520462 1.49341 -0.527787 -14.6552 0.00744091 0.0549847 53.6605 17
 437.000000 -0.642653 1.33633 -0.406045 -14.0423 0.00744091 0.0549847 53.6605 17
 437.500000 -0.718991 1.32704 -0.394308 -14.1579 0.00143489 0.0549847 53.6605 17
 438.000000 -0.496662 1.4802 -0.520349 -14.6223 0.00143489 0.0549847 53.6605 17
 438.500000 -0.658992 1.3333 -0.402904 -13.9502 0.00143489 0.0549847 53.6605 17
 439.000000 -0.435223 1.56103 -0.587975 -14.9872 0.00143489 0.0549847 53.6605 17
 439.500000 -0.646209 1.34423 -0.411109 -13.9035 0.00143489 0.0549847 53.6605 17
 440.000000 -0.588949 1.35369 -0.421338 -13.8721 -0.00453527 0.0549847 53.6605 17
 440.500000 -0.783653 1.22888 -0.330137 -15.0747 -0.00453527 0.0549847 53.6605 17
 441.000000 -0.621314 1.48309 -0.508939 -14.5409 -0.00453527 0.0549847 53.6605 17
 441.500000 -0.403966 1.49763 -0.541366 -14.7011 -0.00453527 0.0549847 53.6605 17
 442.000000 -0.649166 1.42122 -0.462972 -13.9498 -0.00453527 0.0549847 53.6605 17
 442.500000 -0.68019 1.25872 -0.353051 -14.6753 -0.01047 0.0549847 53.6605 17
 443.000000 -0.781523 1.23886 -0.336083 -14.7948 -0.01047 0.0549847 53.6605 17
 443.500000 -0.517375 1.53621 -0.559716 -14.7762 -0.01047 0.0549847 53.6605 17
 444.000000 -0.460623 1.49241 -0.532854 -14.6728 -0.01047 0.0549847 53.6605 17
 444.500000 -0.570745 1.50132 -0.527906 -14.6548 -0.01047 0.0549847 53.6605 17
 445.000000 -0.512785 1.5016 -0.534651 -14.6789 -0.0163697 0.0549847 53.6605 17
 445.500000 -0.398788 1.60756 -0.628159 -15.4955 -0.0163697 0.0549847 53.6605 17
 446.000000 -0.467644 1.57454 -0.594437 -15.0196 -0.0163697 0.0549847 53.6605 17
 446.500000 -0.512809 1.55724 -0.575839 -14.8063 -0.0163697 0.0549847 53.6605 17
 447.000000 -0.452978 1.56203 -0.586711 -14.9255 -0.0163697 0.0549847 53.6605 17
 447.500000 -0.530485 1.443 -0.489763 -14.2779 -0.0222348 0.0549847 53.6605 17
 448.000000 -0.383866 1.532 -0.570261 -14.7373 -0.0222348 0.0549847 53.6605 17
 448.500000 -0.551992 1.48628 -0.519178 -14.3245 -0.0222348 0.0549847 53.6605 17
 449.000000 -0.433949 1.54657 -0.576996 -14.8098 -0.0222348 0.0549847 53.6605 17
 449.500000 -0.478034 1.53576 -0.563963 -14.6733 -0.0222348 0.0549847 53.6605 17
 450.000000 -0.458107 1.53674 -0.566892 -14.7026 -0.0280658 0.0549847 53.6605 17
 450.500000 -0.452345 1.63513 -0.642339 -15.6752 -0.0280658 0.0549847 53.6605 17
 451.000000 -0.454524 1.47414 -0.519326 -14.2981 -0.0280658 0.0549847 53.6605 17
 451.500000 -0.343669 1.57357 -0.607077 -15.0915 -0.0280658 0.0549847 53.6605 17
 452.000000 -0.514606 1.48307 -0.520754 -14.3047 -0.0280658 0.0549847 53.6605 17
 452.500000 -0.54598 1.49447 -0.52579 -14.327 -0.0338629 0.0549847 53.6605 17
 453.000000 -0.613371 1.38218 -0.43949 -13.7321 -0.0338629 0.0549847 53.6605 17
 453.500000 -0.554996 1.5005 -0.529148 -14.2007 -0.0338629 0.0549847 53.6605 17
 454.000000 -0.464303 1.55619 -0.580963 -14.6646 -0.0338629 0.0549847 53.6605 17
 454.500000 -0.471546 1.61519 -0.624608 -15.3913 -0.0338629 0.0549847 53.6605 17
 455.000000 -0.413291 1.61679 -0.633502 -15.5414 -0.0396266 0.0549847 53.6605 17
 455.500000 -0.469032 1.49325 -0.532741 -14.217 -0.0396266 0.0549847 53.6605 17
 456.000000 -0.643043 1.2838 -0.370849 -14.1994 -0.0396266 0.0549847 53.6605 17
 456.500000 -0.453468 1.52642 -0.559518 -14.4079 -0.0396266 0.0549847 53.6605 17
 457.000000 -0.551983 1.43223 -0.480064 -13.9837 -0.0396266 0.0549847 53.6605 17
 457.500000 -0.486223 1.47541 -0.5177 -14.1563 -0.0453572 0.0549847 53.6605 17
 458.000000 -0.560077 1.45241 -0.493874 -13.9731 -0.0453572 0.0549847 53.6605 17
 458.500000 -0.554194 1.45518 -0.496444 -13.9784 -0.0453572 0.0549847 53.6605 17
 459.000000 -0.577961 1.43765 -0.481567 -13.936 -0.0453572 0.0549847 53.6605 17
 459.500000 -0.481085 1.51011 -0.544325 -14.1784 -0.0453572 0.0549847 53.6605 17
 460.000000 -0.48909 1.62214 -0.627409 -15.2777 -0.0510553 0.0549847 53.6605 17
 460.500000 -0.642257 1.38941 -0.441972 -13.739 -0.0510553 0.0549847 53.6605 17
 461.000000 -0.520355 1.43341 -0.483531 -13.9434 -0.0510553 0.0549847 53.6605 17
 461.500000 -0.604974 1.35717 -0.422781 -13.7089 -0.0510553 0.0549847 53.6605 17
 462.000000 -0.796353 1.15324 -0.286805 -15.483 -0.0510553 0.0549847 53.6605 17
 462.500000 -0.62582 1.41871 -0.463612 -13.846 -0.056721 0.0549847 53.6605 17
 463.000000 -0.626718 1.38041 -0.437179 -13.6352 -0.056721 0.0549847 53.6605 17
 463.500000 -0.716713 1.20395 -0.317745 -15.0549 -0.056721 0.0549847 53.6605 17
 464.000000 -0.502908 1.52815 -0.555445 -14.2876 -0.056721 0.0549847 53.6605 17
 464.500000 -0.572894 1.38882 -0.447243 -13.6464 -0.056721 0.0549847 53.6605 17
 465.000000 -0.512697 1.56616 -0.582468 -14.6148 -0.0623548 0.0549847 53.6605 17
 465.500000 -0.531352 1.42967 -0.479912 -13.8021 -0.0623548 0.0549847 53.6605 17
 466.000000 -0.74571 1.35048 -0.406873 -13.7399 -0.0623548 0.0549847 53.6605 17
 466.500000 -0.339473 1.58659 -0.61798 -14.9039 -0.0623548 0.0549847 53.6605 17
 467.000000 -0.466763 1.51056 -0.546106 -14.1365 -0.0623548 0.0549847 53.6605 17
 467.500000 -0.561936 1.57672 -0.58367 -14.4754 -0.0679571 0.0549847 53.6605 17
 468.000000 -0.336635 1.62157 -0.646372 -15.3 -0.0679571 0.0549847 53.6605 17
 468.500000 -0.615248 1.37137 -0.431877 -13.6381 -0.0679571 0.0549847 53.6605 17
 469.000000 -0.516931 1.48338 -0.520752 -13.9839 -0.0679571 0.0549847 53.6605 17
 469.500000 -0.567674 1.4246 -0.473202 -13.7621 -0.0679571 0.0549847 53.6605 17
 470.000000 -0.623129 1.3876 -0.44242 -13.6384 -0.0735281 0.0549847 53.6605 17
 470.500000 -0.563722 1.45579 -0.495945 -13.8539 -0.0735281 0.0549847 53.6605 17
 471.000000 -0.390199 1.66017 -0.67008 -15.6983 -0.0735281 0.0549847 53.6605 17
 471.500000 -0.556773 1.47826 -0.512857 -13.9494 -0.0735281 0.0549847 53.6605 17
 472.000000 -0.531852 1.3879 -0.449196 -13.5128 -0.0735281 0.0549847 53.6605 17
 472.500000 -0.447432 1.6547 -0.657901 -15.5077 -0.0790683 0.05193 53.6605 18
 473.000000 -0.551589 1.5007 -0.529682 -13.9704 -0.0790683 0.05193 53.6605 18
 473.500000 -0.555375 1.4545 -0.495843 -13.8049 -0.0790683 0.05193 53.6605 18
 474.000000 -0.680001 1.49676 -0.511147 -13.8939 -0.0790683 0.05193 53.6605 18
 474.500000 -0.797855 1.30705 -0.375428 -14.057 -0.0790683 0.05193 53.6605 18
 475.000000 -0.647407 1.2843 -0.371011 -14.137 -0.0845779 0.05193 53.6605 18
 475.500000 -0.494496 1.47322 -0.515322 -13.9123 -0.0845779 0.05193 53.6605 18
 476.000000 -0.701856 1.19027 -0.309507 -15.0749 -0.0845779 0.05193 53.6605 18
 476.500000 -0.764362 1.23311 -0.333594 -14.6425 -0.0845779 0.05193 53.6605 18
 477.000000 -0.529644 1.43943 -0.487218 -13.7362 -0.0845779 0.05193 53.6605 18
 477.500000 -0.604075 1.47591 -0.505905 -13.867 -0.0900574 0.05193 53.6605 18
 478.000000 -0.456266 1.66366 -0.663444 -15.4145 -0.0900574 0.05193 53.6605 18
 478.500000 -0.542223 1.47139 -0.509398 -13.7356 -0.0900574 0.05193 53.6605 18
 479.000000 -0.288146 1.76109 -0.763649 -15.9996 -0.0900574 0.05193 53.6605 18
 479.500000 -0.574174 1.39234 -0.449653 -13.4412 -0.0900574 0.05193 53.6605 18
 480.000000 -0.661275 1.24653 -0.345729 -14.4102 -0.095507 0.05193 53.6605 18
 480.500000 -0.769914 1.16094 -0.291536 -15.2987 -0.095507 0.05193 53.6605 18
 481.000000 -0.566149 1.39961 -0.455442 -13.459 -0.095507 0.05193 53.6605 18
 481.500000 -0.406886 1.68861 -0.689705 -15.7637 -0.095507 0.05193 53.6605 18
 482.000000 -0.650966 1.43682 -0.473453 -13.5517 -0.095507 0.05193 53.6605 18
 482.500000 -0.632843 1.301 -0.382799 -13.7415 -0.100927 0.05193 53.6605 18
 483.000000 -0.609993 1.40214 -0.453618 -13.449 -0.100927 0.05193 53.6605 18
 483.500000 -0.52869 1.43595 -0.484736 -13.6213 -0.100927 0.05193 53.6605 18
 484.000000 -0.564871 1.47638 -0.510627 -13.7419 -0.100927 0.05193 53.6605 18
 484.500000 -0.261677 1.70124 -0.719254 -15.962 -0.100927 0.05193 53.6605 18
 485.000000 -0.477782 1.44873 -0.498169 -13.688 -0.106318 0.05193 53.6605 18
 485.500000 -0.386696 1.57499 -0.604063 -14.5262 -0.106318 0.05193 53.6605 18
 486.000000 -0.565624 1.50412 -0.530525 -13.7388 -0.106318 0.05193 53.6605 18
 486.500000 -0.60683 1.42924 -0.472815 -13.461 -0.106318 0.05193 53.6605 18
 487.000000 -0.33266 1.63493 -0.657487 -15.3255 -0.106318 0.05193 53.6605 18
 487.500000 -0.614982 1.4554 -0.490257 -13.5116 -0.11168 0.05193 53.6605 18
 488.000000 -0.448103 1.56186 -0.587149 -14.3248 -0.11168 0.05193 53.6605 18
 488.500000 -0.339249 1.58356 -0.615558 -14.6896 -0.11168 0.05193 53.6605 18
 489.000000 -0.427683 1.64358 -0.652179 -15.2453 -0.11168 0.05193 53.6605 18
 489.500000 -0.43496 1.48879 -0.532168 -13.6653 -0.11168 0.05193 53.6605 18
 490.000000 -0.41919 1.56824 -0.595311 -14.4182 -0.117013 0.05193 53.6605 18
 490.500000 -0.565512 1.54385 -0.559277 -13.9732 -0.117013 0.05193 53.6605 18
 491.000000 -0.330457 1.73505 -0.736942 -15.9927 -0.117013 0.05193 53.6605 18
 491.500000 -0.644868 1.25735 -0.353196 -14.0051 -0.117013 0.05193 53.6605 18
 492.000000 -0.524528 1.42199 -0.474783 -13.3393 -0.117013 0.05193 53.6605 18
 492.500000 -0.498895 1.40222 -0.461617 -13.3405 -0.122318 0.05193 53.6605 18
 493.000000 -0.588388 1.3227 -0.399583 -13.4506 -0.122318 0.05193 53.6605 18
 493.500000 -0.58805 1.3807 -0.440398 -13.2404 -0.122318 0.05193 53.6605 18
 494.000000 -0.457233 1.62522 -0.634142 -14.8262 -0.122318 0.05193 53.6605 18
 494.500000 -0.415539 1.71602 -0.709499 -15.9273 -0.122318 0.05193 53.6605 18
 495.000000 -0.490122 1.44876 -0.497296 -13.3015 -0.127595 0.05193 53.6605 18
 495.500000 -0.580334 1.39507 -0.451126 -13.1702 -0.127595 0.05193 53.6605 18
 496.000000 -0.345061 1.67651 -0.688894 -15.7625 -0.127595 0.05193 53.6605 18
 496.500000 -0.665166 1.42095 -0.461116 -13.1371 -0.127595 0.05193 53.6605 18
 497.000000 -0.580505 1.46888 -0.503554 -13.1953 -0.127595 0.05193 53.6605 18
 497.500000 -0.481936 1.48793 -0.527529 -13.4653 -0.132845 0.05193 53.6605 18
 498.000000 -0.527591 1.55397 -0.571554 -13.9705 -0.132845 0.05193 53.6605 18
 498.500000 -0.428972 1.57757 -0.601397 -14.3009 -0.132845 0.05193 53.6605 18
 499.000000 -0.466849 1.60037 -0.614047 -14.4754 -0.132845 0.05193 53.6605 18
 499.500000 -0.486518 1.32964 -0.406169 -13.4086 -0.132845 0.05193 53.6605 18
 500.000000 -0.535068 1.48956 -0.523402 -13.2495 -0.138067 0.05193 53.6605 18
