#! FIELDS time cv.node-0 sigma_cv.node-0 height logweight
#! SET action OPES_METAD_kernels
#! SET biasfactor                      16
#! SET epsilon   3.872940653519386e-08
#! SET kernel_cutoff       5.842373946721771
#! SET compression_threshold                       1
                     25     0.9378658533096313    0.01709480417459588  1.062430625987055e-07                    -16
                   27.5     0.4149406254291534    0.04126091073197617  4.401755360738295e-08                    -16
                     30     0.1469984650611877    0.06639389082625757  2.735499196434994e-08                    -16
                   32.5     0.6055632829666138    0.06610479295060066   8.35794345533037e-06     -10.28229514790437
                     35     0.3799130022525787    0.07052600510714194   0.007359596806347001     -3.437006864352637
                   37.5     0.3123679757118225    0.06497968838989325     0.5863728596773674      0.859037078884263
                     40     0.6319249868392944    0.06392760169497685  3.533264882101827e-05     -8.874190149606552
                   42.5     0.4550269544124603    0.06044365155408984     0.1047139308996078    -0.9360498062376781
                     45     0.4685042500495911    0.05709130869065939     0.2493806429899164    -0.1253612134949724
                   47.5     0.5327893495559692    0.05449572022485354     0.2618264068331684    -0.1231896369907358
                     50     0.4333006143569946    0.05238545799517826     0.5049142308041672     0.4940240860765148
                   52.5     0.3065026998519897    0.05006397195975826     0.5199741399372779     0.4780871838693597
                     55     0.3126482963562012    0.04817959649891702     0.7927419726042544     0.8614398872222813
                   57.5     0.3117691576480865     0.0466168282751313      1.049730913978353      1.109257213215285
                     60     0.4559740424156189    0.04481110024078213     0.4583572971402677     0.2411113642793184
                   62.5     0.4355075061321259    0.04323146177210407     0.6201978282350075     0.5076134944682122
                     65      0.426111251115799    0.04175870856797161      0.786882431262817     0.7109933443551213
                   67.5     0.3725989460945129    0.04029893654168658     0.8618834514562174     0.7664516120376349
                     70     0.5086901187896729     0.0392113871945365     0.3428114944595049    -0.1828456108922041
                   72.5     0.4581270515918732    0.03807010778011337     0.7415817590479936     0.5592212962720571
                     75     0.9591377973556519    0.03829900033160392  7.869702307775771e-08     -15.49347495703482
                   77.5     0.9195029139518738     0.0393971423485249   1.20816569025614e-07     -15.03653735903101
                     80     0.9347249269485474    0.04010978998310335  2.536020938413294e-07     -14.27711715763636
                   82.5     0.9484138488769531    0.04054020364945692  3.409759485126709e-07     -13.97039797337578
                     85     0.9309086799621582    0.04076336938127612  5.213175285873099e-07     -13.54036089555823
                   87.5     0.9404565095901489    0.04081974336447953  7.958310959153258e-07     -13.11595123775732
                     90     0.9604659080505371    0.04077613824355054  1.040727210162804e-06     -12.84873202871194
                   92.5     0.9502012729644775    0.04063549778447204  1.692245557044445e-06     -12.36605040819847
                     95     0.9518020153045654    0.04043148824334426  2.500878555909738e-06     -11.98049781554925
                   97.5     0.9618523120880127    0.04016862424259549  3.526975350431086e-06     -11.64322193958575
                    100     0.9576322436332703    0.03987914720588245  5.312238299582539e-06     -11.24088196875807
                  102.5     0.9502270817756653    0.03955632685959733  7.749161641433674e-06     -10.87143848660003
                    105     0.9500811100006104    0.03921760506374483  1.126909394942412e-05     -10.50555911673882
                  107.5     0.9462935328483582    0.03887104561145609  1.617057995106865e-05     -10.15330561786755
                    110     0.9622011184692383    0.03852035536575507  2.249092927059499e-05       -9.8324499046289
                  112.5     0.9458374977111816    0.03816413112098418  3.260600364437053e-05     -9.470356270504784
                    115     0.9760199785232544    0.03781241858048562  3.939695589663095e-05     -9.290422667042604
                  117.5     0.9434572458267212    0.03745676774664858  6.024387529876047e-05     -8.875160481156408
                    120     0.9620559215545654    0.03710292520119544  8.760281077604161e-05     -8.510239904589563
                  122.5     0.9667325615882874    0.03675603331679683   0.000121610584666669     -8.191622406630447
                    125     0.9785992503166199    0.03641233098850511  0.0001565516443095699     -7.948455369572487
                  127.5     0.9479005336761475    0.03607361316550904  0.0002196571460805924      -7.61911923673415
                    130     0.9273256659507751    0.03574150169522079  0.0002361721310752899     -7.555875367209428
                  132.5     0.9505262970924377    0.03541718637706246  0.0004213778879250087     -6.986021581090226
                    135     0.9446666240692139    0.03509856943610291  0.0005781189725239007     -6.678808746257436
                  137.5      0.946308434009552    0.03478787124707532  0.0008085557233769921     -6.352230404184541
                    140     0.9323428273200989    0.03448229256706425   0.001023825098442395     -6.125001879342306
                  142.5     0.9654847979545593    0.03418562352937461   0.001301766694138931       -5.8934659940053
                    145     0.9533373117446899    0.03389428747549081   0.001991983812545013     -5.476616000381769
                  147.5     0.9470641613006592    0.03360761076110744   0.002726233980673168     -5.171319807791588
                    150     0.9452384114265442    0.03332675659612131   0.003710614100295728     -4.871435558073432
                  152.5     0.9403976202011108    0.03305050383366749   0.004956831150129797     -4.590190056104388
                    155     0.9379974007606506    0.03277990820915564   0.006673174689081489     -4.301082037243648
                  157.5     0.9248873591423035    0.03251387369990446   0.007965520519005469     -4.132204349084959
                    160     0.9379118680953979    0.03224949901615125    0.01199611642330415     -3.730908047663135
                  162.5     0.9649502635002136    0.03199160859936416    0.01237838376027755      -3.70756817902475
                    165     0.9810380935668945    0.03173781251936555    0.01246173249642293     -3.708822180079145
                  167.5     0.9539967179298401    0.03147618451346761    0.02575892079073101     -2.990981304137036
                    170     0.9096612930297852    0.03122764997096006    0.01917765054593413     -3.293944036089204
                  172.5     0.9659963846206665    0.03096544403999573    0.03855551976945413     -2.604022373629229
                    175     0.9483168721199036     0.0306950974741629    0.05442721292401174     -2.268026305613773
                  177.5     0.9544267058372498    0.03041182971038098    0.07464379847765672     -1.961434408601431
                    180     0.9606930613517761    0.03011625070188353    0.09877606874088891       -1.6910732497314
                  182.5     0.9622363448143005    0.02980031840117055      0.132687646401024     -1.406476601545863
                    185     0.9676287770271301    0.02946500869583464     0.1718026827466376     -1.159443484054063
                  187.5     0.9604295492172241    0.02909608054698311     0.2378751359739786    -0.8466441491835356
                    190     0.9496641755104065     0.0287051047327881      0.298535769787699    -0.6330287927767331
                  192.5     0.9378775954246521    0.02830956849908256     0.3357669859157757    -0.5293762403203042
                    195     0.9404221177101135    0.02787593982982357      0.461542890609747    -0.2266545903143335
                  197.5     0.9297938346862793    0.02744789225897974     0.5054805466888016    -0.1511945877332751
                    200     0.9774649143218994    0.02706041757203161     0.4383559304506246    -0.3078902614817548
                  202.5     0.9314766526222229    0.02662604637910626     0.6869287488662467     0.1251269748660102
                    205     0.9551698565483093    0.02618975488779629     0.9263372818367087     0.4076131806314278
                  207.5     0.9582473635673523    0.02577489978138267      1.088754929603717     0.5531976751882688
                    210     0.9507631659507751    0.02539642639308681      1.329373626453006     0.7380781012489572
                  212.5     0.9530467987060547    0.02505625332704147      1.530970521856512     0.8657870490697788
                    215     0.9421879053115845    0.02474217746337019      1.670698298804643     0.9405128155625817
                  217.5     0.9440712332725525    0.02446859810640628      1.907415888647193      1.061901730210113
                    220     0.9673498868942261    0.02416182999238693      1.738542999724062     0.9565832774474226
                  222.5     0.9377500414848328    0.02390365505448052      2.073710488082264      1.122132643933552
                    225     0.9601253867149353    0.02367288133216747      2.298462605921941      1.215332369193017
                  227.5     0.9279346466064453    0.02338585279153432      1.924464879544027      1.025540958978615
                    230     0.9440480470657349    0.02320488020052666      2.719118556380457      1.363432134220924
                  232.5     0.9285786151885986    0.02294969637720026      2.310257114284921      1.189425286456486
                    235     0.9481338262557983    0.02277664965711178      3.011472533111466      1.446926802684062
                  237.5     0.9376010298728943    0.02258045416093769       3.00040137313268        1.4345924992626
                    240     0.9327993392944336    0.02236555625273177      2.946993698550961      1.407069430206991
                  242.5     0.9282712340354919    0.02213819478472263      2.855709449923479      1.365386450230303
                    245     0.9540716409683228    0.02193763931257122      3.223176537614285       1.47733298384789
                  247.5     0.9562548398971558    0.02173247358996504      3.247359386618979      1.475411546964736
                    250     0.9731230139732361    0.02148789499575569      2.178784113938398      1.065018484990297
                  252.5     0.9443431496620178     0.0212682719412795      2.935132669430486      1.352730793320378
                    255     0.9736707210540771    0.02104190456995522      1.824795520677565     0.8667455990152175
                  257.5     0.9659393429756165    0.02082022842053564      2.389474299714824      1.125760174368704
                    260      0.947072446346283    0.02066831549391845      3.969991035475149      1.626127468352251
                  262.5     0.9763524532318115    0.02045680463298977      2.392940097343694      1.109600104756506
                    265     0.9382415413856506    0.02025781476048061      2.983572342682526      1.320423745043993
                  267.5      0.956461489200592    0.02006678284305179      3.138529257041564      1.361581910429145
                    270     0.9616516828536987    0.01987610331699395      2.974259948348192      1.298275179563116
                  272.5     0.9349325895309448     0.0196889324609958      2.925492737334565      1.272281354131517
                    275     0.9142488837242126    0.01951987564856736      1.544695729975156     0.6250219194933291
                  277.5     0.9559352397918701    0.01934245516822733      3.006112416135025      1.281711874099022
                    280     0.9448330402374268     0.0191707207401766      3.145691207902849      1.318179556153126
                  282.5     0.9045225977897644    0.01903824097000447     0.8771891892822218    0.03417880899621772
                    285     0.9445927143096924    0.01887604110202954      3.311516117677021      1.354061334015633
                  287.5      0.934990406036377     0.0187135609387711      3.023243850152932       1.25434057899439
                    290     0.9685086607933044    0.01855289903304691      2.559015353183673      1.079010372352323
                  292.5     0.9280587434768677    0.01839809159949891      3.154580713000148      1.279864289505155
                    295      0.982261061668396    0.01825273544024038      1.853068185396657     0.7399194564231417
                  297.5     0.9701613783836365    0.01810255639497939      2.710252472501124      1.111856715991188
                    300     0.9658778309822083    0.01795585148702767      2.887766611805123      1.167161211189153
                  302.5     0.9736232757568359    0.01781267152091252      3.004728939766188      1.198859204636582
                    305     0.9697703123092651    0.01767631293456167      3.504282123940298      1.344972932256034
                  307.5     0.9398113489151001    0.01755277651213507      4.208465827964471      1.521072069652817
                    310     0.3790248334407806    0.01781925173163757     0.1822597916929877     -1.603280995469273
                  312.5     0.4010012447834015    0.01836875464389768     0.1913970149078275     -1.523992535613535
                    315     0.7807652354240417    0.01843406509013184  4.304811023435472e-07     -14.52540033792556
                  317.5     0.7797664403915405    0.01838598062825596  5.402850260692268e-07     -14.30081880219392
                    320      0.797815203666687    0.01834217866068302  3.846662787527636e-07     -14.64292467781176
                  322.5     0.7801967859268188     0.0182929567350875    6.4545518380787e-07      -14.1280321932549
                    325     0.7136657238006592    0.01823386868867324  1.894526044014226e-05     -10.75191422817182
                  327.5     0.3276254534721375    0.01857707237056809     0.2129213200809472     -1.406142662131311
                    330     0.3710828721523285      0.018922421401196     0.2340652893383025     -1.293045895240791
                  332.5      0.498745322227478    0.01904979107009233     0.1422616193345997     -1.784269636191343
                    335     0.1111344620585442    0.01922450135681978  0.0001124339523157575     -8.918197264858684
                  337.5    -0.4437764286994934    0.02194646439202169  8.275612497721763e-08                    -16
                    340    -0.3447116315364838    0.02414663702764612  7.521602163538632e-08     -15.99999470156893
                  342.5    -0.4655566215515137    0.02574259774959009  7.716261912995854e-08     -15.91044182903129
                    345    -0.4623357653617859    0.02709067254927356  8.588331297717933e-08     -15.75232504903101
                  347.5      -0.41433185338974    0.02806918757863862  7.308651345415571e-08     -15.87818777785597
                    350    -0.5029366612434387    0.02884943919066507  7.020826341762101e-08     -15.89094750980971
                  352.5    -0.5931531190872192    0.02948886624736644  6.166011186358127e-08     -15.99885406696269
                    355    -0.4149518013000488    0.02992579763145802  8.109530673918572e-08      -15.7101580855426
                  357.5    -0.5158545970916748    0.03026521025157523  7.221059456472459e-08     -15.81491842978509
                    360    -0.3074454367160797    0.03052787909190866  6.267039734828413e-08     -15.94797454114478
                  362.5    -0.4725400507450104    0.03069220144716321  1.018744483609166e-07     -15.45675432589708
                    365    -0.3338196873664856    0.03083038209637102   7.54532708207179e-08      -15.7524899097944
                  367.5    -0.3723708093166351      0.030939419800316  7.866256289878558e-08     -15.70730563937119
                    370    -0.3968689739704132    0.03097925640401311   9.40073893245959e-08     -15.52781285911794
                  372.5       -0.4780253469944    0.03105740898950547  1.182217826920807e-07     -15.29610431093966
                    375    -0.3983668982982635    0.03109458120749741  1.107896840095398e-07     -15.35983684870773
                  377.5    -0.5588777661323547    0.03111657323373682  6.954032948535893e-08      -15.8248566370943
                    380    -0.4970371127128601    0.03109619709972689  1.247416434703592e-07     -15.24117380224709
                  382.5    -0.5151812434196472    0.03104638087253614  1.221830783116873e-07      -15.2635012750522
                    385    -0.4488420486450195    0.03097537766247321  1.543598598641688e-07     -15.03202483163008
                  387.5    -0.4397484660148621    0.03091265574702458  1.730738601686961e-07     -14.91961996845164
                    390    -0.4618676900863647    0.03085328257508294  2.136432852333131e-07     -14.71095319853337
                  392.5    -0.5270316600799561    0.03079655326211325  1.335153660084946e-07     -15.18288473133525
                    395     -0.451711505651474    0.03070956066366164  2.461092450519832e-07     -14.57415452906924
                  397.5    -0.5864981412887573    0.03065880184167985  8.316494294902894e-08     -15.66075838633281
                    400    -0.6146543622016907    0.03058748164799373  7.922267521421824e-08     -15.71165069054435
                  402.5    -0.4101314842700958    0.03051754115924725   1.92203767321049e-07     -14.82764634472165
                    405    -0.4716511368751526    0.03044442524367906  2.821744604050772e-07      -14.4460756484434
                  407.5    -0.4360159933567047    0.03035794834897195  3.055558381037678e-07     -14.36931316954952
                    410     -0.401541143655777    0.03030286628266777  2.332879824852502e-07     -14.64098810884603
                  412.5    -0.3729003369808197    0.03023000869544496  1.720371879610312e-07     -14.94795832142873
                    415    -0.5422302484512329    0.03016194070998363  1.453808040090518e-07     -15.11856665772704
                  417.5     -0.552177369594574    0.03008803016427332  1.589064256162689e-07     -15.03206114584104
                    420    -0.3874835669994354    0.03002284316173786  2.435787867479638e-07     -14.60710510001457
                  422.5    -0.4359813332557678    0.02995179404578341  3.842675420298635e-07     -14.15357582222889
                    425    -0.5559257864952087    0.02988205415952389  1.767750758805633e-07     -14.93236780876908
                  427.5    -0.4129996299743652    0.02980294339226887  3.931531372074376e-07     -14.13569772211981
                    430    -0.3222394287586212    0.02973643902945575  1.078953732439029e-07     -15.43096889194915
                  432.5    -0.5990824699401855     0.0296662289402463  1.254988848856407e-07     -15.28219788109136
                    435    -0.2925992608070374    0.02960717764893359   8.92718247405045e-08     -15.62480133463462
                  437.5    -0.3943079710006714    0.02954437970157855  3.878797997347063e-07     -14.15791505371506
                    440     -0.421337902545929    0.02946687658891144  5.175530847264243e-07     -13.87212517631403
                  442.5    -0.3530513942241669    0.02939673619859719  2.323636649943266e-07     -14.67531675993929
                    445    -0.5346510410308838    0.02932461883331917  2.320946807238893e-07     -14.67893128895662
                  447.5    -0.4897632896900177    0.02925787256506665  3.473759913166208e-07     -14.27794765359973
                    450    -0.5668923258781433    0.02918597836142758  2.277415058633513e-07      -14.7026044399749
                  452.5    -0.5257899165153503    0.02912263222542348  3.322955397816248e-07     -14.32696371577612
                    455    -0.6335016489028931    0.02906042431012431  9.886191296348887e-08     -15.54140276325347
                  457.5       -0.5177001953125    0.02899014873257165  3.959242100339234e-07     -14.15632520284938
                    460    -0.6274089813232422    0.02891443316828399  1.293382525124677e-07     -15.27773210722168
                  462.5      -0.46361243724823    0.02885635403017084  5.425045847895517e-07     -13.84597733139435
                    465    -0.5824676752090454    0.02879229074633676  2.520494443087751e-07     -14.61477113565292
                  467.5    -0.5836702585220337    0.02872209253841743  2.904527508070915e-07      -14.4753965636445
                    470    -0.4424202740192413    0.02865568869911143  6.723437543239847e-07     -13.63838234959434
                  472.5    -0.6579009890556335    0.02859540650302504  1.039166658151846e-07     -15.50766869954021
                    475    -0.3710111379623413    0.02853519984343504  4.100776708823226e-07     -14.13701909003555
                  477.5    -0.5059052109718323    0.02847910120098978  5.382398000588529e-07     -13.86702936741824
                    480    -0.3457291722297668    0.02842514707615279  3.132541890582506e-07     -14.41021489999789
                  482.5    -0.3827987313270569     0.0283668283848238  6.126597259306591e-07     -13.74147394704267
                    485    -0.4981694221496582    0.02831123268313985  6.475753153188687e-07     -13.68801033598019
                  487.5     -0.490257203578949    0.02824900841821378  7.741951216802634e-07     -13.51162178663295
                    490    -0.5953109860420227    0.02819453258832722   3.13304729614854e-07     -14.41819970711631
                  492.5    -0.4616169929504395    0.02813626521881546  9.223930184630663e-07      -13.3404733588955
                    495    -0.4972964227199554     0.0280769947382797  9.610478923069091e-07     -13.30152928830656
                  497.5    -0.5275294184684753    0.02801539330303312      8.17701374576e-07     -13.46525275825388
                    500    -0.5234023928642273    0.02795057389335935  1.016996968966169e-06     -13.24945693245829
