 #! FIELDS time p.x p.y deepTDA.node-0 mueller opes.bias
 81.605 -0.787209 1.00339 -3.47908 9.27098 -9.16216
 81.61 -0.780765 0.991442 -3.32592 9.92238 -10.0
 81.615 -0.77554 0.980376 -3.18644 10.5106 -10.0
 81.62 -0.773161 0.969241 -3.05504 11.0205 -10.0
 81.625 -0.771302 0.958272 -2.92711 11.5 -10.0
 81.63 -0.773317 0.952226 -2.86608 11.6748 -10.0
 81.635 -0.776669 0.946109 -2.80841 11.8122 -10.0
 81.64 -0.780063 0.941904 -2.77218 11.8754 -10.0
 81.645 -0.784717 0.943188 -2.80098 11.7032 -10.0
 81.65 -0.787808 0.946325 -2.84554 11.5048 -10.0
 81.655 -0.792771 0.949513 -2.8965 11.2557 -10.0
 81.66 -0.798525 0.953634 -2.96031 10.9531 -10.0
 81.665 -0.803577 0.957756 -3.02195 10.6709 -10.0
 81.67 -0.810466 0.961108 -3.08074 10.3773 -10.0
 81.675 -0.817813 0.964012 -3.13597 10.0975 -10.0
 81.68 -0.826269 0.96826 -3.20299 9.75265 -10.0
 81.685 -0.834142 0.972693 -3.25424 9.42688 -10.0
 81.69 -0.840372 0.976763 -3.3004 9.15891 -10.0
 81.695 -0.847383 0.980968 -3.34862 8.88366 -10.0
 81.7 -0.85529 0.986589 -3.41177 8.56002 -10.0
 81.705 -0.865119 0.993518 -3.48968 8.19091 -8.73417
 81.71 -0.871547 0.988102 -3.44131 8.29458 -9.92886
 81.715 -0.877169 0.982165 -3.38703 8.42487 -10.0
 81.72 -0.884466 0.979151 -3.36342 8.44371 -10.0
 81.725 -0.891374 0.975703 -3.33512 8.48479 -10.0
 81.73 -0.90024 0.971545 -3.30149 8.53487 -10.0
 81.735 -0.910587 0.968934 -3.28461 8.53651 -10.0
 81.74 -0.920722 0.967807 -3.28235 8.51198 -10.0
 81.745 -0.931617 0.96676 -3.28157 8.50022 -10.0
 81.75 -0.941793 0.966611 -3.28912 8.48691 -10.0
 81.755 -0.950513 0.969975 -3.33046 8.41011 -10.0
 81.76 -0.958759 0.975897 -3.39691 8.30224 -10.0
 81.765 -0.967191 0.979806 -3.44343 8.26767 -9.91433
 81.77 -0.97402 0.982176 -3.47316 8.27369 -9.36652
 81.775 -0.979407 0.974664 -3.40294 8.45238 -10.0
 81.78 -0.985613 0.968213 -3.34404 8.61792 -10.0
 81.785 -0.993189 0.96189 -3.28763 8.79221 -10.0
 81.79 -1.00278 0.954539 -3.22276 9.00229 -10.0
 81.795 -1.01284 0.948311 -3.16951 9.20028 -10.0
 81.8 -1.02318 0.943372 -3.12938 9.38574 -10.0
 81.805 -1.03375 0.939819 -3.10329 9.56141 -10.0
 81.81 -1.04474 0.937694 -3.09184 9.73513 -10.0
 81.815 -1.05504 0.935191 -3.07599 9.91592 -10.0
 81.82 -1.06419 0.932921 -3.06145 10.0857 -10.0
 81.825 -1.07516 0.931385 -3.05586 10.2898 -10.0
 81.83 -1.08853 0.931445 -3.06833 10.5451 -10.0
 81.835 -1.10006 0.931225 -3.07638 10.7877 -10.0
 81.84 -1.11059 0.9326 -3.09946 11.0198 -10.0
 81.845 -1.12427 0.932389 -3.1095 11.3506 -10.0
 81.85 -1.13776 0.932058 -3.11818 11.6976 -10.0
 81.855 -1.15102 0.93307 -3.14006 12.0598 -10.0
 81.86 -1.16425 0.933996 -3.14657 12.4408 -10.0
 81.865 -1.17807 0.935392 -3.14577 12.8597 -10.0
 81.87 -1.19045 0.935852 -3.13885 13.2442 -10.0
 81.875 -1.20176 0.936753 -3.13629 13.6083 -10.0
 81.88 -1.2103 0.93759 -3.1356 13.8896 -10.0
 81.885 -1.21869 0.936478 -3.11973 14.1517 -10.0
 81.89 -1.2263 0.935429 -3.10501 14.3897 -10.0
 81.895 -1.2337 0.932938 -3.07915 14.6062 -10.0
 81.9 -1.23842 0.930167 -3.05338 14.7318 -10.0
 81.905 -1.24309 0.927784 -3.03069 14.8591 -10.0
 81.91 -1.24491 0.926568 -3.01959 14.9055 -10.0
 81.915 -1.24362 0.920727 -2.97482 14.8046 -10.0
 81.92 -1.24208 0.912277 -2.90978 14.6765 -10.0
 81.925 -1.24009 0.901308 -2.82534 14.5225 -10.0
 81.93 -1.23883 0.890296 -2.73993 14.4052 -10.0
 81.935 -1.23951 0.881753 -2.67228 14.3714 -10.0
 81.94 -1.2383 0.871748 -2.59474 14.2831 -10.0
 81.945 -1.23747 0.863514 -2.52237 14.2239 -10.0
 81.95 -1.23491 0.856016 -2.44523 14.1289 -10.0
 81.955 -1.23006 0.8475 -2.3559 13.9831 -10.0
 81.96 -1.2271 0.838685 -2.26525 13.8996 -10.0
 81.965 -1.22424 0.832163 -2.19759 13.8303 -10.0
 81.97 -1.22267 0.825229 -2.12696 13.7992 -10.0
 81.975 -1.22048 0.819769 -2.0705 13.7586 -10.0
 81.98 -1.2169 0.814085 -2.01058 13.6952 -10.0
 81.985 -1.21258 0.808865 -1.95462 13.6233 -10.0
 81.99 -1.20716 0.802935 -1.8906 13.5428 -10.0
 81.995 -1.19921 0.79575 -1.81179 13.4379 -10.0
 82.0 -1.19303 0.786568 -1.71464 13.3984 -10.0
 82.005 -1.18347 0.775602 -1.59665 13.3501 -10.0
 82.01 -1.17381 0.765332 -1.48553 13.332 -10.0
 82.015 -1.16331 0.75663 -1.38932 13.3217 -10.0
 82.02 -1.15154 0.749483 -1.3075 13.3126 -10.0
 82.025 -1.139 0.74342 -1.23583 13.314 -10.0
 82.03 -1.12612 0.737419 -1.16448 13.3428 -10.0
 82.035 -1.11298 0.730656 -1.08529 13.4124 -10.0
 82.04 -1.10004 0.724594 -1.01326 13.4978 -10.0
 82.045 -1.08772 0.717881 -0.935294 13.6179 -10.0
 82.05 -1.07382 0.710872 -0.852968 13.7655 -10.0
 82.055 -1.05999 0.704794 -0.780003 13.9149 -10.0
 82.06 -1.04588 0.697745 -0.697088 14.0978 -10.0
 82.065 -1.03153 0.684928 -0.556373 14.3944 -10.0
 82.07 -1.01679 0.674866 -0.442811 14.6436 -10.0
 82.075 -1.00112 0.668209 -0.362435 14.8377 -10.0
 82.08 -0.987072 0.660608 -0.274063 15.0323 -10.0
 82.085 -0.973081 0.652274 -0.14889 15.2259 -10.0
 82.09 -0.959798 0.645887 -0.0363894 15.3757 -10.0
 82.095 -0.947816 0.640501 0.0609245 15.4952 -10.0
 82.1 -0.93641 0.635858 0.14816 15.5931 -10.0
 82.105 -0.924243 0.627913 0.274541 15.7135 -10.0
 82.11 -0.913778 0.620731 0.387105 15.804 -10.0
 82.115 -0.903066 0.615004 0.484253 15.8686 -10.0
 82.12 -0.89224 0.608729 0.587857 15.9232 -10.0
 82.125 -0.883877 0.60137 0.695859 15.9688 -10.0
 82.13 -0.873277 0.593335 0.818354 16.0032 -10.0
 82.135 -0.862699 0.587437 0.916978 16.013 -10.0
 82.14 -0.850725 0.582113 1.01357 16.0047 -10.0
 82.145 -0.840873 0.580656 1.0605 15.9805 -10.0
 82.15 -0.83027 0.580477 1.09553 15.9465 -10.0
 82.155 -0.820381 0.58137 1.11641 15.9104 -10.0
 82.16 -0.81024 0.582358 1.137 15.8715 -10.0
 82.165 -0.799978 0.584943 1.1402 15.8318 -10.0
 82.17 -0.789896 0.58954 1.12043 15.7977 -10.0
 82.175 -0.778637 0.594218 1.10343 15.7639 -10.0
 82.18 -0.767651 0.598818 1.08646 15.736 -10.0
 82.185 -0.753123 0.603106 1.08398 15.6968 -10.0
 82.19 -0.739248 0.605341 1.10233 15.6505 -10.0
 82.195 -0.726137 0.608673 1.10609 15.6154 -10.0
 82.2 -0.712745 0.612149 1.10912 15.5825 -10.0
 82.205 -0.700492 0.618245 1.07943 15.5844 -10.0
 82.21 -0.686581 0.623098 1.06874 15.5732 -10.0
 82.215 -0.671612 0.628128 1.05939 15.5655 -10.0
 82.22 -0.65581 0.63468 1.03568 15.5827 -10.0
 82.225 -0.640081 0.641334 1.01061 15.6129 -10.0
 82.23 -0.626949 0.64527 1.00771 15.619 -10.0
 82.235 -0.615409 0.649671 0.994664 15.645 -10.0
 82.24 -0.601676 0.65361 0.993609 15.6575 -10.0
 82.245 -0.591664 0.657175 0.985111 15.6835 -10.0
 82.25 -0.581217 0.656787 1.02199 15.6279 -10.0
 82.255 -0.571739 0.658756 1.0296 15.6254 -10.0
 82.26 -0.561236 0.664313 1.00046 15.7 -10.0
 82.265 -0.550865 0.665535 1.01917 15.6809 -10.0
 82.27 -0.540907 0.666442 1.0401 15.6562 -10.0
 82.275 -0.530349 0.667922 1.05652 15.6427 -10.0
 82.28 -0.518813 0.669893 1.07053 15.6377 -10.0
 82.285 -0.508926 0.673936 1.05632 15.6965 -10.0
 82.29 -0.499749 0.679164 1.02671 15.7948 -10.0
 82.295 -0.49092 0.6836 1.00484 15.8783 -10.0
 82.3 -0.484204 0.687225 0.985402 15.9519 -10.0
 82.305 -0.47669 0.689205 0.986765 15.9782 -10.0
 82.31 -0.470885 0.690129 0.994572 15.9818 -10.0
 82.315 -0.467524 0.692264 0.981272 16.0308 -10.0
 82.32 -0.465783 0.691178 0.998786 15.9923 -10.0
 82.325 -0.463232 0.686505 1.05877 15.8452 -10.0
 82.33 -0.461336 0.682548 1.10873 15.7211 -10.0
 82.335 -0.459707 0.678869 1.15478 15.606 -10.0
 82.34 -0.458212 0.674163 1.21183 15.4615 -10.0
 82.345 -0.455605 0.668678 1.28102 15.289 -10.0
 82.35 -0.452428 0.660233 1.38495 15.0286 -10.0
 82.355 -0.4488 0.650414 1.50558 14.7294 -10.0
 82.36 -0.443288 0.639821 1.64071 14.402 -10.0
 82.365 -0.439735 0.630628 1.75413 14.1317 -10.0
 82.37 -0.43572 0.620147 1.88333 13.8331 -10.0
 82.375 -0.432762 0.612976 1.9724 13.6338 -10.0
 117.455 -0.581319 0.571093 1.9758 14.1315 -10.0
 117.45 -0.58397 0.572097 1.95635 14.1688 -10.0
 117.445 -0.586913 0.5733 1.93379 14.2111 -10.0
 117.44 -0.589999 0.57228 1.93553 14.2271 -10.0
 117.435 -0.59284 0.571005 1.94087 14.2383 -10.0
 117.43 -0.596549 0.570463 1.93535 14.2665 -10.0
 117.425 -0.599884 0.570283 1.92696 14.2955 -10.0
 117.42 -0.600563 0.569667 1.93171 14.2948 -10.0
 117.415 -0.601566 0.573047 1.89094 14.3431 -10.0
 117.41 -0.601597 0.575313 1.86561 14.3705 -10.0
 117.405 -0.60057 0.574735 1.87525 14.3542 -10.0
 117.4 -0.60068 0.576103 1.85967 14.3718 -10.0
 117.395 -0.602012 0.577755 1.83713 14.4042 -10.0
 117.39 -0.601389 0.579017 1.82503 14.4144 -10.0
 117.385 -0.599472 0.579357 1.82721 14.4016 -10.0
 117.38 -0.597276 0.57997 1.82723 14.39 -10.0
 117.375 -0.596424 0.579956 1.83005 14.3822 -10.0
 117.37 -0.593473 0.580241 1.83606 14.3596 -10.0
 117.365 -0.591225 0.579223 1.85441 14.3261 -10.0
 117.36 -0.585836 0.580116 1.86125 14.2896 -10.0
 117.355 -0.580031 0.580657 1.87332 14.2448 -10.0
 117.35 -0.573047 0.580026 1.90211 14.173 -10.0
 117.345 -0.565513 0.578492 1.94267 14.0828 -10.0
 117.34 -0.55922 0.576815 1.98094 14.0013 -10.0
 117.025 -0.325428 0.642146 1.98209 13.7911 -10.0
 117.02 -0.325917 0.646432 1.93285 13.9303 -10.0
 117.015 -0.326884 0.650627 1.88312 14.0708 -10.0
 117.01 -0.329617 0.653608 1.84142 14.1808 -10.0
 117.005 -0.33259 0.655628 1.80966 14.2609 -10.0
 117.0 -0.337206 0.65791 1.76987 14.3572 -10.0
 116.995 -0.343101 0.659503 1.73377 14.4368 -10.0
 116.99 -0.349656 0.658933 1.71968 14.4488 -10.0
 116.985 -0.357121 0.657187 1.71586 14.4281 -10.0
 116.98 -0.365555 0.656472 1.69753 14.4471 -10.0
 116.975 -0.373239 0.655637 1.68289 14.4598 -10.0
 116.97 -0.381906 0.652577 1.68995 14.4099 -10.0
 116.965 -0.389425 0.648841 1.70812 14.3368 -10.0
 116.96 -0.396205 0.643906 1.74194 14.228 -10.0
 116.955 -0.404754 0.640849 1.74934 14.1896 -10.0
 116.95 -0.413242 0.638687 1.74696 14.18 -10.0
 116.945 -0.42424 0.637274 1.72842 14.2098 -10.0
 116.94 -0.434267 0.636146 1.70973 14.2434 -10.0
 116.935 -0.444225 0.63606 1.67966 14.3063 -10.0
 116.93 -0.452381 0.637316 1.64025 14.3936 -10.0
 116.925 -0.461218 0.637566 1.60994 14.4584 -10.0
 116.92 -0.473105 0.63994 1.54646 14.5986 -10.0
 116.915 -0.482136 0.64191 1.49638 14.7081 -10.0
 116.91 -0.490612 0.643909 1.44772 14.8135 -10.0
 116.905 -0.495408 0.645157 1.41887 14.8755 -10.0
 116.9 -0.499186 0.645465 1.40367 14.9069 -10.0
 116.895 -0.501573 0.643734 1.41551 14.8785 -10.0
 116.89 -0.503366 0.641094 1.43931 14.8245 -10.0
 116.885 -0.506068 0.637463 1.47132 14.7536 -10.0
 116.88 -0.510135 0.633563 1.50208 14.6878 -10.0
 116.875 -0.513803 0.627433 1.55889 14.5711 -10.0
 116.87 -0.51792 0.62124 1.61501 14.4625 -10.0
 116.865 -0.523452 0.61347 1.68429 14.3385 -10.0
 116.86 -0.529326 0.603061 1.78188 14.1776 -10.0
 116.855 -0.533244 0.589635 1.91915 13.9673 -10.0
 116.42 -0.729994 0.533218 1.93419 15.2878 -10.0
 116.415 -0.72618 0.543845 1.82776 15.2686 -10.0
 116.41 -0.723716 0.555177 1.70927 15.28 -10.0
 116.405 -0.722441 0.56617 1.59084 15.3159 -10.0
 116.4 -0.72078 0.576476 1.48127 15.359 -10.0
 116.395 -0.71542 0.583971 1.41452 15.3704 -10.0
 116.39 -0.710084 0.590063 1.36333 15.3803 -10.0
 116.385 -0.705581 0.594808 1.32453 15.3905 -10.0
 116.38 -0.701186 0.60147 1.26404 15.4231 -10.0
 116.375 -0.696406 0.610059 1.18331 15.4799 -10.0
 116.37 -0.69035 0.61786 1.11532 15.5317 -10.0
 116.365 -0.686525 0.62639 1.03227 15.6116 -10.0
 116.36 -0.683199 0.637587 0.91797 15.7346 -10.0
 116.355 -0.680065 0.650484 0.784134 15.8897 -10.0
 116.35 -0.675832 0.6612 0.678012 16.0224 -10.0
 116.345 -0.671291 0.672159 0.570141 16.1653 -10.0
 116.34 -0.667893 0.682525 0.465313 16.3065 -10.0
 116.335 -0.667652 0.692639 0.353454 16.4444 -10.0
 116.33 -0.670445 0.702385 0.236235 16.567 -10.0
 116.325 -0.677795 0.711497 0.111883 16.6557 -10.0
 116.32 -0.68215 0.721713 -0.015439 16.7454 -10.0
 116.315 -0.687556 0.728374 -0.106445 16.7785 -10.0
 116.31 -0.692145 0.735507 -0.200165 16.8061 -10.0
 116.305 -0.695116 0.743924 -0.303135 16.8388 -10.0
 116.3 -0.695074 0.753374 -0.408225 16.8872 -10.0
 116.295 -0.691625 0.763517 -0.510409 16.9591 -10.0
 116.29 -0.687438 0.774241 -0.616768 17.0326 -10.0
 116.285 -0.683419 0.784082 -0.713811 17.0945 -10.0
 116.28 -0.679047 0.794667 -0.818038 17.1531 -10.0
 116.275 -0.67583 0.806903 -0.944254 17.1819 -10.0
 116.27 -0.672522 0.818247 -1.06025 17.1964 -10.0
 116.265 -0.668978 0.83262 -1.20923 17.1792 -10.0
 116.26 -0.663947 0.846269 -1.34553 17.1658 -10.0
 116.255 -0.658947 0.85917 -1.47359 17.136 -10.0
 116.25 -0.655691 0.873605 -1.62416 17.0258 -10.0
 116.245 -0.65388 0.88876 -1.78726 16.8337 -10.0
 116.24 -0.652901 0.905182 -1.96704 16.5493 -10.0
 116.235 -0.653372 0.924551 -2.18417 16.0956 -10.0
 116.23 -0.653174 0.945957 -2.42189 15.5183 -10.0
 116.225 -0.651492 0.969673 -2.68071 14.8165 -10.0
 116.22 -0.650366 0.995621 -2.96611 13.9087 -10.0
 116.215 -0.651001 1.02238 -3.26604 12.792 -10.0
 90.975 -0.411709 1.10388 -3.42779 18.7213 -9.96884
 90.98 -0.39787 1.06953 -3.00223 20.0839 -10.0
 90.985 -0.384043 1.03948 -2.62448 21.0091 -10.0
 90.99 -0.373288 1.01269 -2.29267 21.5513 -10.0
 90.995 -0.364284 0.987472 -1.98389 21.8477 -10.0
 91.0 -0.357184 0.962788 -1.68693 21.9471 -10.0
 91.005 -0.35054 0.938931 -1.4006 21.8987 -10.0
 91.01 -0.344595 0.914735 -1.11267 21.708 -10.0
 91.015 -0.339759 0.889194 -0.813231 21.3611 -10.0
 91.02 -0.334601 0.86724 -0.552717 20.966 -10.0
 91.025 -0.328392 0.846148 -0.29852 20.5053 -10.0
 91.03 -0.325087 0.828262 -0.0890791 20.047 -10.0
 91.035 -0.323364 0.811204 0.10621 19.5622 -10.0
 91.04 -0.323305 0.792808 0.311224 18.9958 -10.0
 91.045 -0.322479 0.77542 0.5074 18.4283 -10.0
 91.05 -0.320634 0.757286 0.71505 17.8078 -10.0
 91.055 -0.317879 0.737087 0.948531 17.0892 -10.0
 91.06 -0.316335 0.718743 1.15759 16.4233 -10.0
 91.065 -0.314985 0.700786 1.36172 15.7682 -10.0
 91.07 -0.316374 0.684362 1.54027 15.1829 -10.0
 91.075 -0.318829 0.667619 1.71904 14.6058 -10.0
 91.08 -0.319471 0.649702 1.91652 14.0066 -10.0
 47.05 -0.197236 0.683551 1.92055 14.8784 -10.0
 47.045 -0.208591 0.686954 1.84728 15.0227 -10.0
 47.04 -0.219092 0.687213 1.81167 15.0468 -10.0
 47.035 -0.228956 0.687156 1.78157 15.0601 -10.0
 47.03 -0.239662 0.685727 1.76412 15.0252 -10.0
 47.025 -0.252292 0.681329 1.77373 14.8871 -10.0
 47.02 -0.263197 0.674509 1.81568 14.663 -10.0
 47.015 -0.273838 0.665052 1.88781 14.3539 -10.0
 47.01 -0.282706 0.656693 1.95325 14.0916 -10.0
 46.73 -0.665057 0.555318 1.89049 14.7683 -10.0
 46.725 -0.667546 0.567734 1.74449 14.8802 -10.0
 46.72 -0.67006 0.577372 1.62935 14.9828 -10.0
 46.715 -0.674618 0.584546 1.53527 15.0846 -10.0
 46.71 -0.677714 0.591649 1.44654 15.1764 -10.0
 46.705 -0.680803 0.601226 1.33028 15.2961 -10.0
 46.7 -0.684882 0.609303 1.22763 15.4081 -10.0
 46.695 -0.685546 0.617585 1.13336 15.5045 -10.0
 46.69 -0.686713 0.627086 1.02393 15.6207 -10.0
 46.685 -0.688192 0.638249 0.895039 15.7601 -10.0
 46.68 -0.69054 0.647478 0.78496 15.8788 -10.0
 46.675 -0.692208 0.655406 0.691487 15.9778 -10.0
 46.67 -0.693326 0.664946 0.581789 16.0928 -10.0
 46.665 -0.692707 0.671998 0.505205 16.1754 -10.0
 46.66 -0.691952 0.678421 0.436043 16.2504 -10.0
 46.655 -0.69001 0.684952 0.369377 16.3272 -10.0
 46.65 -0.689292 0.690839 0.306066 16.3954 -10.0
 46.645 -0.689082 0.697048 0.237592 16.4649 -10.0
 46.64 -0.689522 0.702956 0.170432 16.5273 -10.0
 46.635 -0.689467 0.7087 0.106653 16.5867 -10.0
 46.63 -0.689403 0.716194 0.0234125 16.6602 -10.0
 46.625 -0.691389 0.72589 -0.0907333 16.7366 -10.0
 46.62 -0.69336 0.737162 -0.222378 16.8094 -10.0
 46.615 -0.694527 0.746072 -0.325223 16.8555 -10.0
 46.61 -0.696034 0.756056 -0.441077 16.8897 -10.0
 46.605 -0.698381 0.768109 -0.582589 16.9009 -10.0
 46.6 -0.702035 0.781242 -0.740199 16.8649 -10.0
 46.595 -0.703755 0.798203 -0.934407 16.8 -10.0
 46.59 -0.704149 0.817381 -1.14917 16.6795 -10.0
 46.585 -0.705493 0.835196 -1.3517 16.4814 -10.0
 46.58 -0.707876 0.855756 -1.58805 16.1453 -10.0
 46.575 -0.7104 0.877712 -1.84037 15.6756 -10.0
 46.57 -0.714094 0.898704 -2.08561 15.0865 -10.0
 46.565 -0.717386 0.921159 -2.34589 14.3606 -10.0
 46.56 -0.71905 0.944364 -2.60944 13.5516 -10.0
 46.555 -0.72342 0.966838 -2.87328 12.5914 -10.0
 46.55 -0.725968 0.991108 -3.15145 11.5372 -10.0
 46.545 -0.72878 1.01505 -3.42675 10.4259 -10.0
 53.21 -0.645024 1.02873 -3.31811 12.7389 -10.0
 53.215 -0.641101 0.993982 -2.91898 14.2947 -10.0
 53.22 -0.639057 0.963501 -2.57323 15.4217 -10.0
 53.225 -0.639538 0.934633 -2.25332 16.2338 -10.0
 53.23 -0.639338 0.908232 -1.95875 16.836 -10.0
 53.235 -0.639746 0.884317 -1.69374 17.2308 -10.0
 53.24 -0.640848 0.861693 -1.44528 17.4728 -10.0
 53.245 -0.642416 0.839455 -1.20257 17.5978 -10.0
 53.25 -0.647243 0.816598 -0.963111 17.5805 -10.0
 53.255 -0.652254 0.795575 -0.744663 17.49 -10.0
 53.26 -0.656607 0.775728 -0.537248 17.3578 -10.0
 53.265 -0.66006 0.75783 -0.34873 17.205 -10.0
 53.27 -0.662319 0.737782 -0.132556 17.0064 -10.0
 53.275 -0.661986 0.713809 0.135412 16.7317 -10.0
 53.28 -0.661084 0.68787 0.42702 16.3819 -10.0
 53.285 -0.660622 0.66086 0.729199 15.9862 -10.0
 53.29 -0.659845 0.63506 1.01888 15.6064 -10.0
 53.295 -0.657062 0.609498 1.31216 15.2422 -10.0
 53.3 -0.655684 0.584812 1.59131 14.9409 -10.0
 53.305 -0.652041 0.560385 1.87464 14.6842 -10.0
 53.62 -0.574074 0.574185 1.96394 14.1032 -10.0
 53.625 -0.570198 0.576589 1.94926 14.0994 -10.0
 53.63 -0.564041 0.576258 1.97213 14.0381 -10.0
 70.195 -0.549085 0.581324 1.96233 13.9745 -10.0
 70.19 -0.553444 0.583319 1.92653 14.0443 -10.0
 70.185 -0.556482 0.585556 1.89216 14.106 -10.0
 70.18 -0.557202 0.586398 1.88054 14.1255 -10.0
 70.175 -0.557128 0.586231 1.88264 14.1222 -10.0
 70.17 -0.556721 0.585118 1.89629 14.1013 -10.0
 70.165 -0.556676 0.584987 1.89789 14.0989 -10.0
 70.16 -0.556705 0.58319 1.9178 14.0717 -10.0
 70.155 -0.5566 0.583421 1.91556 14.0742 -10.0
 70.15 -0.558242 0.583258 1.91226 14.0865 -10.0
 70.145 -0.556884 0.579778 1.95524 14.0224 -10.0
 70.14 -0.556068 0.576107 1.99865 13.9621 -10.0
 69.78 -0.664519 0.552974 1.91827 14.7485 -10.0
 69.775 -0.664774 0.560628 1.83224 14.8019 -10.0
 69.77 -0.663793 0.569043 1.74161 14.8585 -10.0
 69.765 -0.663456 0.576063 1.6645 14.9171 -10.0
 69.76 -0.661693 0.584699 1.57384 14.9868 -10.0
 69.755 -0.657885 0.593647 1.48607 15.0549 -10.0
 69.75 -0.652022 0.603632 1.39318 15.1338 -10.0
 69.745 -0.647491 0.613881 1.29319 15.2403 -10.0
 69.74 -0.64257 0.626605 1.16684 15.3957 -10.0
 69.735 -0.636039 0.641486 1.02151 15.597 -10.0
 69.73 -0.628604 0.655882 0.884396 15.8095 -10.0
 69.725 -0.621889 0.670104 0.746972 16.041 -10.0
 69.72 -0.616905 0.683961 0.608217 16.2838 -10.0
 69.715 -0.613549 0.697642 0.466352 16.5322 -10.0
 69.71 -0.610113 0.710959 0.32878 16.7748 -10.0
 69.705 -0.60421 0.725717 0.182858 17.045 -10.0
 69.7 -0.597984 0.73996 0.0436771 17.3059 -10.0
 69.695 -0.591732 0.755173 -0.106222 17.5789 -10.0
 69.69 -0.587649 0.768198 -0.238516 17.7986 -10.0
 69.685 -0.583378 0.782038 -0.379306 18.0183 -10.0
 69.68 -0.580937 0.795536 -0.52199 18.2026 -10.0
 69.675 -0.578626 0.809858 -0.674246 18.3705 -10.0
 69.67 -0.576765 0.825648 -0.844254 18.5136 -10.0
 69.665 -0.576497 0.842575 -1.03188 18.5981 -10.0
 69.66 -0.572171 0.858005 -1.1902 18.6869 -10.0
 69.655 -0.568875 0.87667 -1.38775 18.7134 -10.0
 69.65 -0.566634 0.894191 -1.57585 18.6649 -10.0
 69.645 -0.565111 0.913722 -1.78856 18.5184 -10.0
 69.64 -0.563195 0.934606 -2.01512 18.2794 -10.0
 69.635 -0.562106 0.956393 -2.2543 17.9084 -10.0
 69.63 -0.562901 0.978734 -2.50552 17.3639 -10.0
 69.625 -0.563003 1.00005 -2.74321 16.7584 -10.0
 69.62 -0.567575 1.02024 -2.98228 15.937 -10.0
 69.615 -0.573603 1.04293 -3.25362 14.8589 -10.0
 172.675 -0.791154 0.981721 -3.25007 10.0471 -10.0
 172.68 -0.794429 0.95436 -2.95563 11.0299 -10.0
 172.685 -0.798609 0.929567 -2.69261 11.8352 -10.0
 172.69 -0.800746 0.907887 -2.45788 12.5246 -10.0
 172.695 -0.802214 0.887725 -2.23797 13.1257 -10.0
 172.7 -0.803781 0.867535 -2.01805 13.6681 -10.0
 172.705 -0.807308 0.847712 -1.80834 14.098 -10.0
 172.71 -0.809596 0.82865 -1.60323 14.4818 -10.0
 172.715 -0.813525 0.809447 -1.40166 14.7834 -10.0
 172.72 -0.819215 0.792887 -1.23501 14.9654 -10.0
 172.725 -0.823929 0.778957 -1.0946 15.0986 -10.0
 172.73 -0.823956 0.768143 -0.974286 15.2434 -10.0
 172.735 -0.823336 0.757014 -0.848446 15.383 -10.0
 172.74 -0.823178 0.745615 -0.721033 15.5001 -10.0
 172.745 -0.822084 0.73569 -0.607113 15.5983 -10.0
 172.75 -0.821129 0.72601 -0.496364 15.6783 -10.0
 172.755 -0.81874 0.717814 -0.397662 15.7507 -10.0
 172.76 -0.818043 0.708022 -0.286468 15.8035 -10.0
 172.765 -0.816187 0.698488 -0.174535 15.8526 -10.0
 172.77 -0.813794 0.688032 -0.050657 15.8944 -10.0
 172.775 -0.809072 0.674746 0.111984 15.9348 -10.0
 172.78 -0.804555 0.662808 0.258989 15.9504 -10.0
 172.785 -0.800724 0.650215 0.411128 15.9451 -10.0
 172.79 -0.797924 0.638301 0.552504 15.9258 -10.0
 172.795 -0.794488 0.625707 0.703443 15.8956 -10.0
 172.8 -0.790399 0.612963 0.858077 15.8557 -10.0
 172.805 -0.788168 0.604781 0.956125 15.8278 -10.0
 172.81 -0.783288 0.596265 1.06615 15.788 -10.0
 172.815 -0.776495 0.587139 1.18893 15.7335 -10.0
 172.82 -0.768722 0.579236 1.30114 15.6711 -10.0
 172.825 -0.757884 0.571706 1.41875 15.5844 -10.0
 172.83 -0.746449 0.56678 1.50924 15.4926 -10.0
 172.835 -0.731633 0.561725 1.61169 15.3666 -10.0
 172.84 -0.716988 0.555447 1.72723 15.2257 -10.0
 172.845 -0.704017 0.549684 1.83181 15.0919 -10.0
 172.85 -0.68962 0.540878 1.97473 14.9274 -10.0
 25.79 -0.830878 0.499711 1.99289 16.2826 -10.0
 25.785 -0.830453 0.50388 1.9478 16.2491 -10.0
 25.78 -0.829558 0.508529 1.89883 16.2105 -10.0
 25.775 -0.829215 0.516336 1.81298 16.1596 -10.0
 25.77 -0.827653 0.523099 1.74254 16.111 -10.0
 25.765 -0.824761 0.531066 1.66285 16.0531 -10.0
 25.76 -0.822882 0.53893 1.58114 16.0096 -10.0
 25.755 -0.820764 0.547031 1.49754 15.9705 -10.0
 25.75 -0.820429 0.554555 1.41482 15.9494 -10.0
 25.745 -0.821954 0.561767 1.32977 15.9425 -10.0
 25.74 -0.821657 0.568855 1.25178 15.9293 -10.0
 25.735 -0.822456 0.576534 1.16379 15.9228 -10.0
 25.73 -0.823605 0.584127 1.07566 15.9196 -10.0
 25.725 -0.823797 0.592087 0.986431 15.9143 -10.0
 25.72 -0.821247 0.600315 0.902768 15.905 -10.0
 25.715 -0.820952 0.609276 0.803913 15.904 -10.0
 25.71 -0.820284 0.618666 0.701451 15.9043 -10.0
 25.705 -0.820858 0.628906 0.585652 15.9057 -10.0
 25.7 -0.824133 0.637534 0.479374 15.9017 -10.0
 25.695 -0.825905 0.64826 0.354436 15.892 -10.0
 25.69 -0.828044 0.657784 0.241723 15.8749 -10.0
 25.685 -0.82933 0.668168 0.122105 15.8513 -10.0
 25.68 -0.830285 0.67715 0.0191221 15.8244 -10.0
 25.675 -0.831236 0.686252 -0.0851936 15.7896 -10.0
 25.67 -0.833389 0.695626 -0.19627 15.7361 -10.0
 25.665 -0.835906 0.705494 -0.313977 15.6644 -10.0
 25.66 -0.837063 0.716441 -0.439472 15.5831 -10.0
 25.655 -0.837595 0.727829 -0.567925 15.4889 -10.0
 25.65 -0.834987 0.740759 -0.703764 15.4007 -10.0
 25.645 -0.834073 0.755261 -0.862385 15.2563 -10.0
 25.64 -0.834898 0.771466 -1.04538 15.0349 -10.0
 25.635 -0.834225 0.786894 -1.21506 14.8099 -10.0
 25.63 -0.831128 0.804629 -1.40288 14.5502 -10.0
 25.625 -0.830245 0.824257 -1.61866 14.1657 -10.0
 25.62 -0.829884 0.843208 -1.82853 13.7293 -10.0
 25.615 -0.832424 0.862381 -2.04993 13.1706 -10.0
 25.61 -0.835911 0.885742 -2.3209 12.4081 -10.0
 25.605 -0.835129 0.911613 -2.60651 11.5889 -10.0
 25.6 -0.835975 0.936509 -2.88634 10.7073 -10.0
 25.595 -0.838309 0.962799 -3.15915 9.70879 -10.0
 25.59 -0.838765 0.99091 -3.44024 8.67056 -10.0
 103.06 -0.664568 1.01937 -3.27476 12.4276 -10.0
 103.065 -0.665745 0.987285 -2.92122 13.6984 -10.0
 103.07 -0.668011 0.959128 -2.61478 14.6391 -10.0
 103.075 -0.671499 0.934498 -2.35141 15.3033 -10.0
 103.08 -0.674264 0.912997 -2.12063 15.803 -10.0
 103.085 -0.677761 0.888993 -1.86427 16.2485 -10.0
 103.09 -0.681426 0.86694 -1.63015 16.5531 -10.0
 103.095 -0.686656 0.846643 -1.42046 16.719 -10.0
 103.1 -0.691837 0.830435 -1.25614 16.7878 -10.0
 103.105 -0.696509 0.814658 -1.09504 16.8275 -10.0
 103.11 -0.703421 0.801732 -0.972651 16.7895 -10.0
 103.115 -0.710572 0.790448 -0.8693 16.731 -10.0
 103.12 -0.718504 0.779769 -0.775122 16.6554 -10.0
 103.125 -0.725436 0.767253 -0.657363 16.5932 -10.0
 103.13 -0.73302 0.756092 -0.556732 16.5173 -10.0
 103.135 -0.740815 0.747125 -0.481185 16.4386 -10.0
 103.14 -0.747714 0.738139 -0.402636 16.371 -10.0
 103.145 -0.752701 0.729025 -0.316698 16.3218 -10.0
 103.15 -0.75458 0.72062 -0.22897 16.2967 -10.0
 103.155 -0.757003 0.710224 -0.12077 16.259 -10.0
 103.16 -0.758654 0.698674 0.00268412 16.2166 -10.0
 103.165 -0.759339 0.688259 0.116513 16.1755 -10.0
 103.17 -0.75998 0.678759 0.220283 16.1326 -10.0
 103.175 -0.759609 0.668502 0.335649 16.084 -10.0
 103.18 -0.758111 0.658707 0.449379 16.0338 -10.0
 103.185 -0.755037 0.652971 0.522812 16.0024 -10.0
 103.19 -0.750335 0.647205 0.60167 15.9657 -10.0
 103.195 -0.74577 0.638339 0.714604 15.9009 -10.0
 103.2 -0.743022 0.628306 0.834874 15.8241 -10.0
 103.205 -0.740976 0.621884 0.912755 15.7723 -10.0
 103.21 -0.738205 0.615539 0.992044 15.7172 -10.0
 103.215 -0.73432 0.609481 1.0716 15.6579 -10.0
 103.22 -0.727856 0.601848 1.17673 15.5718 -10.0
 103.225 -0.721816 0.593338 1.2903 15.4767 -10.0
 103.23 -0.715099 0.583296 1.42303 15.3636 -10.0
 103.235 -0.706375 0.576187 1.52938 15.2537 -10.0
 103.24 -0.694825 0.568696 1.64878 15.1145 -10.0
 103.245 -0.684471 0.563925 1.73416 14.9972 -10.0
 103.25 -0.674077 0.560169 1.80837 14.8819 -10.0
 103.255 -0.664658 0.556967 1.87337 14.7755 -10.0
 103.26 -0.654377 0.551906 1.96177 14.6459 -10.0
 104.685 -0.339503 0.642637 1.93276 13.8768 -10.0
 104.69 -0.347049 0.65501 1.77148 14.3087 -10.0
 104.695 -0.357496 0.666909 1.60645 14.7474 -10.0
 104.7 -0.366902 0.67874 1.44541 15.1823 -10.0
 104.705 -0.377031 0.688904 1.30068 15.5641 -10.0
 104.71 -0.387814 0.696683 1.18047 15.8647 -10.0
 104.715 -0.395022 0.701978 1.09905 16.0658 -10.0
 104.72 -0.404175 0.707541 1.00859 16.2789 -10.0
 104.725 -0.409728 0.714223 0.916877 16.5129 -10.0
 104.73 -0.414973 0.720627 0.829236 16.7329 -10.0
 104.735 -0.418624 0.727372 0.742755 16.9558 -10.0
 104.74 -0.421938 0.732572 0.674538 17.1257 -10.0
 104.745 -0.424346 0.736773 0.62026 17.2602 -10.0
 104.75 -0.427235 0.739416 0.581831 17.3458 -10.0
 104.755 -0.428994 0.740695 0.562107 17.3872 -10.0
 104.76 -0.432027 0.743329 0.523328 17.4706 -10.0
 104.765 -0.434426 0.743792 0.510689 17.4871 -10.0
 104.77 -0.436273 0.744835 0.493328 17.5201 -10.0
 104.775 -0.438173 0.744647 0.489496 17.5164 -10.0
 104.78 -0.439695 0.743976 0.492225 17.4981 -10.0
 104.785 -0.440242 0.741063 0.522958 17.4123 -10.0
 104.79 -0.440972 0.739758 0.535215 17.3744 -10.0
 104.795 -0.43966 0.738496 0.553346 17.3351 -10.0
 104.8 -0.439997 0.735482 0.585861 17.2452 -10.0
 104.805 -0.44127 0.733461 0.6044 17.1866 -10.0
 104.81 -0.440086 0.73233 0.620673 17.1506 -10.0
 104.815 -0.439442 0.731099 0.636388 17.1122 -10.0
 104.82 -0.437195 0.728527 0.672026 17.0299 -10.0
 104.825 -0.435244 0.72446 0.723387 16.9013 -10.0
 104.83 -0.43346 0.720577 0.77218 16.7774 -10.0
 104.835 -0.428361 0.715063 0.849463 16.5923 -10.0
 104.84 -0.423025 0.7093 0.930263 16.395 -10.0
 104.845 -0.417919 0.700745 1.04142 16.1059 -10.0
 104.85 -0.411398 0.692798 1.15022 15.8271 -10.0
 104.855 -0.401441 0.681387 1.3083 15.4188 -10.0
 104.86 -0.391988 0.671781 1.44472 15.067 -10.0
 104.865 -0.383697 0.661353 1.58666 14.694 -10.0
 104.87 -0.375432 0.646898 1.77336 14.1999 -10.0
 104.875 -0.367404 0.632978 1.95336 13.737 -10.0
 107.555 -0.425 0.619321 1.92594 13.7359 -10.0
 107.56 -0.426654 0.624719 1.86069 13.887 -10.0
 107.565 -0.430345 0.628606 1.80591 14.0146 -10.0
 107.57 -0.435938 0.632495 1.74518 14.1558 -10.0
 107.575 -0.44273 0.635752 1.68775 14.2882 -10.0
 107.58 -0.450702 0.639287 1.62355 14.4354 -10.0
 107.585 -0.460995 0.64487 1.52931 14.6516 -10.0
 107.59 -0.469422 0.650002 1.44591 14.8423 -10.0
 107.595 -0.477389 0.650418 1.41645 14.9016 -10.0
 107.6 -0.48498 0.650145 1.39584 14.9402 -10.0
 107.605 -0.492038 0.650194 1.37329 14.984 -10.0
 107.61 -0.500103 0.647831 1.37447 14.9724 -10.0
 107.615 -0.508406 0.645242 1.37742 14.9588 -10.0
 107.62 -0.517729 0.64155 1.38948 14.9277 -10.0
 107.625 -0.526155 0.636616 1.41816 14.8663 -10.0
 107.63 -0.533819 0.629072 1.47827 14.7484 -10.0
 107.635 -0.540296 0.620711 1.55118 14.616 -10.0
 107.64 -0.544978 0.613321 1.61887 14.5015 -10.0
 107.645 -0.549671 0.605051 1.69633 14.3804 -10.0
 107.65 -0.553786 0.596138 1.78273 14.2556 -10.0
 107.655 -0.557732 0.586965 1.87257 14.139 -10.0
 107.66 -0.560478 0.578453 1.95879 14.0361 -10.0
 192.01 -0.599901 0.566394 1.97021 14.2523 -10.0
 192.005 -0.598599 0.569942 1.93477 14.2796 -10.0
 192.0 -0.596694 0.573036 1.90625 14.2982 -10.0
 191.995 -0.594539 0.576633 1.87292 14.3227 -10.0
 191.99 -0.590478 0.58061 1.84129 14.3378 -10.0
 191.985 -0.586798 0.584685 1.80739 14.3611 -10.0
 191.98 -0.583716 0.589705 1.76109 14.4071 -10.0
 191.975 -0.58158 0.59619 1.69555 14.4888 -10.0
 191.97 -0.582229 0.604647 1.59937 14.6322 -10.0
 191.965 -0.581944 0.614381 1.49187 14.7991 -10.0
 191.96 -0.582172 0.62249 1.40088 14.949 -10.0
 191.955 -0.582069 0.629871 1.31902 15.0885 -10.0
 191.95 -0.580851 0.636117 1.25327 15.2031 -10.0
 191.945 -0.581039 0.63944 1.21569 15.2706 -10.0
 191.94 -0.580339 0.642244 1.18665 15.3231 -10.0
 191.935 -0.579708 0.643076 1.17935 15.3364 -10.0
 191.93 -0.580411 0.6455 1.15016 15.3898 -10.0
 191.925 -0.583132 0.647728 1.11688 15.4499 -10.0
 191.92 -0.586699 0.648294 1.09946 15.48 -10.0
 191.915 -0.592355 0.648188 1.08301 15.5068 -10.0
 191.91 -0.597888 0.647833 1.06973 15.5276 -10.0
 191.905 -0.602649 0.643634 1.10164 15.4714 -10.0
 191.9 -0.607154 0.639434 1.13437 15.4171 -10.0
 191.895 -0.611972 0.63311 1.18977 15.3301 -10.0
 191.89 -0.615079 0.627434 1.24329 15.25 -10.0
 191.885 -0.616548 0.621609 1.30356 15.1615 -10.0
 191.88 -0.61969 0.615093 1.36632 15.0771 -10.0
 191.875 -0.622338 0.610672 1.40729 15.0268 -10.0
 191.87 -0.625333 0.603593 1.47678 14.9437 -10.0
 191.865 -0.62836 0.593632 1.57825 14.83 -10.0
 191.86 -0.630952 0.584138 1.67588 14.7324 -10.0
 191.855 -0.632946 0.574207 1.78024 14.6385 -10.0
 191.85 -0.635369 0.565638 1.8681 14.5757 -10.0
 191.845 -0.638195 0.557669 1.94802 14.5335 -10.0
 190.6 -0.564149 0.582038 1.90744 14.1215 -10.0
 190.595 -0.567445 0.601188 1.68395 14.4554 -10.0
 190.59 -0.571003 0.619477 1.46923 14.814 -10.0
 190.585 -0.57419 0.637726 1.25611 15.1952 -10.0
 190.58 -0.574323 0.657469 1.03587 15.6099 -10.0
 190.575 -0.572969 0.678496 0.805983 16.0629 -10.0
 190.57 -0.572834 0.699034 0.577723 16.5144 -10.0
 190.565 -0.574248 0.718544 0.356093 16.9333 -10.0
 190.56 -0.575739 0.735725 0.160155 17.2797 -10.0
 190.555 -0.580351 0.754863 -0.0672977 17.6191 -10.0
 190.55 -0.58234 0.776042 -0.309311 17.9426 -10.0
 190.545 -0.584573 0.798415 -0.565375 18.2036 -10.0
 190.54 -0.586827 0.822216 -0.837395 18.3769 -10.0
 190.535 -0.589998 0.846771 -1.12068 18.4153 -10.0
 190.53 -0.595422 0.873106 -1.4308 18.2552 -10.0
 190.525 -0.598571 0.90209 -1.76331 17.9174 -10.0
 190.52 -0.600122 0.929887 -2.07764 17.4266 -10.0
 190.515 -0.60352 0.958429 -2.40603 16.6719 -10.0
 190.51 -0.607818 0.987783 -2.74625 15.6565 -10.0
 190.505 -0.615904 1.02022 -3.13262 14.1778 -10.0
 86.885 -0.861835 0.983129 -3.38304 8.58569 -10.0
 86.89 -0.85545 0.962496 -3.17135 9.40401 -10.0
 86.895 -0.847057 0.94532 -2.99241 10.1666 -10.0
 86.9 -0.838582 0.929637 -2.81796 10.8941 -10.0
 86.905 -0.833062 0.914894 -2.6366 11.5238 -10.0
 86.91 -0.828688 0.899547 -2.4521 12.1322 -10.0
 86.915 -0.82456 0.885269 -2.28026 12.6762 -10.0
 86.92 -0.820139 0.870489 -2.10192 13.213 -10.0
 86.925 -0.818529 0.857368 -1.95081 13.6086 -10.0
 86.93 -0.815636 0.845998 -1.81521 13.9603 -10.0
 86.935 -0.81272 0.834552 -1.67867 14.2895 -10.0
 86.94 -0.807693 0.82597 -1.56745 14.576 -10.0
 86.945 -0.804454 0.817408 -1.46203 14.8082 -10.0
 86.95 -0.800594 0.809708 -1.36427 15.0199 -10.0
 86.955 -0.797941 0.802369 -1.27429 15.1885 -10.0
 86.96 -0.796281 0.794533 -1.18187 15.3339 -10.0
 86.965 -0.797278 0.788986 -1.12322 15.3929 -10.0
 86.97 -0.799317 0.783433 -1.06775 15.4313 -10.0
 86.975 -0.802985 0.778203 -1.02094 15.4376 -10.0
 86.98 -0.805038 0.771591 -0.953721 15.4833 -10.0
 86.985 -0.805724 0.762909 -0.859199 15.5653 -10.0
 86.99 -0.806902 0.757656 -0.80438 15.5997 -10.0
 86.995 -0.807391 0.752392 -0.747296 15.6403 -10.0
 87.0 -0.806079 0.747369 -0.687277 15.6978 -10.0
 87.005 -0.805957 0.740371 -0.608978 15.7498 -10.0
 87.01 -0.80368 0.735036 -0.542483 15.8088 -10.0
 87.015 -0.800661 0.728302 -0.458097 15.8755 -10.0
 87.02 -0.797389 0.717918 -0.332285 15.9459 -10.0
 87.025 -0.793746 0.709512 -0.227344 15.9958 -10.0
 87.03 -0.79217 0.697899 -0.0931246 16.019 -10.0
 87.035 -0.789639 0.687381 0.0318613 16.0316 -10.0
 87.04 -0.786236 0.676751 0.160827 16.0332 -10.0
 87.045 -0.781661 0.66465 0.309818 16.0184 -10.0
 87.05 -0.776266 0.653325 0.452726 15.9888 -10.0
 87.055 -0.770345 0.642119 0.595946 15.9429 -10.0
 87.06 -0.76672 0.633696 0.701017 15.8992 -10.0
 87.065 -0.764003 0.62263 0.832695 15.8374 -10.0
 87.07 -0.762698 0.611034 0.965872 15.7741 -10.0
 87.075 -0.758907 0.597533 1.12801 15.6931 -10.0
 87.08 -0.755255 0.58366 1.29386 15.6125 -10.0
 87.085 -0.752136 0.570177 1.45369 15.5425 -10.0
 87.09 -0.750621 0.559192 1.58072 15.5 -10.0
 87.095 -0.750418 0.547903 1.70705 15.477 -10.0
 87.1 -0.750268 0.535453 1.84614 15.4676 -10.0
 87.105 -0.751265 0.523594 1.97507 15.4851 -10.0
 21.905 -0.277141 0.660036 1.93337 14.1881 -10.0
 21.9 -0.270512 0.684411 1.68264 15.0464 -10.0
 21.895 -0.262408 0.708655 1.43795 15.9389 -10.0
 21.89 -0.253325 0.728079 1.24999 16.6673 -10.0
 21.885 -0.245469 0.748136 1.05115 17.426 -10.0
 21.88 -0.237307 0.769418 0.839636 18.2226 -10.0
 21.875 -0.230359 0.788983 0.643443 18.9364 -10.0
 21.87 -0.224754 0.807821 0.451173 19.597 -10.0
 21.865 -0.219345 0.825842 0.267373 20.1993 -10.0
 21.86 -0.214144 0.841505 0.109187 20.6971 -10.0
 21.855 -0.209019 0.860342 -0.0845721 21.2564 -10.0
 21.85 -0.205037 0.876669 -0.253947 21.7049 -10.0
 21.845 -0.200816 0.89484 -0.443118 22.1636 -10.0
 21.84 -0.197755 0.915837 -0.667362 22.6316 -10.0
 21.835 -0.19538 0.93518 -0.875321 23.0077 -10.0
 21.83 -0.192983 0.954293 -1.08066 23.3304 -10.0
 21.825 -0.190666 0.971342 -1.26327 23.5794 -10.0
 21.82 -0.188873 0.986743 -1.42916 23.7706 -10.0
 21.815 -0.189429 0.99966 -1.57471 23.8916 -10.0
 21.81 -0.190813 1.01151 -1.71095 23.975 -10.0
 21.805 -0.190742 1.02465 -1.85701 24.0597 -10.0
 21.8 -0.191212 1.0409 -2.03941 24.1285 -10.0
 21.795 -0.193743 1.05864 -2.24484 24.1415 -10.0
 21.79 -0.197294 1.07809 -2.47247 24.0935 -10.0
 21.785 -0.201754 1.09873 -2.71612 23.9692 -10.0
 21.78 -0.20874 1.11934 -2.96744 23.731 -10.0
 21.775 -0.216655 1.14153 -3.23916 23.3712 -10.0
 57.355 -0.742783 1.0104 -3.4187 10.1961 -6.89615
 57.36 -0.740085 0.991338 -3.198 11.087 -10.0
 57.365 -0.737427 0.974055 -2.99729 11.8738 -10.0
 57.37 -0.735989 0.957385 -2.8072 12.5643 -10.0
 57.375 -0.735404 0.941614 -2.62978 13.1578 -10.0
 57.38 -0.736373 0.928003 -2.48126 13.5955 -10.0
 57.385 -0.737917 0.916374 -2.35658 13.9262 -10.0
 57.39 -0.73765 0.905333 -2.23283 14.2675 -10.0
 57.395 -0.737704 0.897151 -2.1419 14.4991 -10.0
 57.4 -0.73605 0.887481 -2.02908 14.8007 -10.0
 57.405 -0.735416 0.876408 -1.90381 15.089 -10.0
 57.41 -0.737017 0.866649 -1.80014 15.2704 -10.0
 57.415 -0.736454 0.85904 -1.71366 15.4425 -10.0
 57.42 -0.734413 0.848885 -1.59423 15.6807 -10.0
 57.425 -0.733334 0.83733 -1.46223 15.8952 -10.0
 57.43 -0.736652 0.824625 -1.3311 16.0105 -10.0
 57.435 -0.73845 0.811137 -1.18653 16.1388 -10.0
 57.44 -0.740753 0.796609 -1.03194 16.2383 -10.0
 57.445 -0.742995 0.781256 -0.868001 16.3125 -10.0
 57.45 -0.748227 0.767668 -0.733006 16.3092 -10.0
 57.455 -0.752806 0.75419 -0.597211 16.2992 -10.0
 57.46 -0.759484 0.740584 -0.466533 16.255 -10.0
 57.465 -0.765575 0.729364 -0.360587 16.2091 -10.0
 57.47 -0.770522 0.719136 -0.262124 16.1711 -10.0
 57.475 -0.775436 0.706634 -0.138241 16.131 -10.0
 57.48 -0.779542 0.696525 -0.0384839 16.096 -10.0
 57.485 -0.788845 0.684344 0.0681581 16.0329 -10.0
 57.49 -0.796459 0.672526 0.176012 15.9872 -10.0
 57.495 -0.801723 0.662783 0.268087 15.9591 -10.0
 57.5 -0.806647 0.652885 0.362951 15.9367 -10.0
 57.505 -0.811847 0.645148 0.432891 15.9207 -10.0
 57.51 -0.817117 0.637418 0.502529 15.91 -10.0
 57.515 -0.822827 0.628781 0.580906 15.9049 -10.0
 57.52 -0.827192 0.622542 0.636763 15.9056 -10.0
 57.525 -0.830625 0.614588 0.714635 15.9115 -10.0
 57.53 -0.837847 0.60565 0.791642 15.9278 -10.0
 57.535 -0.845936 0.594182 0.894123 15.9615 -10.0
 57.54 -0.85392 0.583228 0.991199 16.0092 -10.0
 57.545 -0.862874 0.57346 1.07206 16.0699 -10.0
 57.55 -0.870081 0.562956 1.16656 16.1424 -10.0
 57.555 -0.875937 0.554584 1.24152 16.2104 -10.0
 57.56 -0.882049 0.546775 1.30942 16.2846 -10.0
 57.565 -0.887343 0.53778 1.39308 16.372 -10.0
 57.57 -0.893036 0.529481 1.46773 16.4649 -10.0
 57.575 -0.899595 0.522937 1.52016 16.5547 -10.0
 57.58 -0.9055 0.51847 1.5515 16.6269 -10.0
 57.585 -0.909472 0.514917 1.57867 16.6827 -10.0
 57.59 -0.910509 0.511329 1.61539 16.7248 -10.0
 57.595 -0.91056 0.505552 1.67955 16.7858 -10.0
 57.6 -0.910844 0.501176 1.72739 16.8347 -10.0
 57.605 -0.910882 0.496673 1.77741 16.8849 -10.0
 57.61 -0.912398 0.493044 1.81309 16.9355 -10.0
 57.615 -0.913776 0.490373 1.83853 16.9753 -10.0
 57.62 -0.91856 0.486834 1.86303 17.048 -10.0
 57.625 -0.923771 0.485906 1.85712 17.0923 -10.0
 57.63 -0.929655 0.48374 1.8629 17.1563 -10.0
 57.635 -0.936072 0.48147 1.86818 17.2254 -10.0
 57.64 -0.94202 0.479387 1.87284 17.2895 -10.0
 57.645 -0.945909 0.478284 1.873 17.328 -10.0
 57.65 -0.948697 0.477136 1.8771 17.3606 -10.0
 57.655 -0.950257 0.476286 1.8817 17.3818 -10.0
 57.66 -0.952356 0.476862 1.86874 17.3861 -10.0
 57.665 -0.952377 0.478709 1.84812 17.3602 -10.0
 57.67 -0.95246 0.478993 1.8447 17.3567 -10.0
 57.675 -0.950339 0.478942 1.85187 17.3451 -10.0
 57.68 -0.946664 0.479253 1.85986 17.3191 -10.0
 57.685 -0.945539 0.48111 1.84269 17.287 -10.0
 57.69 -0.944708 0.483465 1.81905 17.2502 -10.0
 57.695 -0.944089 0.484523 1.80921 17.2324 -10.0
 57.7 -0.943421 0.485469 1.80075 17.2159 -10.0
 57.705 -0.943246 0.485472 1.80127 17.2148 -10.0
 57.71 -0.94302 0.488453 1.76878 17.1741 -10.0
 57.715 -0.942943 0.49241 1.72496 17.122 -10.0
 57.72 -0.943254 0.495842 1.68579 17.0795 -10.0
 57.725 -0.944397 0.497058 1.66869 17.07 -10.0
 57.73 -0.943386 0.498805 1.65238 17.0425 -10.0
 57.735 -0.942073 0.498723 1.65738 17.0368 -10.0
 57.74 -0.940237 0.499186 1.65796 17.0215 -10.0
 57.745 -0.940826 0.502338 1.62103 16.9854 -10.0
 57.75 -0.939873 0.507639 1.56498 16.9161 -10.0
 57.755 -0.94012 0.514454 1.48832 16.8362 -10.0
 57.76 -0.938564 0.520823 1.42226 16.756 -10.0
 57.765 -0.937374 0.527311 1.35373 16.6786 -10.0
 57.77 -0.938447 0.531965 1.29857 16.6315 -10.0
 57.775 -0.941767 0.537078 1.23129 16.5867 -10.0
 57.78 -0.942059 0.542769 1.16702 16.5259 -10.0
 57.785 -0.94281 0.547249 1.1148 16.4799 -10.0
 57.79 -0.942709 0.551908 1.06323 16.4303 -10.0
 57.795 -0.942472 0.555849 1.0201 16.3885 -10.0
 57.8 -0.944592 0.557407 0.99614 16.376 -10.0
 57.805 -0.946545 0.560146 0.959562 16.3503 -10.0
 57.81 -0.949627 0.560581 0.945108 16.3501 -10.0
 57.815 -0.950092 0.56058 0.943673 16.3508 -10.0
 57.82 -0.951772 0.560945 0.934381 16.3491 -10.0
 57.825 -0.951735 0.560807 0.936024 16.3506 -10.0
 57.83 -0.950917 0.557975 0.970111 16.3803 -10.0
 57.835 -0.948104 0.555993 1.00095 16.3972 -10.0
 57.84 -0.947404 0.554795 1.01647 16.4089 -10.0
 57.845 -0.945045 0.555627 1.01455 16.3956 -10.0
 57.85 -0.943219 0.556395 1.01169 16.3842 -10.0
 57.855 -0.940344 0.556422 1.02035 16.3785 -10.0
 57.86 -0.936698 0.55472 1.05066 16.3885 -10.0
 57.865 -0.931756 0.553 1.08522 16.3946 -10.0
 57.87 -0.927729 0.550249 1.12839 16.4112 -10.0
 57.875 -0.923614 0.548511 1.16056 16.4164 -10.0
 57.88 -0.919375 0.543984 1.22418 16.4457 -10.0
 57.885 -0.914864 0.537601 1.3093 16.4888 -10.0
 57.89 -0.910344 0.528956 1.41964 16.5506 -10.0
 57.895 -0.905909 0.520849 1.52373 16.6062 -10.0
 57.9 -0.899671 0.512529 1.6358 16.6528 -10.0
 57.905 -0.894553 0.503163 1.75604 16.7145 -10.0
 57.91 -0.891321 0.494482 1.86276 16.7823 -10.0
 57.915 -0.888491 0.48948 1.92727 16.8157 -10.0
 57.92 -0.88523 0.486919 1.96595 16.8199 -10.0
 57.925 -0.880355 0.486363 1.98733 16.79 -10.0
 58.08 -0.696747 0.540891 1.95237 14.9947 -10.0
 58.085 -0.692531 0.545037 1.91935 14.9698 -10.0
 58.09 -0.68685 0.546136 1.92481 14.9215 -10.0
 58.095 -0.681029 0.547267 1.93035 14.8721 -10.0
 58.1 -0.673296 0.546205 1.96628 14.7941 -10.0
 58.105 -0.668339 0.546246 1.98128 14.7469 -10.0
 58.11 -0.665607 0.548926 1.95994 14.735 -10.0
 58.115 -0.65972 0.548081 1.9877 14.6739 -10.0
 58.39 -0.571356 0.574151 1.97279 14.0775 -10.0
 58.395 -0.574886 0.575571 1.94598 14.129 -10.0
 58.4 -0.57936 0.578958 1.89432 14.2155 -10.0
 58.405 -0.580506 0.581912 1.85786 14.2665 -10.0
 58.41 -0.583977 0.586968 1.79075 14.3691 -10.0
 58.415 -0.585005 0.592449 1.72653 14.4593 -10.0
 58.42 -0.585286 0.596228 1.68358 14.52 -10.0
 58.425 -0.585004 0.599518 1.64782 14.5699 -10.0
 58.43 -0.582679 0.601634 1.63151 14.5857 -10.0
 58.435 -0.57724 0.602567 1.63807 14.5578 -10.0
 58.44 -0.570889 0.606877 1.60988 14.5819 -10.0
 58.445 -0.564057 0.611402 1.58078 14.611 -10.0
 58.45 -0.559357 0.614623 1.55957 14.636 -10.0
 58.455 -0.555867 0.616914 1.54493 14.6543 -10.0
 58.46 -0.55244 0.619005 1.53233 14.6703 -10.0
 58.465 -0.549265 0.620112 1.5299 14.6693 -10.0
 58.47 -0.543518 0.623189 1.51355 14.6909 -10.0
 58.475 -0.537998 0.628445 1.47222 14.7637 -10.0
 58.48 -0.534884 0.631752 1.44511 14.8148 -10.0
 58.485 -0.530255 0.634643 1.42735 14.8484 -10.0
 58.49 -0.528177 0.639951 1.37472 14.9566 -10.0
 58.495 -0.526497 0.644419 1.33021 15.0508 -10.0
 58.5 -0.525129 0.646748 1.30854 15.0979 -10.0
 58.505 -0.523921 0.647305 1.30611 15.1039 -10.0
 58.51 -0.523967 0.645645 1.32444 15.0645 -10.0
 58.515 -0.522048 0.644847 1.33931 15.0336 -10.0
 58.52 -0.520143 0.64531 1.34009 15.033 -10.0
 58.525 -0.517421 0.645076 1.35118 15.0106 -10.0
 58.53 -0.514997 0.641676 1.39658 14.9133 -10.0
 58.535 -0.513585 0.639829 1.42156 14.8598 -10.0
 58.54 -0.510163 0.638558 1.44637 14.807 -10.0
 58.545 -0.50778 0.638527 1.45414 14.7906 -10.0
 58.55 -0.506797 0.640292 1.43755 14.827 -10.0
 58.555 -0.504961 0.644247 1.39923 14.9126 -10.0
 58.56 -0.504571 0.648268 1.35568 15.0106 -10.0
 58.565 -0.50596 0.652186 1.30773 15.1178 -10.0
 58.57 -0.507477 0.6538 1.28503 15.1676 -10.0
 58.575 -0.51114 0.657469 1.23276 15.2814 -10.0
 58.58 -0.516403 0.661306 1.17365 15.4072 -10.0
 58.585 -0.521394 0.664781 1.1194 15.5206 -10.0
 58.59 -0.529031 0.66579 1.08437 15.5836 -10.0
 58.595 -0.536896 0.668997 1.02415 15.6995 -10.0
 58.6 -0.544571 0.672528 0.960925 15.8186 -10.0
 58.605 -0.550999 0.676624 0.895282 15.942 -10.0
 58.61 -0.556341 0.684631 0.789487 16.1487 -10.0
 58.615 -0.56228 0.692305 0.685535 16.3424 -10.0
 58.62 -0.567629 0.69934 0.590541 16.5123 -10.0
 58.625 -0.572942 0.70402 0.521877 16.623 -10.0
 58.63 -0.576999 0.708853 0.455427 16.7305 -10.0
 58.635 -0.578281 0.712249 0.413611 16.8025 -10.0
 58.64 -0.579886 0.715494 0.372481 16.8701 -10.0
 58.645 -0.580902 0.720114 0.317874 16.964 -10.0
 58.65 -0.586096 0.723393 0.265183 17.0257 -10.0
 58.655 -0.59238 0.726302 0.213213 17.0742 -10.0
 58.66 -0.598384 0.729605 0.157733 17.1246 -10.0
 58.665 -0.602404 0.731627 0.122691 17.1517 -10.0
 58.67 -0.605334 0.733405 0.0937588 17.1749 -10.0
 58.675 -0.607719 0.735326 0.0649405 17.2004 -10.0
 58.68 -0.608309 0.739425 0.0174615 17.2649 -10.0
 58.685 -0.608766 0.74171 -0.00940061 17.2994 -10.0
 58.69 -0.610481 0.74103 -0.00718164 17.2827 -10.0
 58.695 -0.612791 0.739887 -0.00164938 17.2568 -10.0
 58.7 -0.615636 0.738542 0.00445938 17.2261 -10.0
 58.705 -0.61736 0.737303 0.0128868 17.2012 -10.0
 58.71 -0.618294 0.735615 0.0287623 17.1723 -10.0
 58.715 -0.618839 0.731851 0.0689766 17.1124 -10.0
 58.72 -0.619496 0.72699 0.121056 17.0339 -10.0
 58.725 -0.619405 0.723245 0.163034 16.9737 -10.0
 58.73 -0.621034 0.720056 0.193464 16.9185 -10.0
 58.735 -0.622486 0.718201 0.209598 16.8855 -10.0
 58.74 -0.620283 0.712833 0.276225 16.7992 -10.0
 58.745 -0.61849 0.709757 0.316063 16.7481 -10.0
 58.75 -0.61912 0.706446 0.350963 16.6902 -10.0
 58.755 -0.618624 0.702574 0.395619 16.6224 -10.0
 58.76 -0.617072 0.698724 0.443328 16.5534 -10.0
 58.765 -0.617706 0.693994 0.494015 16.4683 -10.0
 58.77 -0.619533 0.688588 0.548509 16.3722 -10.0
 58.775 -0.621061 0.681236 0.625608 16.2411 -10.0
 58.78 -0.624319 0.674191 0.69389 16.1207 -10.0
 58.785 -0.626603 0.667457 0.761754 16.0065 -10.0
 58.79 -0.626875 0.659342 0.851256 15.8639 -10.0
 58.795 -0.624944 0.651295 0.94687 15.715 -10.0
 58.8 -0.624477 0.641442 1.05803 15.5416 -10.0
 58.805 -0.623341 0.630457 1.18388 15.3493 -10.0
 58.81 -0.621624 0.621944 1.28402 15.1991 -10.0
 58.815 -0.618285 0.614602 1.37616 15.0598 -10.0
 58.82 -0.611745 0.606631 1.48529 14.889 -10.0
 58.825 -0.605695 0.599659 1.58178 14.7368 -10.0
 58.83 -0.600734 0.594632 1.6532 14.6224 -10.0
 58.835 -0.595469 0.589744 1.72404 14.5077 -10.0
 58.84 -0.592179 0.585037 1.7867 14.413 -10.0
 58.845 -0.587965 0.577975 1.87845 14.2804 -10.0
 58.85 -0.586738 0.568531 1.98743 14.1518 -10.0
 62.375 -0.387511 0.628595 1.9395 13.7336 -10.0
 62.38 -0.38953 0.635047 1.86138 13.9295 -10.0
 62.385 -0.393251 0.641407 1.77896 14.1369 -10.0
 62.39 -0.396657 0.64724 1.70341 14.3297 -10.0
 62.395 -0.398551 0.651556 1.64945 14.4701 -10.0
 62.4 -0.400331 0.64976 1.6639 14.4261 -10.0
 62.405 -0.400133 0.646662 1.69902 14.3325 -10.0
 62.41 -0.40016 0.641077 1.76112 14.1685 -10.0
 62.415 -0.398556 0.632588 1.86063 13.9154 -10.0
 62.42 -0.398816 0.623421 1.96188 13.6643 -10.0
 71.615 -0.815997 0.506332 1.96554 16.115 -10.0
 71.61 -0.814231 0.515148 1.87289 16.0506 -10.0
 71.605 -0.812069 0.520987 1.81461 16.0051 -10.0
 71.6 -0.808273 0.52522 1.77931 15.958 -10.0
 71.595 -0.806079 0.531114 1.72053 15.9201 -10.0
 71.59 -0.803283 0.536247 1.67209 15.8844 -10.0
 71.585 -0.800946 0.540476 1.63228 15.8576 -10.0
 71.58 -0.795663 0.547882 1.5663 15.8087 -10.0
 71.575 -0.791031 0.554749 1.50427 15.7727 -10.0
 71.57 -0.785916 0.561958 1.43994 15.7411 -10.0
 71.565 -0.780787 0.568571 1.38229 15.7165 -10.0
 71.56 -0.777664 0.573393 1.33834 15.7065 -10.0
 71.555 -0.776406 0.579036 1.27942 15.7118 -10.0
 71.55 -0.776 0.584846 1.21601 15.7247 -10.0
 71.545 -0.775776 0.593821 1.11677 15.7509 -10.0
 71.54 -0.774254 0.603043 1.01883 15.7777 -10.0
 71.535 -0.774215 0.611881 0.920555 15.8125 -10.0
 71.53 -0.778142 0.623573 0.778138 15.8686 -10.0
 71.525 -0.781332 0.635348 0.637097 15.9175 -10.0
 71.52 -0.784761 0.648855 0.476022 15.9637 -10.0
 71.515 -0.786396 0.663028 0.313123 16.0021 -10.0
 71.51 -0.787545 0.678945 0.132325 16.0316 -10.0
 71.505 -0.78505 0.694837 -0.0368457 16.0623 -10.0
 71.5 -0.782643 0.710397 -0.202592 16.0797 -10.0
 71.495 -0.778316 0.726161 -0.364635 16.0975 -10.0
 71.49 -0.771514 0.744177 -0.544022 16.1195 -10.0
 71.485 -0.764645 0.762974 -0.731903 16.1198 -10.0
 71.48 -0.759785 0.779942 -0.905692 16.0774 -10.0
 71.475 -0.754864 0.797935 -1.09069 15.995 -10.0
 71.47 -0.75194 0.816854 -1.29222 15.8237 -10.0
 71.465 -0.749449 0.837878 -1.51855 15.5514 -10.0
 71.46 -0.748762 0.859405 -1.75609 15.1509 -10.0
 71.455 -0.746379 0.881303 -1.99247 14.6957 -10.0
 71.45 -0.745953 0.903919 -2.24295 14.0841 -10.0
 71.445 -0.744077 0.928278 -2.50832 13.3651 -10.0
 71.44 -0.742678 0.953825 -2.78841 12.4969 -10.0
 71.435 -0.741522 0.979837 -3.07443 11.5161 -10.0
 71.43 -0.740307 1.0067 -3.36979 10.43 -10.0
 114.155 -0.66322 1.0223 -3.30325 12.3492 -10.0
 114.16 -0.667002 1.00471 -3.11914 12.9596 -10.0
 114.165 -0.674211 0.988864 -2.96518 13.3475 -10.0
 114.17 -0.681933 0.972063 -2.80218 13.7298 -10.0
 114.175 -0.689035 0.955887 -2.64421 14.0812 -10.0
 114.18 -0.696096 0.937898 -2.46592 14.4632 -10.0
 114.185 -0.703505 0.918478 -2.27278 14.837 -10.0
 114.19 -0.711465 0.902744 -2.1224 15.0514 -10.0
 114.195 -0.719054 0.887592 -1.97734 15.2347 -10.0
 114.2 -0.72778 0.870299 -1.812 15.4123 -10.0
 114.205 -0.735153 0.855273 -1.66767 15.5461 -10.0
 114.21 -0.744812 0.841124 -1.54023 15.5931 -10.0
 114.215 -0.752156 0.828439 -1.42188 15.6512 -10.0
 114.22 -0.759499 0.816908 -1.31638 15.6807 -10.0
 114.225 -0.768049 0.803547 -1.19426 15.7045 -10.0
 114.23 -0.776424 0.79106 -1.08133 15.7121 -10.0
 114.235 -0.78357 0.778869 -0.967856 15.7297 -10.0
 114.24 -0.787512 0.766097 -0.837934 15.7906 -10.0
 114.245 -0.79054 0.754462 -0.717824 15.8403 -10.0
 114.25 -0.793598 0.745353 -0.625932 15.8624 -10.0
 114.255 -0.795615 0.734197 -0.508014 15.9001 -10.0
 114.26 -0.794586 0.723236 -0.382764 15.9546 -10.0
 114.265 -0.793567 0.713468 -0.270828 15.9898 -10.0
 114.27 -0.792422 0.704115 -0.163124 16.0129 -10.0
 114.275 -0.792839 0.69801 -0.0964525 16.0146 -10.0
 114.28 -0.791371 0.692409 -0.0295205 16.0244 -10.0
 114.285 -0.794354 0.685845 0.0342729 16.0062 -10.0
 114.29 -0.800953 0.677464 0.107026 15.9715 -10.0
 114.295 -0.803909 0.668752 0.19481 15.9561 -10.0
 114.3 -0.804483 0.657855 0.314355 15.9465 -10.0
 114.305 -0.80516 0.646538 0.438251 15.9326 -10.0
 114.31 -0.805343 0.637061 0.543195 15.9196 -10.0
 114.315 -0.804785 0.628328 0.642176 15.9065 -10.0
 114.32 -0.802204 0.618586 0.758683 15.8881 -10.0
 114.325 -0.799348 0.611034 0.851669 15.8695 -10.0
 114.33 -0.796802 0.604645 0.930731 15.8511 -10.0
 114.335 -0.793694 0.596747 1.02836 15.8261 -10.0
 114.34 -0.790437 0.589563 1.1185 15.7999 -10.0
 114.345 -0.789678 0.581682 1.20861 15.7827 -10.0
 114.35 -0.786828 0.574975 1.29217 15.7587 -10.0
 114.355 -0.783692 0.570368 1.35323 15.7356 -10.0
 114.36 -0.780125 0.566866 1.40334 15.7104 -10.0
 114.365 -0.775591 0.564025 1.4491 15.6789 -10.0
 114.37 -0.772947 0.563033 1.46838 15.6607 -10.0
 114.375 -0.770221 0.560761 1.50218 15.6396 -10.0
 114.38 -0.769044 0.55677 1.55027 15.6266 -10.0
 114.385 -0.766831 0.553286 1.59597 15.6073 -10.0
 114.39 -0.767015 0.548044 1.65376 15.605 -10.0
 114.395 -0.764002 0.544022 1.70793 15.5808 -10.0
 114.4 -0.759418 0.543038 1.73317 15.5444 -10.0
 114.405 -0.754428 0.543442 1.74422 15.5046 -10.0
 114.41 -0.748633 0.544788 1.7473 15.4589 -10.0
 114.415 -0.744899 0.544504 1.7621 15.428 -10.0
 114.42 -0.740249 0.543862 1.78373 15.3886 -10.0
 114.425 -0.734818 0.542834 1.8121 15.3411 -10.0
 114.43 -0.728083 0.543727 1.82314 15.2848 -10.0
 114.435 -0.722181 0.546373 1.81208 15.2399 -10.0
 114.44 -0.717939 0.546946 1.81892 15.2047 -10.0
 114.445 -0.714832 0.546213 1.83676 15.1754 -10.0
 114.45 -0.7123 0.543845 1.87102 15.1461 -10.0
 114.455 -0.709715 0.540967 1.91111 15.1151 -10.0
 114.46 -0.709884 0.539113 1.93122 15.1121 -10.0
 114.465 -0.708994 0.539099 1.93415 15.1039 -10.0
 114.47 -0.70667 0.538175 1.95169 15.0802 -10.0
 114.475 -0.70546 0.537055 1.96793 15.0663 -10.0
 114.48 -0.70371 0.536124 1.98375 15.0478 -10.0
 114.485 -0.703041 0.536554 1.98104 15.0424 -10.0
 114.49 -0.704217 0.538408 1.95674 15.0578 -10.0
 114.495 -0.703626 0.540552 1.93471 15.0579 -10.0
 114.5 -0.701048 0.539969 1.94923 15.0323 -10.0
 114.505 -0.696712 0.539469 1.96832 14.9901 -10.0
 114.885 -0.594302 0.56535 1.99928 14.1877 -10.0
 114.89 -0.594303 0.569327 1.955 14.2323 -10.0
 114.895 -0.593728 0.570364 1.94524 14.239 -10.0
 114.9 -0.59169 0.571085 1.94356 14.2285 -10.0
 114.905 -0.589118 0.570617 1.95679 14.1989 -10.0
 114.91 -0.58756 0.569805 1.97068 14.1746 -10.0
 159.245 -0.603246 0.566549 1.95806 14.2856 -10.0
 159.24 -0.605854 0.589849 1.6905 14.5965 -10.0
 159.235 -0.606714 0.614521 1.41313 14.9788 -10.0
 159.23 -0.606048 0.640091 1.1305 15.4232 -10.0
 159.225 -0.601683 0.666326 0.852002 15.9063 -10.0
 159.22 -0.597693 0.693197 0.565253 16.4311 -10.0
 159.215 -0.595849 0.723296 0.235873 17.0136 -10.0
 159.21 -0.59425 0.752035 -0.0791273 17.5183 -10.0
 159.205 -0.591701 0.779724 -0.379472 17.9317 -10.0
 159.2 -0.587906 0.80852 -0.688264 18.2677 -10.0
 159.195 -0.585104 0.834622 -0.970159 18.4575 -10.0
 159.19 -0.582522 0.860173 -1.2466 18.5248 -10.0
 159.185 -0.581383 0.886299 -1.53394 18.4349 -10.0
 159.18 -0.58103 0.915163 -1.85421 18.1428 -10.0
 159.175 -0.583436 0.946477 -2.21037 17.5341 -10.0
 159.17 -0.584785 0.980084 -2.58875 16.6487 -10.0
 159.165 -0.588204 1.01428 -2.98018 15.4138 -10.0
 159.16 -0.594508 1.05044 -3.40244 13.7337 -9.10085
 31.49 -0.492368 1.07592 -3.36776 16.7048 -6.08567
 31.495 -0.489184 1.04758 -3.0424 17.7779 -10.0
 31.5 -0.487717 1.02257 -2.75927 18.5298 -10.0
 31.505 -0.486995 1.00056 -2.51195 19.0578 -10.0
 31.51 -0.484576 0.977956 -2.25278 19.5259 -10.0
 31.515 -0.480502 0.955383 -1.98876 19.8999 -10.0
 31.52 -0.477164 0.932183 -1.72005 20.125 -10.0
 31.525 -0.47402 0.911477 -1.47971 20.2118 -10.0
 31.53 -0.471746 0.892836 -1.26507 20.1905 -10.0
 31.535 -0.471362 0.874123 -1.05552 20.0665 -10.0
 31.54 -0.473077 0.85712 -0.871551 19.8733 -10.0
 31.545 -0.472603 0.838287 -0.66039 19.6198 -10.0
 31.55 -0.471996 0.819146 -0.44538 19.2974 -10.0
 31.555 -0.47228 0.800284 -0.236249 18.9174 -10.0
 31.56 -0.472836 0.782394 -0.0387943 18.511 -10.0
 31.565 -0.46901 0.764933 0.16754 18.0834 -10.0
 31.57 -0.466102 0.74972 0.345981 17.6782 -10.0
 31.575 -0.46278 0.735435 0.51538 17.2754 -10.0
 31.58 -0.459597 0.722667 0.667461 16.9001 -10.0
 31.585 -0.456137 0.71057 0.81294 16.5333 -10.0
 31.59 -0.452276 0.700392 0.938294 16.216 -10.0
 31.595 -0.449461 0.691533 1.0457 15.9385 -10.0
 31.6 -0.448137 0.683236 1.14221 15.6833 -10.0
 31.605 -0.447594 0.674434 1.24189 15.4179 -10.0
 31.61 -0.439992 0.665465 1.36545 15.1136 -10.0
 31.615 -0.431292 0.655649 1.50186 14.7771 -10.0
 31.62 -0.425973 0.645045 1.63649 14.4393 -10.0
 31.625 -0.420992 0.633409 1.78157 14.0821 -10.0
 31.63 -0.414749 0.62075 1.94198 13.7012 -10.0
 37.8 -0.74572 0.528205 1.94101 15.4301 -10.0
 37.795 -0.745962 0.536324 1.84986 15.4307 -10.0
 37.79 -0.746436 0.544898 1.75292 15.4411 -10.0
 37.785 -0.747991 0.554708 1.63885 15.4701 -10.0
 37.78 -0.749028 0.565894 1.51106 15.5076 -10.0
 37.775 -0.751637 0.576112 1.38916 15.5608 -10.0
 37.77 -0.755411 0.584356 1.28561 15.6163 -10.0
 37.765 -0.759649 0.593869 1.1665 15.6795 -10.0
 37.76 -0.761503 0.604077 1.04706 15.7354 -10.0
 37.755 -0.764975 0.6129 0.938 15.7905 -10.0
 37.75 -0.769015 0.620881 0.836551 15.8396 -10.0
 37.745 -0.77147 0.627842 0.751402 15.8768 -10.0
 37.74 -0.77332 0.634175 0.675123 15.9078 -10.0
 37.735 -0.774306 0.643022 0.573544 15.9473 -10.0
 37.73 -0.77408 0.651721 0.477394 15.9845 -10.0
 37.725 -0.774562 0.661969 0.361794 16.025 -10.0
 37.72 -0.774257 0.670984 0.262361 16.0586 -10.0
 37.715 -0.774117 0.681047 0.150759 16.091 -10.0
 37.71 -0.774026 0.690936 0.040941 16.1166 -10.0
 37.705 -0.773198 0.701751 -0.0769017 16.1406 -10.0
 37.7 -0.773027 0.710913 -0.178379 16.1503 -10.0
 37.695 -0.771651 0.720042 -0.275735 16.1617 -10.0
 37.69 -0.770115 0.730324 -0.385423 16.1664 -10.0
 37.685 -0.768516 0.736948 -0.454189 16.1705 -10.0
 37.68 -0.770026 0.748652 -0.589219 16.12 -10.0
 37.675 -0.772968 0.760067 -0.725475 16.0289 -10.0
 37.67 -0.773474 0.770109 -0.838864 15.9548 -10.0
 37.665 -0.77284 0.779704 -0.94372 15.8846 -10.0
 37.66 -0.768671 0.790545 -1.05142 15.8443 -10.0
 37.655 -0.76368 0.802234 -1.16603 15.7972 -10.0
 37.65 -0.759476 0.810903 -1.24945 15.7633 -10.0
 37.645 -0.756216 0.820909 -1.35069 15.6856 -10.0
 37.64 -0.750542 0.832182 -1.45853 15.6241 -10.0
 37.635 -0.74335 0.844058 -1.56834 15.5728 -10.0
 37.63 -0.735922 0.856509 -1.68383 15.5048 -10.0
 37.625 -0.729306 0.870157 -1.81517 15.3787 -10.0
 37.62 -0.72248 0.884562 -1.95429 15.22 -10.0
 37.615 -0.713877 0.900608 -2.10613 15.0427 -10.0
 37.61 -0.70434 0.917474 -2.26421 14.8422 -10.0
 37.605 -0.699082 0.933984 -2.43164 14.4979 -10.0
 37.6 -0.694924 0.953352 -2.63432 13.9836 -10.0
 37.595 -0.692166 0.974426 -2.86037 13.3044 -10.0
 37.59 -0.691882 0.993636 -3.07338 12.5542 -10.0
 37.585 -0.693287 1.01455 -3.31065 11.6218 -10.0
 57.6 -0.579114 1.05246 -3.37688 14.2529 -10.0
 57.605 -0.575193 1.02225 -3.02839 15.5915 -10.0
 57.61 -0.573711 0.991868 -2.68545 16.656 -10.0
 57.615 -0.570423 0.964279 -2.36802 17.4999 -10.0
 57.62 -0.567678 0.940514 -2.09487 18.0677 -10.0
 57.625 -0.564289 0.918153 -1.83534 18.4846 -10.0
 57.63 -0.561035 0.895244 -1.57013 18.7656 -10.0
 57.635 -0.558063 0.877483 -1.36311 18.8945 -10.0
 57.64 -0.554346 0.860322 -1.16046 18.9514 -10.0
 57.645 -0.551902 0.846006 -0.993445 18.9301 -10.0
 57.65 -0.550343 0.830437 -0.815245 18.8386 -10.0
 57.655 -0.547405 0.815339 -0.637985 18.7126 -10.0
 57.66 -0.54413 0.798045 -0.43522 18.506 -10.0
 57.665 -0.542208 0.783536 -0.267692 18.2825 -10.0
 57.67 -0.542932 0.768296 -0.100266 18.0002 -10.0
 57.675 -0.541215 0.754728 0.0561614 17.7322 -10.0
 57.68 -0.539506 0.743236 0.189435 17.4872 -10.0
 57.685 -0.536956 0.729797 0.347008 17.1821 -10.0
 57.69 -0.534389 0.713697 0.534266 16.7946 -10.0
 57.695 -0.530326 0.697909 0.722717 16.3943 -10.0
 57.7 -0.525751 0.681337 0.921486 15.9596 -10.0
 57.705 -0.521235 0.665777 1.10881 15.5449 -10.0
 57.71 -0.514766 0.649542 1.30973 15.1037 -10.0
 57.715 -0.51109 0.635746 1.47479 14.7459 -10.0
 57.72 -0.50892 0.62306 1.6228 14.4368 -10.0
 57.725 -0.505546 0.610418 1.77407 14.1346 -10.0
 57.73 -0.503327 0.596854 1.932 13.8414 -10.0
 58.1 -0.44903 0.610124 1.95345 13.6878 -10.0
 58.105 -0.4516 0.612607 1.9178 13.7656 -10.0
 58.11 -0.454563 0.61188 1.91667 13.771 -10.0
 58.115 -0.455868 0.611908 1.91229 13.7815 -10.0
 58.12 -0.455636 0.611896 1.91314 13.7795 -10.0
 58.125 -0.458748 0.613773 1.88255 13.8471 -10.0
 58.13 -0.463032 0.612737 1.88073 13.8554 -10.0
 58.135 -0.468426 0.610075 1.89356 13.836 -10.0
 58.14 -0.473787 0.607672 1.90361 13.8243 -10.0
 58.145 -0.477815 0.604426 1.92719 13.7857 -10.0
 58.15 -0.479996 0.601432 1.95374 13.7399 -10.0
 58.155 -0.483939 0.597941 1.98032 13.7005 -10.0
 58.6 -0.563452 0.579763 1.93494 14.0821 -10.0
 58.605 -0.565399 0.588032 1.8368 14.2231 -10.0
 58.61 -0.565929 0.592241 1.78829 14.2941 -10.0
 58.615 -0.563867 0.594185 1.77307 14.3081 -10.0
 58.62 -0.561033 0.596193 1.75954 14.3175 -10.0
 58.625 -0.56043 0.598684 1.73369 14.3548 -10.0
 58.63 -0.559137 0.598232 1.74275 14.3363 -10.0
 58.635 -0.560848 0.600652 1.71047 14.3923 -10.0
 58.64 -0.560928 0.602326 1.69158 14.4222 -10.0
 58.645 -0.560233 0.603985 1.67528 14.446 -10.0
 58.65 -0.557878 0.6042 1.68022 14.4309 -10.0
 58.655 -0.555741 0.605283 1.67483 14.4334 -10.0
 58.66 -0.554411 0.607775 1.65122 14.4687 -10.0
 58.665 -0.55413 0.608338 1.64583 14.477 -10.0
 58.67 -0.555528 0.609584 1.62761 14.5112 -10.0
 58.675 -0.555685 0.610809 1.61348 14.5355 -10.0
 58.68 -0.555225 0.611094 1.61173 14.5374 -10.0
 58.685 -0.550822 0.609751 1.6404 14.4777 -10.0
 58.69 -0.544319 0.608102 1.67903 14.3951 -10.0
 58.695 -0.537284 0.606153 1.72265 14.3015 -10.0
 58.7 -0.533912 0.605244 1.74328 14.2569 -10.0
 58.705 -0.528525 0.604239 1.77125 14.1937 -10.0
 58.71 -0.522618 0.605264 1.77825 14.1657 -10.0
 58.715 -0.518454 0.606139 1.78149 14.1494 -10.0
 58.72 -0.516505 0.606386 1.78481 14.1387 -10.0
 58.725 -0.512529 0.607472 1.78511 14.1288 -10.0
 58.73 -0.507462 0.608603 1.78831 14.1116 -10.0
 58.735 -0.503618 0.610619 1.77784 14.1236 -10.0
 58.74 -0.499106 0.614528 1.74838 14.173 -10.0
 58.745 -0.494076 0.617532 1.7306 14.2015 -10.0
 58.75 -0.488926 0.621504 1.70242 14.2541 -10.0
 58.755 -0.483756 0.624412 1.68616 14.2848 -10.0
 58.76 -0.476561 0.627355 1.67582 14.3043 -10.0
 58.765 -0.471068 0.630202 1.66123 14.3362 -10.0
 58.77 -0.466125 0.631367 1.66367 14.3314 -10.0
 58.775 -0.460804 0.630732 1.68731 14.2785 -10.0
 58.78 -0.453838 0.629479 1.72297 14.1983 -10.0
 58.785 -0.445107 0.626061 1.78823 14.0499 -10.0
 58.79 -0.43772 0.62114 1.86605 13.8724 -10.0
 58.795 -0.429457 0.615372 1.95602 13.6685 -10.0
 14.555 -0.439325 0.612433 1.95799 13.6693 -10.0
 14.55 -0.445355 0.617157 1.8866 13.8285 -10.0
 14.545 -0.450535 0.619901 1.83991 13.9337 -10.0
 14.54 -0.454972 0.62232 1.79914 14.0256 -10.0
 14.535 -0.45647 0.626183 1.75147 14.1328 -10.0
 14.53 -0.459396 0.631162 1.68692 14.2798 -10.0
 14.525 -0.462631 0.638205 1.59841 14.4846 -10.0
 14.52 -0.465398 0.642673 1.54004 14.6206 -10.0
 14.515 -0.467563 0.648096 1.47292 14.7795 -10.0
 14.51 -0.468089 0.650109 1.44887 14.8371 -10.0
 14.505 -0.469082 0.654713 1.39451 14.9686 -10.0
 14.5 -0.471015 0.660061 1.32894 15.1271 -10.0
 14.495 -0.471759 0.666754 1.25211 15.3178 -10.0
 14.49 -0.474033 0.674475 1.15905 15.5469 -10.0
 14.485 -0.478375 0.681338 1.06911 15.7613 -10.0
 14.48 -0.48209 0.687866 0.984846 15.9616 -10.0
 14.475 -0.484675 0.693745 0.911337 16.1373 -10.0
 14.47 -0.48688 0.698195 0.85492 16.27 -10.0
 14.465 -0.490339 0.705262 0.765461 16.478 -10.0
 14.46 -0.49255 0.710423 0.701099 16.6266 -10.0
 14.455 -0.493265 0.717005 0.62559 16.8088 -10.0
 14.45 -0.493947 0.723748 0.548384 16.9932 -10.0
 14.445 -0.493225 0.731073 0.469075 17.1891 -10.0
 14.44 -0.492703 0.737811 0.395688 17.3675 -10.0
 14.435 -0.493528 0.743748 0.327007 17.5228 -10.0
 14.43 -0.493954 0.750491 0.250608 17.6953 -10.0
 14.425 -0.495187 0.756933 0.175035 17.8554 -10.0
 14.42 -0.495585 0.762638 0.110273 17.9939 -10.0
 14.415 -0.496307 0.768218 0.0458975 18.1252 -10.0
 14.41 -0.498459 0.775257 -0.0391817 18.2819 -10.0
 14.405 -0.501876 0.780652 -0.109902 18.3906 -10.0
 14.4 -0.503501 0.789617 -0.214773 18.5717 -10.0
 14.395 -0.506141 0.797117 -0.306512 18.7065 -10.0
 14.39 -0.508088 0.805754 -0.408737 18.8529 -10.0
 14.385 -0.507643 0.813483 -0.493411 18.9855 -10.0
 14.38 -0.508962 0.819514 -0.564677 19.0709 -10.0
 14.375 -0.510547 0.826336 -0.645568 19.1572 -10.0
 14.37 -0.514229 0.834828 -0.751595 19.2346 -10.0
 14.365 -0.518984 0.842616 -0.853119 19.2735 -10.0
 14.36 -0.523846 0.852232 -0.975333 19.3041 -10.0
 14.355 -0.529556 0.861662 -1.09813 19.2924 -10.0
 14.35 -0.533464 0.869574 -1.19839 19.2694 -10.0
 14.345 -0.536647 0.879105 -1.31444 19.2365 -10.0
 14.34 -0.539476 0.887325 -1.41478 19.1842 -10.0
 14.335 -0.544672 0.899032 -1.56131 19.0512 -10.0
 14.33 -0.550434 0.911007 -1.7126 18.8558 -10.0
 14.325 -0.553489 0.925026 -1.8782 18.6426 -10.0
 14.32 -0.558756 0.939609 -2.05699 18.308 -10.0
 14.315 -0.564118 0.955338 -2.24882 17.8755 -10.0
 14.31 -0.57282 0.972327 -2.46511 17.2304 -10.0
 14.305 -0.582924 0.989891 -2.69214 16.4154 -10.0
 14.3 -0.591169 1.00957 -2.93694 15.4783 -10.0
 14.295 -0.598088 1.03254 -3.21428 14.3462 -10.0
 40.825 -0.669899 1.01101 -3.19833 12.5937 -10.0
 40.83 -0.665629 0.966491 -2.68934 14.4643 -10.0
 40.835 -0.662154 0.923626 -2.20124 15.8717 -10.0
 40.84 -0.661302 0.88207 -1.73589 16.7707 -10.0
 40.845 -0.660299 0.841741 -1.28375 17.2702 -10.0
 40.85 -0.657478 0.803216 -0.846013 17.4385 -10.0
 40.855 -0.655331 0.76748 -0.441438 17.3166 -10.0
 40.86 -0.653515 0.731312 -0.0330775 16.978 -10.0
 40.865 -0.651499 0.696186 0.364303 16.5069 -10.0
 40.87 -0.650836 0.66149 0.752678 15.9719 -10.0
 40.875 -0.649864 0.628061 1.12791 15.4566 -10.0
 40.88 -0.650025 0.594661 1.49928 15.0087 -10.0
 40.885 -0.650333 0.563728 1.84273 14.6954 -10.0
 41.29 -0.530061 0.586722 1.96151 13.8899 -10.0
 41.295 -0.52413 0.594162 1.89715 13.968 -10.0
 41.3 -0.522011 0.601402 1.82314 14.0855 -10.0
 41.305 -0.521037 0.609716 1.73361 14.2424 -10.0
 41.31 -0.520434 0.620354 1.61705 14.4618 -10.0
 41.315 -0.518525 0.630664 1.5082 14.6781 -10.0
 41.32 -0.515473 0.640658 1.40644 14.8919 -10.0
 41.325 -0.514254 0.650836 1.29692 15.1327 -10.0
 41.33 -0.515506 0.658786 1.2045 15.3387 -10.0
 41.335 -0.518271 0.667084 1.10349 15.5635 -10.0
 41.34 -0.519067 0.671293 1.05415 15.6747 -10.0
 41.345 -0.519512 0.674674 1.01512 15.7634 -10.0
 41.35 -0.518725 0.677452 0.986639 15.8314 -10.0
 41.355 -0.517189 0.678474 0.980044 15.8513 -10.0
 41.36 -0.513092 0.679438 0.982074 15.8592 -10.0
 41.365 -0.510936 0.678297 1.0015 15.8201 -10.0
 41.37 -0.510108 0.676261 1.02675 15.763 -10.0
 41.375 -0.507492 0.672384 1.07807 15.649 -10.0
 41.38 -0.505466 0.667697 1.13657 15.5159 -10.0
 41.385 -0.503736 0.664342 1.17932 15.4191 -10.0
 41.39 -0.502446 0.662381 1.20516 15.361 -10.0
 41.395 -0.50305 0.662411 1.20295 15.365 -10.0
 41.4 -0.50443 0.664564 1.17468 15.4285 -10.0
 41.405 -0.505214 0.664243 1.17581 15.4242 -10.0
 41.41 -0.507529 0.662695 1.18583 15.396 -10.0
 41.415 -0.508794 0.660611 1.20509 15.349 -10.0
 41.42 -0.509508 0.656962 1.2435 15.2595 -10.0
 41.425 -0.509061 0.65071 1.3145 15.0989 -10.0
 41.43 -0.507851 0.640314 1.43402 14.8344 -10.0
 41.435 -0.50894 0.627269 1.57588 14.5328 -10.0
 41.44 -0.511058 0.617377 1.67941 14.3267 -10.0
 41.445 -0.513617 0.608415 1.77122 14.1568 -10.0
 41.45 -0.517982 0.598346 1.86973 13.9935 -10.0
 41.455 -0.523769 0.588875 1.95714 13.8711 -10.0
 31.43 -0.530856 0.601322 1.79648 14.1571 -10.0
 31.425 -0.539147 0.618005 1.58489 14.5516 -10.0
 31.42 -0.543855 0.633126 1.40186 14.9052 -10.0
 31.415 -0.548548 0.64648 1.23855 15.2308 -10.0
 31.41 -0.550517 0.657942 1.10479 15.503 -10.0
 31.405 -0.550867 0.668858 0.982167 15.7587 -10.0
 31.4 -0.549128 0.68106 0.851724 16.0403 -10.0
 31.395 -0.546823 0.692537 0.731118 16.3075 -10.0
 31.39 -0.54574 0.703912 0.607842 16.5773 -10.0
 31.385 -0.545068 0.715318 0.482943 16.8467 -10.0
 31.38 -0.544359 0.729087 0.331851 17.1657 -10.0
 31.375 -0.541814 0.742337 0.192256 17.4647 -10.0
 31.37 -0.537255 0.757166 0.0413446 17.7923 -10.0
 31.365 -0.53154 0.774169 -0.130151 18.1556 -10.0
 31.36 -0.526865 0.7929 -0.324136 18.5248 -10.0
 31.355 -0.522924 0.814641 -0.553918 18.898 -10.0
 31.35 -0.519917 0.838888 -0.814519 19.2265 -10.0
 31.345 -0.517213 0.865037 -1.09724 19.4666 -10.0
 31.34 -0.514333 0.886754 -1.33007 19.5809 -10.0
 31.335 -0.51379 0.908585 -1.57144 19.5665 -10.0
 31.33 -0.516098 0.933672 -1.85795 19.3611 -10.0
 31.325 -0.520614 0.957721 -2.13979 18.9588 -10.0
 31.32 -0.524796 0.982217 -2.42557 18.3935 -10.0
 31.315 -0.528248 1.00835 -2.72727 17.6428 -10.0
 31.31 -0.529426 1.03725 -3.0527 16.7081 -10.0
 31.305 -0.530455 1.06871 -3.40618 15.5035 -10.0
 17.525 -0.887218 0.986661 -3.44084 8.18209 -10.0
 17.53 -0.882661 0.965411 -3.22463 8.90619 -10.0
 17.535 -0.876775 0.946587 -3.03145 9.60819 -10.0
 17.54 -0.870292 0.926709 -2.82722 10.3792 -10.0
 17.545 -0.862929 0.906048 -2.61439 11.199 -10.0
 17.55 -0.85366 0.885975 -2.3788 12.0244 -10.0
 17.555 -0.843869 0.867316 -2.14053 12.7875 -10.0
 17.56 -0.83431 0.850704 -1.9258 13.4457 -10.0
 17.565 -0.82332 0.834946 -1.71609 14.0628 -10.0
 17.57 -0.812364 0.821574 -1.53306 14.5727 -10.0
 17.575 -0.80229 0.808667 -1.35797 15.0061 -10.0
 17.58 -0.795087 0.797037 -1.20603 15.3189 -10.0
 17.585 -0.788993 0.783383 -1.03501 15.5967 -10.0
 17.59 -0.78472 0.772422 -0.899658 15.7747 -10.0
 17.595 -0.781545 0.762482 -0.779088 15.9005 -10.0
 17.6 -0.777191 0.753196 -0.662132 16.0145 -10.0
 17.605 -0.771528 0.745144 -0.554831 16.116 -10.0
 17.61 -0.765272 0.73601 -0.433646 16.2043 -10.0
 17.615 -0.763422 0.72699 -0.327442 16.2292 -10.0
 17.62 -0.76154 0.71648 -0.204567 16.2388 -10.0
 17.625 -0.762571 0.705343 -0.0837801 16.2126 -10.0
 17.63 -0.766173 0.695549 0.0140429 16.1679 -10.0
 17.635 -0.766757 0.685401 0.125216 16.1343 -10.0
 17.64 -0.76789 0.678911 0.19395 16.1071 -10.0
 17.645 -0.768489 0.67372 0.249873 16.0854 -10.0
 17.65 -0.767698 0.666393 0.33392 16.0571 -10.0
 17.655 -0.765874 0.658106 0.431866 16.0221 -10.0
 17.66 -0.764104 0.65294 0.494912 15.9979 -10.0
 17.665 -0.761284 0.648628 0.551707 15.976 -10.0
 17.67 -0.756823 0.645725 0.597932 15.9588 -10.0
 17.675 -0.752144 0.645879 0.610795 15.9579 -10.0
 17.68 -0.748054 0.645628 0.626331 15.9538 -10.0
 17.685 -0.74648 0.646152 0.625402 15.9564 -10.0
 17.69 -0.741277 0.647286 0.628999 15.9609 -10.0
 17.695 -0.736028 0.646341 0.655872 15.9489 -10.0
 17.7 -0.73036 0.645033 0.688099 15.9313 -10.0
 17.705 -0.722976 0.644076 0.721764 15.9115 -10.0
 17.71 -0.715379 0.640508 0.785158 15.8624 -10.0
 17.715 -0.704611 0.636626 0.861938 15.7941 -10.0
 17.72 -0.69468 0.630971 0.955848 15.698 -10.0
 17.725 -0.68493 0.627638 1.02334 15.6195 -10.0
 17.73 -0.677308 0.627118 1.05288 15.579 -10.0
 17.735 -0.669078 0.628431 1.06391 15.5576 -10.0
 17.74 -0.661258 0.630341 1.06702 15.5464 -10.0
 17.745 -0.65128 0.630886 1.09204 15.5054 -10.0
 17.75 -0.640857 0.631233 1.12065 15.4573 -10.0
 17.755 -0.629981 0.631247 1.15439 15.3993 -10.0
 17.76 -0.620393 0.629873 1.19957 15.3227 -10.0
 17.765 -0.610882 0.627939 1.25074 15.2333 -10.0
 17.77 -0.601019 0.623992 1.32542 15.1022 -10.0
 17.775 -0.590985 0.620192 1.399 14.9674 -10.0
 17.78 -0.578343 0.61626 1.48217 14.8069 -10.0
 17.785 -0.563882 0.614292 1.54915 14.6637 -10.0
 17.79 -0.550251 0.610581 1.63295 14.489 -10.0
 17.795 -0.540046 0.606528 1.70987 14.3309 -10.0
 17.8 -0.530404 0.60063 1.80559 14.1404 -10.0
 17.805 -0.521956 0.592823 1.91884 13.9251 -10.0
 31.595 -0.648301 0.553859 1.95895 14.6011 -10.0
 31.59 -0.654773 0.560746 1.8621 14.7121 -10.0
 31.585 -0.661687 0.567373 1.76677 14.8265 -10.0
 31.58 -0.66808 0.575628 1.65494 14.9511 -10.0
 31.575 -0.67536 0.58244 1.55641 15.0705 -10.0
 31.57 -0.682066 0.589317 1.45894 15.1845 -10.0
 31.565 -0.689913 0.5949 1.37232 15.2914 -10.0
 31.56 -0.695128 0.60201 1.27691 15.3925 -10.0
 31.555 -0.699737 0.60767 1.19952 15.474 -10.0
 31.55 -0.702502 0.615008 1.10921 15.5609 -10.0
 31.545 -0.704013 0.61991 1.04992 15.6173 -10.0
 31.54 -0.706015 0.62416 0.996363 15.6688 -10.0
 31.535 -0.709671 0.628846 0.932793 15.7299 -10.0
 31.53 -0.714506 0.631567 0.887435 15.7727 -10.0
 31.525 -0.717894 0.633078 0.860046 15.7973 -10.0
 31.52 -0.72112 0.636321 0.813895 15.8362 -10.0
 31.515 -0.72524 0.639903 0.761167 15.878 -10.0
 31.51 -0.727602 0.641248 0.738836 15.8944 -10.0
 31.505 -0.723485 0.641184 0.752375 15.8861 -10.0
 31.5 -0.719493 0.641204 0.764589 15.8782 -10.0
 31.495 -0.71853 0.639684 0.784519 15.8616 -10.0
 31.49 -0.716954 0.638469 0.802958 15.8463 -10.0
 31.485 -0.716503 0.638463 0.804428 15.8451 -10.0
 31.48 -0.716999 0.637348 0.815299 15.8356 -10.0
 31.475 -0.71969 0.636522 0.816107 15.8345 -10.0
 31.47 -0.724603 0.63541 0.81318 15.8365 -10.0
 31.465 -0.727607 0.632852 0.832301 15.8216 -10.0
 31.46 -0.729442 0.632345 0.832221 15.8219 -10.0
 31.455 -0.734531 0.632162 0.818411 15.833 -10.0
 31.45 -0.742546 0.633986 0.773122 15.8642 -10.0
 31.445 -0.751164 0.637452 0.707682 15.9022 -10.0
 31.44 -0.758312 0.641721 0.637869 15.9358 -10.0
 31.435 -0.762849 0.649036 0.542286 15.9779 -10.0
 31.43 -0.764971 0.656202 0.455886 16.0137 -10.0
 31.425 -0.768438 0.662947 0.369981 16.0406 -10.0
 31.42 -0.77314 0.669764 0.279431 16.0574 -10.0
 31.415 -0.777074 0.678593 0.168862 16.0727 -10.0
 31.41 -0.781304 0.685043 0.0838678 16.0696 -10.0
 31.405 -0.785392 0.690961 0.00523686 16.0573 -10.0
 31.4 -0.788933 0.698995 -0.0952477 16.0395 -10.0
 31.395 -0.790938 0.707097 -0.191702 16.0206 -10.0
 31.39 -0.792068 0.713858 -0.270495 16.0013 -10.0
 31.385 -0.794495 0.71794 -0.323512 15.9713 -10.0
 31.38 -0.798062 0.719857 -0.35597 15.9337 -10.0
 31.375 -0.802583 0.721518 -0.388552 15.8859 -10.0
 31.37 -0.8077 0.724717 -0.440117 15.8222 -10.0
 31.365 -0.809087 0.728018 -0.481198 15.791 -10.0
 31.36 -0.809858 0.732434 -0.53276 15.7572 -10.0
 31.355 -0.810313 0.736748 -0.582212 15.7244 -10.0
 31.35 -0.809742 0.741044 -0.628268 15.701 -10.0
 31.345 -0.810547 0.742621 -0.64833 15.6798 -10.0
 31.34 -0.808363 0.743693 -0.653467 15.6979 -10.0
 31.335 -0.807768 0.74333 -0.647573 15.7077 -10.0
 31.33 -0.808848 0.743919 -0.657493 15.6903 -10.0
 31.325 -0.810951 0.746102 -0.688354 15.6477 -10.0
 31.32 -0.814411 0.746756 -0.706413 15.5994 -10.0
 31.315 -0.819465 0.748356 -0.739976 15.5215 -10.0
 31.31 -0.822778 0.749719 -0.765481 15.466 -10.0
 31.305 -0.82616 0.75177 -0.798849 15.4011 -10.0
 31.3 -0.82974 0.754533 -0.84077 15.3234 -10.0
 31.295 -0.835121 0.757261 -0.887921 15.2181 -10.0
 31.29 -0.837922 0.760664 -0.934531 15.1364 -10.0
 31.285 -0.842691 0.762565 -0.970564 15.0432 -10.0
 31.28 -0.844914 0.765579 -1.01105 14.9691 -10.0
 31.275 -0.845233 0.765581 -1.01206 14.9644 -10.0
 31.27 -0.845307 0.766328 -1.02061 14.9526 -10.0
 31.265 -0.844731 0.772061 -1.08265 14.8768 -10.0
 31.26 -0.843757 0.779705 -1.16472 14.7725 -10.0
 31.255 -0.843988 0.788916 -1.268 14.6136 -10.0
 31.25 -0.842374 0.799428 -1.38002 14.4491 -10.0
 31.245 -0.84131 0.81221 -1.51901 14.2136 -10.0
 31.24 -0.841056 0.82358 -1.64482 13.9715 -10.0
 31.235 -0.841582 0.834337 -1.76623 13.7099 -10.0
 31.23 -0.843972 0.843472 -1.87538 13.4348 -10.0
 31.225 -0.847322 0.853528 -1.99778 13.1017 -10.0
 31.22 -0.85146 0.863055 -2.11676 12.7526 -10.0
 31.215 -0.858808 0.87484 -2.27086 12.2599 -10.0
 31.21 -0.867552 0.885776 -2.41609 11.7556 -10.0
 31.205 -0.876818 0.897923 -2.5456 11.2031 -10.0
 31.2 -0.887116 0.910409 -2.67942 10.6313 -10.0
 31.195 -0.895937 0.926023 -2.84315 10.0032 -10.0
 31.19 -0.907108 0.940847 -3.00108 9.40577 -10.0
 31.185 -0.918164 0.955443 -3.15663 8.87599 -10.0
 31.18 -0.928332 0.969896 -3.30997 8.42672 -10.0
 31.175 -0.937757 0.987045 -3.48956 7.99265 -10.0
 55.03 -0.649377 1.04004 -3.45759 12.0752 -5.1767
 55.035 -0.635391 0.993901 -2.90029 14.4965 -10.0
 55.04 -0.623647 0.950217 -2.37731 16.2893 -10.0
 55.045 -0.611946 0.909782 -1.89064 17.4911 -10.0
 55.05 -0.601461 0.87234 -1.44109 18.1474 -10.0
 55.055 -0.592482 0.837477 -1.02493 18.3672 -10.0
 55.06 -0.580605 0.807381 -0.652833 18.3286 -10.0
 55.065 -0.56666 0.776897 -0.269964 18.0451 -10.0
 55.07 -0.553416 0.748837 0.0837283 17.5839 -10.0
 55.075 -0.539884 0.720137 0.445444 16.9557 -10.0
 55.08 -0.52874 0.693658 0.774992 16.2826 -10.0
 55.085 -0.516663 0.669551 1.08104 15.6187 -10.0
 55.09 -0.507895 0.645202 1.37946 14.9546 -10.0
 55.095 -0.50013 0.619862 1.68579 14.2996 -10.0
 55.1 -0.490902 0.596694 1.97251 13.7337 -10.0
 158.06 -0.590542 0.566526 1.9979 14.1649 -10.0
 158.055 -0.589359 0.576479 1.89077 14.2737 -10.0
 158.05 -0.590616 0.588392 1.75422 14.447 -10.0
 158.045 -0.589683 0.601142 1.61517 14.6334 -10.0
 158.04 -0.589387 0.614029 1.47259 14.8471 -10.0
 158.035 -0.591671 0.630179 1.28567 15.1552 -10.0
 158.03 -0.59481 0.646919 1.0895 15.4943 -10.0
 158.025 -0.596345 0.664549 0.888423 15.8514 -10.0
 158.02 -0.598648 0.680132 0.707746 16.1718 -10.0
 158.015 -0.597164 0.693966 0.558333 16.4456 -10.0
 158.01 -0.595685 0.708074 0.405863 16.7232 -10.0
 158.005 -0.595505 0.72107 0.261729 16.9724 -10.0
 158.0 -0.596805 0.733779 0.116176 17.202 -10.0
 157.995 -0.597428 0.746255 -0.0246816 17.4126 -10.0
 157.99 -0.596784 0.758562 -0.15969 17.6084 -10.0
 157.985 -0.593648 0.768119 -0.256327 17.7641 -10.0
 157.98 -0.58962 0.779707 -0.372803 17.9457 -10.0
 157.975 -0.585618 0.789549 -0.469908 18.0962 -10.0
 157.97 -0.580759 0.797983 -0.548678 18.2315 -10.0
 157.965 -0.575001 0.804857 -0.607268 18.3549 -10.0
 157.96 -0.566869 0.813208 -0.674907 18.5144 -10.0
 157.955 -0.558617 0.820012 -0.724947 18.6598 -10.0
 157.95 -0.553731 0.829228 -0.812336 18.7927 -10.0
 157.945 -0.549496 0.839041 -0.9084 18.9154 -10.0
 157.94 -0.546125 0.850597 -1.02656 19.0264 -10.0
 157.935 -0.54115 0.861235 -1.1295 19.1374 -10.0
 157.93 -0.538271 0.872557 -1.24659 19.2064 -10.0
 157.925 -0.539283 0.88416 -1.37893 19.1923 -10.0
 157.92 -0.537441 0.89494 -1.49322 19.1988 -10.0
 157.915 -0.537855 0.907637 -1.63588 19.13 -10.0
 157.91 -0.537979 0.920857 -1.78345 19.0242 -10.0
 157.905 -0.538771 0.934722 -1.9403 18.8545 -10.0
 157.9 -0.541422 0.950367 -2.12275 18.5622 -10.0
 157.895 -0.545237 0.963786 -2.28405 18.2156 -10.0
 157.89 -0.549441 0.977176 -2.44623 17.8026 -10.0
 157.885 -0.554931 0.991279 -2.62037 17.2735 -10.0
 157.88 -0.56411 1.00575 -2.81014 16.5435 -10.0
 157.875 -0.57411 1.0242 -3.04667 15.5596 -10.0
 157.87 -0.584255 1.04219 -3.27857 14.4801 -10.0
 71.01 -0.696663 1.02414 -3.42796 11.0831 -9.18199
 71.015 -0.693803 0.979485 -2.92181 13.0554 -10.0
 71.02 -0.693866 0.934524 -2.4214 14.6366 -10.0
 71.025 -0.691772 0.891663 -1.93766 15.8394 -10.0
 71.03 -0.692502 0.851671 -1.49466 16.5357 -10.0
 71.035 -0.695379 0.815494 -1.10082 16.8409 -10.0
 71.04 -0.699526 0.783177 -0.753922 16.895 -10.0
 71.045 -0.708102 0.752625 -0.44048 16.7657 -10.0
 71.05 -0.715059 0.723793 -0.141141 16.5828 -10.0
 71.055 -0.719923 0.694674 0.167918 16.3588 -10.0
 71.06 -0.725489 0.666887 0.459956 16.1173 -10.0
 71.065 -0.729035 0.639416 0.754773 15.8812 -10.0
 71.07 -0.733851 0.614071 1.02195 15.6899 -10.0
 71.075 -0.735527 0.590184 1.28269 15.5348 -10.0
 71.08 -0.736126 0.567298 1.53564 15.4218 -10.0
 71.085 -0.737141 0.548682 1.73975 15.3714 -10.0
 71.09 -0.737348 0.530985 1.93615 15.3537 -10.0
 50.625 -0.20329 0.674784 1.9993 14.5495 -10.0
 50.62 -0.21143 0.696989 1.7267 15.4156 -10.0
 50.615 -0.218111 0.717894 1.47313 16.2406 -10.0
 50.61 -0.225487 0.735788 1.25091 16.9441 -10.0
 50.605 -0.230636 0.754408 1.02755 17.6613 -10.0
 50.6 -0.234441 0.772069 0.819051 18.3215 -10.0
 50.595 -0.236759 0.791617 0.594173 19.0231 -10.0
 50.59 -0.238015 0.813302 0.348814 19.7584 -10.0
 50.585 -0.239981 0.832331 0.130825 20.3568 -10.0
 50.58 -0.242035 0.852233 -0.0971696 20.931 -10.0
 50.575 -0.244522 0.870227 -0.30527 21.3988 -10.0
 50.57 -0.2459 0.887587 -0.50285 21.807 -10.0
 50.565 -0.249 0.905193 -0.708535 22.1645 -10.0
 50.56 -0.251329 0.919707 -0.877392 22.4214 -10.0
 50.555 -0.254343 0.933317 -1.03832 22.6245 -10.0
 50.55 -0.259485 0.948135 -1.21933 22.7941 -10.0
 50.545 -0.26892 0.965383 -1.44077 22.9065 -10.0
 50.54 -0.277871 0.982564 -1.65996 22.9524 -10.0
 50.535 -0.288921 1.00131 -1.9031 22.9033 -10.0
 50.53 -0.300687 1.02054 -2.15391 22.7445 -10.0
 50.525 -0.314257 1.03848 -2.39596 22.4495 -10.0
 50.52 -0.326012 1.05565 -2.6237 22.0797 -10.0
 50.515 -0.33773 1.07239 -2.8466 21.6072 -10.0
 50.51 -0.348208 1.09022 -3.07781 21.0349 -10.0
 50.505 -0.360427 1.10803 -3.31418 20.2927 -10.0
 128.15 -0.744015 1.00699 -3.38455 10.3056 -10.0
 128.155 -0.755963 0.971014 -3.02119 11.4394 -10.0
 128.16 -0.767297 0.934448 -2.64938 12.4954 -10.0
 128.165 -0.777657 0.900788 -2.30689 13.3397 -10.0
 128.17 -0.790436 0.868511 -1.98734 13.9528 -10.0
 128.175 -0.803046 0.839253 -1.70087 14.3865 -10.0
 128.18 -0.815587 0.813976 -1.45851 14.66 -10.0
 128.185 -0.827055 0.79332 -1.26426 14.824 -10.0
 128.19 -0.838722 0.770502 -1.04657 14.9908 -10.0
 128.195 -0.847887 0.75146 -0.863105 15.116 -10.0
 128.2 -0.856292 0.735353 -0.709962 15.2009 -10.0
 128.205 -0.862476 0.721822 -0.578581 15.2761 -10.0
 128.21 -0.866803 0.711035 -0.471956 15.3382 -10.0
 128.215 -0.871615 0.70165 -0.382458 15.3802 -10.0
 128.22 -0.878439 0.693755 -0.315817 15.3926 -10.0
 128.225 -0.887007 0.685799 -0.253939 15.3963 -10.0
 128.23 -0.89747 0.673633 -0.151086 15.4321 -10.0
 128.235 -0.908598 0.661366 -0.0491753 15.4761 -10.0
 128.24 -0.919669 0.648712 0.0572152 15.5375 -10.0
 128.245 -0.93001 0.637624 0.148442 15.6004 -10.0
 128.25 -0.941072 0.626786 0.234639 15.6709 -10.0
 128.255 -0.951961 0.615904 0.321872 15.7559 -10.0
 128.26 -0.962197 0.606073 0.399433 15.8437 -10.0
 128.265 -0.97384 0.596401 0.470836 15.9393 -10.0
 128.27 -0.983482 0.585705 0.559878 16.0627 -10.0
 128.275 -0.991295 0.574456 0.660782 16.2059 -10.0
 128.28 -0.998929 0.563736 0.756348 16.3522 -10.0
 128.285 -1.0002 0.553383 0.867651 16.4973 -10.0
 128.29 -1.00088 0.541784 0.994686 16.6622 -10.0
 128.295 -1.00104 0.53044 1.12051 16.8255 -10.0
 128.3 -1.00135 0.521112 1.22338 16.9625 -10.0
 128.305 -1.00099 0.513319 1.31128 17.0771 -10.0
 128.31 -0.999626 0.504838 1.40995 17.1999 -10.0
 128.315 -0.997016 0.49628 1.51337 17.3202 -10.0
 128.32 -0.99262 0.48494 1.65334 17.4758 -10.0
 128.325 -0.988533 0.473921 1.78876 17.628 -10.0
 128.33 -0.982307 0.465582 1.901 17.7264 -10.0
 128.335 -0.974958 0.460716 1.97808 17.7612 -10.0
 128.56 -0.754729 0.521457 1.98806 15.5202 -10.0
 128.565 -0.746424 0.531568 1.90137 15.4348 -10.0
 128.57 -0.739485 0.544401 1.78011 15.383 -10.0
 128.575 -0.732006 0.555783 1.67669 15.3487 -10.0
 128.58 -0.723915 0.565856 1.58975 15.3256 -10.0
 128.585 -0.715566 0.574819 1.51597 15.312 -10.0
 128.59 -0.707776 0.58287 1.45061 15.3107 -10.0
 128.595 -0.699132 0.590388 1.39383 15.3116 -10.0
 128.6 -0.690791 0.597377 1.34201 15.3208 -10.0
 128.605 -0.684298 0.60314 1.29808 15.3383 -10.0
 128.61 -0.679587 0.608602 1.25195 15.3696 -10.0
 128.615 -0.67722 0.611904 1.22256 15.3937 -10.0
 128.62 -0.671722 0.611295 1.24647 15.3546 -10.0
 128.625 -0.664179 0.61147 1.26803 15.3115 -10.0
 128.63 -0.658238 0.611453 1.28672 15.2749 -10.0
 128.635 -0.652695 0.609731 1.32317 15.2173 -10.0
 128.64 -0.647663 0.609827 1.33779 15.1859 -10.0
 128.645 -0.645287 0.609425 1.34966 15.1648 -10.0
 128.65 -0.643985 0.610123 1.34594 15.1658 -10.0
 128.655 -0.641792 0.610333 1.35044 15.1542 -10.0
 128.66 -0.641957 0.610202 1.35139 15.1534 -10.0
 128.665 -0.641933 0.610978 1.34282 15.1641 -10.0
 128.67 -0.640971 0.611712 1.33765 15.1681 -10.0
 128.675 -0.640231 0.608775 1.37265 15.122 -10.0
 128.68 -0.640496 0.605065 1.41314 15.0729 -10.0
 128.685 -0.640721 0.599782 1.47126 15.0042 -10.0
 128.69 -0.644258 0.598076 1.47923 15.0082 -10.0
 128.695 -0.647148 0.597453 1.47717 15.0215 -10.0
 128.7 -0.651489 0.594587 1.49554 15.0187 -10.0
 128.705 -0.652864 0.593082 1.50801 15.0112 -10.0
 128.71 -0.654767 0.59037 1.53229 14.9945 -10.0
 128.715 -0.655688 0.588906 1.54572 14.9852 -10.0
 128.72 -0.656506 0.587375 1.56021 14.9748 -10.0
 128.725 -0.657193 0.58607 1.5726 14.9661 -10.0
 128.73 -0.654369 0.583533 1.60965 14.9169 -10.0
 128.735 -0.652416 0.580731 1.64693 14.8719 -10.0
 128.74 -0.651449 0.578249 1.67758 14.8386 -10.0
 128.745 -0.649774 0.574824 1.72094 14.7906 -10.0
 128.75 -0.646548 0.571218 1.77114 14.7281 -10.0
 128.755 -0.640421 0.567507 1.83154 14.6389 -10.0
 128.76 -0.634568 0.564074 1.888 14.554 -10.0
 128.765 -0.628853 0.559562 1.95606 14.4605 -10.0
 30.185 -0.370844 0.634809 1.92225 13.8109 -10.0
 30.18 -0.384245 0.640183 1.82066 14.0478 -10.0
 30.175 -0.397149 0.645486 1.7214 14.2803 -10.0
 30.17 -0.411751 0.650271 1.62263 14.5068 -10.0
 30.165 -0.42224 0.654889 1.53852 14.7034 -10.0
 30.16 -0.432969 0.658378 1.46624 14.8665 -10.0
 30.155 -0.440989 0.660614 1.41635 14.9764 -10.0
 30.15 -0.448969 0.661382 1.38294 15.0426 -10.0
 30.145 -0.45625 0.660184 1.37358 15.0484 -10.0
 30.14 -0.463385 0.658531 1.36975 15.0417 -10.0
 30.135 -0.469521 0.655812 1.3809 15.0013 -10.0
 30.13 -0.475622 0.6541 1.38096 14.9901 -10.0
 30.125 -0.482342 0.653543 1.36622 15.0145 -10.0
 30.12 -0.489326 0.651791 1.36396 15.0094 -10.0
 30.115 -0.497818 0.65057 1.35109 15.0284 -10.0
 30.11 -0.505423 0.650567 1.32743 15.0737 -10.0
 30.105 -0.512388 0.650197 1.30985 15.1058 -10.0
 30.1 -0.520324 0.649821 1.28931 15.1434 -10.0
 30.095 -0.529676 0.649933 1.25891 15.2009 -10.0
 30.09 -0.540777 0.649578 1.22827 15.2567 -10.0
 30.085 -0.551138 0.648104 1.2124 15.2823 -10.0
 30.08 -0.562392 0.647498 1.18407 15.3324 -10.0
 30.075 -0.574032 0.646969 1.15369 15.3855 -10.0
 30.07 -0.582707 0.647819 1.1172 15.4496 -10.0
 30.065 -0.592665 0.649485 1.06761 15.534 -10.0
 30.06 -0.600687 0.651107 1.02456 15.6045 -10.0
 30.055 -0.610071 0.652624 0.978425 15.676 -10.0
 30.05 -0.619191 0.652293 0.953687 15.7089 -10.0
 30.045 -0.625833 0.652566 0.929951 15.7409 -10.0
 30.04 -0.630953 0.65444 0.89313 15.7932 -10.0
 30.035 -0.636753 0.656075 0.856856 15.8417 -10.0
 30.03 -0.641945 0.656925 0.831206 15.8731 -10.0
 30.025 -0.645961 0.656944 0.818481 15.8861 -10.0
 30.02 -0.650523 0.659494 0.775878 15.9398 -10.0
 30.015 -0.653499 0.662519 0.732919 15.9945 -10.0
 30.01 -0.656824 0.667412 0.668077 16.0764 -10.0
 30.005 -0.660623 0.673464 0.588858 16.1725 -10.0
 30.0 -0.665442 0.681415 0.485312 16.2906 -10.0
 29.995 -0.66815 0.68996 0.38173 16.408 -10.0
 29.99 -0.670103 0.699901 0.264968 16.5362 -10.0
 29.985 -0.671586 0.711805 0.127801 16.6789 -10.0
 29.98 -0.672032 0.725221 -0.0229614 16.827 -10.0
 29.975 -0.671239 0.74033 -0.188713 16.9787 -10.0
 29.97 -0.671869 0.753803 -0.34069 17.083 -10.0
 29.965 -0.671115 0.766743 -0.482418 17.1704 -10.0
 29.96 -0.670485 0.781465 -0.644361 17.2389 -10.0
 29.955 -0.668409 0.793719 -0.774338 17.2892 -10.0
 29.95 -0.667417 0.805576 -0.903258 17.3038 -10.0
 29.945 -0.668819 0.816678 -1.03124 17.26 -10.0
 29.94 -0.671251 0.829322 -1.17959 17.1609 -10.0
 29.935 -0.677383 0.841422 -1.33343 16.9555 -10.0
 29.93 -0.679577 0.853711 -1.4771 16.7775 -10.0
 29.925 -0.682498 0.867286 -1.63735 16.5237 -10.0
 29.92 -0.685923 0.884957 -1.84477 16.1274 -10.0
 29.915 -0.687966 0.90311 -2.05324 15.6741 -10.0
 29.91 -0.691932 0.919906 -2.25261 15.1259 -10.0
 29.905 -0.69489 0.937392 -2.45652 14.5157 -10.0
 29.9 -0.700066 0.957343 -2.69479 13.681 -10.0
 29.895 -0.702993 0.980554 -2.96234 12.7106 -10.0
 29.89 -0.70562 1.00638 -3.25808 11.5561 -10.0
