#! FIELDS time p.x p.y cv.node-0 opes.bias opes.rct opes.zed opes.neff opes.nker
 0.000000 -0.511004 1.52488 0.650222 -16 -16 1 1 0
 0.500000 -0.787948 1.18315 0.565227 -16 -16 1 1 0
 1.000000 -0.650242 1.38532 0.628407 -16 -16 1 1 0
 1.500000 -0.485241 1.55967 0.660875 -16 -16 1 1 0
 2.000000 -0.415575 1.50747 0.586204 -16 -16 1 1 0
 2.500000 -0.516923 1.54634 0.668681 -16 -16 1 1 0
 3.000000 -0.599669 1.44877 0.645031 -16 -16 1 1 0
 3.500000 -0.655368 1.33647 0.597227 -16 -16 1 1 0
 4.000000 -0.52221 1.50723 0.643841 -16 -16 1 1 0
 4.500000 -0.648828 1.38303 0.626025 -16 -16 1 1 0
 5.000000 -0.442094 1.54229 0.625119 -16 -16 1 1 0
 5.500000 -0.597741 1.40179 0.611035 -16 -16 1 1 0
 6.000000 -0.499025 1.45761 0.596262 -16 -16 1 1 0
 6.500000 -0.610286 1.37887 0.601921 -16 -16 1 1 0
 7.000000 -0.72339 1.27349 0.591275 -16 -16 1 1 0
 7.500000 -0.565332 1.41789 0.604545 -16 -16 1 1 0
 8.000000 -0.568188 1.41414 0.603484 -16 -16 1 1 0
 8.500000 -0.557128 1.36723 0.564749 -16 -16 1 1 0
 9.000000 -0.489691 1.58119 0.678627 -16 -16 1 1 0
 9.500000 -0.536371 1.56333 0.691409 -16 -16 1 1 0
 10.000000 -0.573924 1.47443 0.648968 -16 -16 1 1 0
 10.500000 -0.560815 1.30948 0.52679 -16 -16 1 1 0
 11.000000 -0.609283 1.39845 0.615034 -16 -16 1 1 0
 11.500000 -0.413306 1.56208 0.623587 -16 -16 1 1 0
 12.000000 -0.582509 1.34702 0.564568 -16 -16 1 1 0
 12.500000 -0.76915 1.25027 0.600721 -16 -16 1 1 0
 13.000000 -0.445026 1.63036 0.689451 -16 -16 1 1 0
 13.500000 -0.613023 1.47788 0.672896 -16 -16 1 1 0
 14.000000 -0.552932 1.42363 0.601794 -16 -16 1 1 0
 14.500000 -0.537974 1.38541 0.566963 -16 -16 1 1 0
 15.000000 -0.517857 1.42605 0.584381 -16 -16 1 1 0
 15.500000 -0.460554 1.45309 0.572259 -16 -16 1 1 0
 16.000000 -0.480625 1.47703 0.599922 -16 -16 1 1 0
 16.500000 -0.624622 1.27539 0.538153 -16 -16 1 1 0
 17.000000 -0.644759 1.42607 0.653918 -16 -16 1 1 0
 17.500000 -0.623668 1.43921 0.651515 -16 -16 1 1 0
 18.000000 -0.470451 1.55783 0.651526 -16 -16 1 1 0
 18.500000 -0.612148 1.46544 0.663634 -16 -16 1 1 0
 19.000000 -0.656231 1.44084 0.670634 -16 -16 1 1 0
 19.500000 -0.464779 1.52488 0.625083 -16 -16 1 1 0
 20.000000 -0.681669 1.16143 0.491666 -16 -16 1 1 0
 20.500000 -0.757759 1.19776 0.5584 -16 -16 1 1 0
 21.000000 -0.43974 1.57439 0.646628 -16 -16 1 1 0
 21.500000 -0.620657 1.28365 0.541659 -16 -16 1 1 0
 22.000000 -0.62194 1.38447 0.612225 -16 -16 1 1 0
 22.500000 -0.606933 1.42067 0.629292 -16 -16 1 1 0
 23.000000 -0.556514 1.42188 0.60252 -16 -16 1 1 0
 23.500000 -0.672126 1.27342 0.56289 -16 -16 1 1 0
 24.000000 -0.410616 1.56622 0.625074 -16 -16 1 1 0
 24.500000 -0.68822 1.30538 0.593821 -16 -16 1 1 0
 25.000000 -0.513804 1.49766 0.6325 -16 -16 0.472044 1 1
 25.500000 -0.634851 1.72022 0.858815 -10.9797 -16 0.472044 1 1
 26.000000 -0.332584 1.58255 0.594738 -0.305688 -16 0.472044 1 1
 26.500000 -0.616899 1.4195 0.633956 -0.000454393 -16 0.472044 1 1
 27.000000 -0.699984 1.25827 0.567844 -0.896168 -16 0.472044 1 1
 27.500000 -0.555818 1.18728 0.440606 -7.89386 -8.99186 0.481144 1.00075 2
 28.000000 -0.533689 1.62267 0.732371 -9.10573 -8.99186 0.481144 1.00075 2
 28.500000 -0.606787 1.4509 0.650446 -6.94461 -8.99186 0.481144 1.00075 2
 29.000000 -0.65785 1.36078 0.615489 -5.85074 -8.99186 0.481144 1.00075 2
 29.500000 -0.53367 1.62352 0.732974 -9.13159 -8.99186 0.481144 1.00075 2
 30.000000 -0.775141 1.36363 0.682642 -7.50218 -8.37187 0.43177 1.00185 3
 30.500000 -0.499179 1.39662 0.553711 -2.58863 -8.37187 0.43177 1.00185 3
 31.000000 -0.691988 1.26949 0.571142 -2.438 -8.37187 0.43177 1.00185 3
 31.500000 -0.451546 1.44068 0.558712 -2.62926 -8.37187 0.43177 1.00185 3
 32.000000 -0.468801 1.47487 0.591998 -1.63615 -8.37187 0.43177 1.00185 3
 32.500000 -0.803757 1.19041 0.579001 -2.16407 -3.76548 0.39525 1.22876 4
 33.000000 -0.724978 1.44044 0.708528 -3.32223 -3.76548 0.39525 1.22876 4
 33.500000 -0.454607 1.71602 0.756374 -5.36835 -3.76548 0.39525 1.22876 4
 34.000000 -0.640536 1.42581 0.6514 -0.509665 -3.76548 0.39525 1.22876 4
 34.500000 -0.500938 1.62811 0.718331 -3.80393 -3.76548 0.39525 1.22876 4
 35.000000 -0.46974 1.55906 0.652011 -0.533739 -2.14531 0.4574 2.13508 3
 35.500000 -0.567311 1.40085 0.593717 -0.038781 -2.14531 0.4574 2.13508 3
 36.000000 -0.492939 1.53584 0.648145 0.793781 -2.14531 0.4574 2.13508 3
 36.500000 -0.673782 1.2744 0.564478 -0.698301 -2.14531 0.4574 2.13508 3
 37.000000 -0.58499 1.43779 0.629259 0.660076 -2.14531 0.4574 2.13508 3
 37.500000 -0.686471 1.17622 0.504333 -2.43303 -2.18168 0.358005 2.34762 4
 38.000000 -0.61797 1.43106 0.642656 0.896838 -2.18168 0.358005 2.34762 4
 38.500000 -0.381127 1.68301 0.69261 0.286051 -2.18168 0.358005 2.34762 4
 39.000000 -0.754867 1.60234 0.840555 -12.1135 -2.18168 0.358005 2.34762 4
 39.500000 -0.612 1.72709 0.851114 -13.7024 -2.18168 0.358005 2.34762 4
 40.000000 -0.509344 1.83715 0.874825 -16 -2.31521 0.286404 2.34762 5
 40.500000 -0.688332 1.64551 0.83444 -11.0248 -2.31521 0.286404 2.34762 5
 41.000000 -0.485096 1.82854 0.85514 -13.167 -2.31521 0.286404 2.34762 5
 41.500000 -0.616962 1.49841 0.689592 0.582052 -2.31521 0.286404 2.34762 5
 42.000000 -0.655096 1.28504 0.561519 -0.265199 -2.31521 0.286404 2.34762 5
 42.500000 -0.690037 1.35081 0.626341 0.949763 -0.980812 0.34502 2.37852 5
 43.000000 -0.485239 1.40478 0.551846 -0.778734 -0.980812 0.34502 2.37852 5
 43.500000 -0.452552 1.83504 0.842021 -14.9601 -0.980812 0.34502 2.37852 5
 44.000000 -0.660081 1.6579 0.827648 -12.8003 -0.980812 0.34502 2.37852 5
 44.500000 -0.874676 1.49885 0.834039 -13.7556 -0.980812 0.34502 2.37852 5
 45.000000 -0.656276 1.67189 0.83565 -14.004 -1.08617 0.287517 2.37852 6
 45.500000 -0.603121 1.68532 0.815848 -10.8808 -1.08617 0.287517 2.37852 6
 46.000000 -0.723407 1.62967 0.842616 -12.7768 -1.08617 0.287517 2.37852 6
 46.500000 -0.676672 1.66043 0.838721 -12.6954 -1.08617 0.287517 2.37852 6
 47.000000 -0.707739 1.59671 0.810123 -10.184 -1.08617 0.287517 2.37852 6
 47.500000 -0.441773 1.81307 0.820012 -11.3619 -1.18148 0.287517 2.37853 6
 48.000000 -0.677867 1.60698 0.800835 -8.87078 -1.18148 0.287517 2.37853 6
 48.500000 -0.757292 1.50837 0.774682 -6.09628 -1.18148 0.287517 2.37853 6
 49.000000 -0.760824 1.57964 0.827586 -10.2663 -1.18148 0.287517 2.37853 6
 49.500000 -0.540857 1.63829 0.747533 -3.55592 -1.18148 0.287517 2.37853 6
 50.000000 -0.611559 1.49985 0.687634 0.182135 -0.964333 0.281187 3.27596 7
 50.500000 -0.633278 1.27632 0.543535 -1.19799 -0.964333 0.281187 3.27596 7
 51.000000 -0.530376 1.54362 0.674102 0.936638 -0.964333 0.281187 3.27596 7
 51.500000 -0.606745 1.49723 0.683121 0.812323 -0.964333 0.281187 3.27596 7
 52.000000 -0.751614 1.18947 0.549336 -0.973101 -0.964333 0.281187 3.27596 7
 52.500000 -0.641615 1.31928 0.577747 0.144148 -0.819251 0.276216 4.18548 7
 53.000000 -0.503741 1.39648 0.556081 0.183329 -0.819251 0.276216 4.18548 7
 53.500000 -0.586905 1.32995 0.555146 0.156879 -0.819251 0.276216 4.18548 7
 54.000000 -0.565669 1.23774 0.480231 -2.56925 -0.819251 0.276216 4.18548 7
 54.500000 -0.468228 1.5621 0.653347 0.948713 -0.819251 0.276216 4.18548 7
 55.000000 -0.77626 1.08566 0.492736 -2.19708 -0.87415 0.274723 4.31992 7
 55.500000 -0.40973 1.56816 0.625973 1.02736 -0.87415 0.274723 4.31992 7
 56.000000 -0.694827 1.36817 0.64109 1.00372 -0.87415 0.274723 4.31992 7
 56.500000 -0.592515 1.23817 0.495114 -1.47239 -0.87415 0.274723 4.31992 7
 57.000000 -0.485509 1.38621 0.539073 -0.346106 -0.87415 0.274723 4.31992 7
 57.500000 -0.790724 1.69536 0.92806 -14.7151 -0.943143 0.240382 4.31992 8
 58.000000 -0.671522 1.65776 0.833922 -9.35787 -0.943143 0.240382 4.31992 8
 58.500000 -0.491269 1.51431 0.631992 1.15135 -0.943143 0.240382 4.31992 8
 59.000000 -0.484046 1.45904 0.589137 0.92832 -0.943143 0.240382 4.31992 8
 59.500000 -0.588045 1.5023 0.67642 0.826293 -0.943143 0.240382 4.31992 8
 60.000000 -0.56843 1.42031 0.607938 1.0922 -0.595355 0.267279 4.89222 8
 60.500000 -0.520335 1.41322 0.576758 0.863167 -0.595355 0.267279 4.89222 8
 61.000000 -0.760624 1.36332 0.674313 0.458281 -0.595355 0.267279 4.89222 8
 61.500000 -0.818301 0.498312 0.137661 -16 -0.595355 0.267279 4.89222 8
 62.000000 -0.0636883 0.505316 -0.23788 -16 -0.595355 0.267279 4.89222 8
 62.500000 0.071394 0.497514 -0.304293 -16 -0.65598 0.237582 4.89222 9
 63.000000 0.209637 0.425007 -0.406461 -15.9749 -0.65598 0.237582 4.89222 9
 63.500000 -0.0218972 0.579376 -0.214145 -15.9382 -0.65598 0.237582 4.89222 9
 64.000000 0.0226147 0.538382 -0.258579 -15.4744 -0.65598 0.237582 4.89222 9
 64.500000 0.0771109 0.53461 -0.285583 -15.1403 -0.65598 0.237582 4.89222 9
 65.000000 -0.00432069 0.487621 -0.275518 -15.2432 -0.713138 0.237582 4.89222 9
 65.500000 0.286613 0.522337 -0.385222 -15.6694 -0.713138 0.237582 4.89222 9
 66.000000 0.139589 0.534229 -0.313893 -14.5414 -0.713138 0.237582 4.89222 9
 66.500000 0.117128 0.489345 -0.329488 -14.7321 -0.713138 0.237582 4.89222 9
 67.000000 0.182359 0.509798 -0.346815 -15.0154 -0.713138 0.237582 4.89222 9
 67.500000 0.160055 0.520545 -0.330828 -14.7517 -0.767206 0.237582 4.89223 9
 68.000000 0.240937 0.526774 -0.362883 -14.3295 -0.767206 0.237582 4.89223 9
 68.500000 0.276116 0.505788 -0.390018 -14.7816 -0.767206 0.237582 4.89223 9
 69.000000 0.0143132 0.464411 -0.29733 -13.9267 -0.767206 0.237582 4.89223 9
 69.500000 0.0849934 0.498648 -0.309776 -13.9156 -0.767206 0.237582 4.89223 9
 70.000000 0.0802667 0.437636 -0.342319 -14.0843 -0.818499 0.237582 4.89223 9
 70.500000 -0.180917 0.521666 -0.173036 -15.4842 -0.818499 0.237582 4.89223 9
 71.000000 -0.174565 0.609419 -0.124099 -15.9331 -0.818499 0.237582 4.89223 9
 71.500000 0.0383454 0.455243 -0.313468 -13.4123 -0.818499 0.237582 4.89223 9
 72.000000 0.134398 0.523513 -0.31771 -13.4051 -0.818499 0.237582 4.89223 9
 72.500000 0.0461536 0.453519 -0.31798 -13.4047 -0.867289 0.237582 4.89223 9
 73.000000 0.20303 0.453708 -0.387541 -13.364 -0.867289 0.237582 4.89223 9
 73.500000 0.261195 0.491163 -0.391793 -13.4299 -0.867289 0.237582 4.89223 9
 74.000000 0.495121 0.543085 -0.461745 -14.9147 -0.867289 0.237582 4.89223 9
 74.500000 -0.312261 0.529022 -0.104984 -15.9331 -0.867289 0.237582 4.89223 9
 75.000000 -0.0246837 0.511954 -0.252117 -13.3864 -0.913809 0.213824 4.89223 10
 75.500000 0.270175 0.508015 -0.386194 -13.1611 -0.913809 0.213824 4.89223 10
 76.000000 0.0185263 0.478335 -0.291288 -12.5357 -0.913809 0.213824 4.89223 10
 76.500000 -0.184885 0.549863 -0.154521 -14.2137 -0.913809 0.213824 4.89223 10
 77.000000 -0.102755 0.479362 -0.23468 -12.9318 -0.913809 0.213824 4.89223 10
 77.500000 0.0920253 0.570446 -0.271633 -12.6164 -0.95826 0.237582 4.89223 9
 78.000000 0.0682774 0.424165 -0.344552 -12.335 -0.95826 0.237582 4.89223 9
 78.500000 0.261469 0.509062 -0.381832 -12.8318 -0.95826 0.237582 4.89223 9
 79.000000 0.195529 0.416016 -0.405333 -13.2646 -0.95826 0.237582 4.89223 9
 79.500000 -0.0842218 0.494892 -0.23435 -12.3136 -0.95826 0.237582 4.89223 9
 80.000000 -0.371237 0.557022 -0.0590141 -15.6898 -1.00082 0.213823 4.89223 10
 80.500000 -0.178451 0.56467 -0.148849 -13.6222 -1.00082 0.213823 4.89223 10
 81.000000 0.113811 0.435671 -0.358386 -12.3946 -1.00082 0.213823 4.89223 10
 81.500000 -0.464924 0.445264 -0.0787807 -14.8807 -1.00082 0.213823 4.89223 10
 82.000000 -0.0562151 0.52328 -0.230929 -12.2499 -1.00082 0.213823 4.89223 10
 82.500000 0.0230834 0.512701 -0.27363 -11.9733 -1.04164 0.213823 4.89224 10
 83.000000 0.0358167 0.561494 -0.251219 -11.525 -1.04164 0.213823 4.89224 10
 83.500000 0.432054 0.44329 -0.490792 -15.0649 -1.04164 0.213823 4.89224 10
 84.000000 0.0656482 0.532364 -0.281682 -11.4373 -1.04164 0.213823 4.89224 10
 84.500000 0.426667 0.432321 -0.494574 -15.1556 -1.04164 0.213823 4.89224 10
 85.000000 0.0488361 0.511653 -0.285968 -11.4387 -1.08086 0.213823 4.89225 10
 85.500000 0.0929879 0.506232 -0.309037 -10.9907 -1.08086 0.213823 4.89225 10
 86.000000 0.335507 0.511506 -0.412308 -12.4699 -1.08086 0.213823 4.89225 10
 86.500000 -0.0539541 0.599838 -0.187138 -11.7996 -1.08086 0.213823 4.89225 10
 87.000000 -0.411648 0.576512 -0.0269839 -15.1416 -1.08086 0.213823 4.89225 10
 87.500000 -0.0607362 0.539995 -0.219085 -11.3211 -1.1186 0.213823 4.89226 10
 88.000000 0.105808 0.534196 -0.298772 -10.6713 -1.1186 0.213823 4.89226 10
 88.500000 0.340871 0.512443 -0.41407 -12.3814 -1.1186 0.213823 4.89226 10
 89.000000 0.26966 0.460123 -0.412836 -12.3522 -1.1186 0.213823 4.89226 10
 89.500000 0.357964 0.567313 -0.390452 -11.8627 -1.1186 0.213823 4.89226 10
 90.000000 0.222258 0.503431 -0.367943 -11.4475 -1.15497 0.194384 4.89227 11
 90.500000 0.392245 0.490886 -0.447863 -11.9751 -1.15497 0.194384 4.89227 11
 91.000000 0.166819 0.453615 -0.371724 -10.8894 -1.15497 0.194384 4.89227 11
 91.500000 0.269278 0.554499 -0.359483 -10.7732 -1.15497 0.194384 4.89227 11
 92.000000 -0.109822 0.475921 -0.233361 -10.5058 -1.15497 0.194384 4.89227 11
 92.500000 0.0669762 0.485352 -0.30925 -10.4513 -1.19005 0.194384 4.8923 11
 93.000000 0.292078 0.453648 -0.426069 -11.0968 -1.19005 0.194384 4.8923 11
 93.500000 -0.0514623 0.547321 -0.219135 -10.2471 -1.19005 0.194384 4.8923 11
 94.000000 -0.223391 0.579269 -0.118481 -12.0475 -1.19005 0.194384 4.8923 11
 94.500000 -0.152255 0.470718 -0.216406 -10.2761 -1.19005 0.194384 4.8923 11
 95.000000 0.0575994 0.50592 -0.293238 -9.87554 -1.22395 0.194384 4.89235 11
 95.500000 0.122664 0.517558 -0.315871 -9.41379 -1.22395 0.194384 4.89235 11
 96.000000 0.202782 0.415387 -0.408839 -10.4287 -1.22395 0.194384 4.89235 11
 96.500000 0.415927 0.577619 -0.40926 -10.4362 -1.22395 0.194384 4.89235 11
 97.000000 0.139173 0.400541 -0.389288 -10.1086 -1.22395 0.194384 4.89235 11
 97.500000 -0.0407663 0.528372 -0.235151 -9.62704 -1.25673 0.194383 4.89242 11
 98.000000 0.0990686 0.46621 -0.334559 -9.2731 -1.25673 0.194383 4.89242 11
 98.500000 -0.04245 0.483366 -0.260414 -8.98209 -1.25673 0.194383 4.89242 11
 99.000000 0.0192917 0.473118 -0.294622 -9.01472 -1.25673 0.194383 4.89242 11
 99.500000 0.451574 0.531166 -0.45029 -11.2572 -1.25673 0.194383 4.89242 11
 100.000000 0.286565 0.436642 -0.43316 -10.8547 -1.28848 0.194382 4.89244 11
 100.500000 0.0281403 0.496818 -0.285073 -8.97538 -1.28848 0.194382 4.89244 11
 101.000000 0.148078 0.484364 -0.346086 -9.30864 -1.28848 0.194382 4.89244 11
 101.500000 0.182738 0.549219 -0.324502 -9.14237 -1.28848 0.194382 4.89244 11
 102.000000 0.15251 0.404451 -0.392969 -9.78998 -1.28848 0.194382 4.89244 11
 102.500000 0.0828565 0.431893 -0.346719 -9.31417 -1.31924 0.194381 4.89253 11
 103.000000 -0.0385249 0.501319 -0.25187 -8.82071 -1.31924 0.194381 4.89253 11
 103.500000 0.00819822 0.445117 -0.305547 -8.68547 -1.31924 0.194381 4.89253 11
 104.000000 -0.0668597 0.53496 -0.219163 -9.07095 -1.31924 0.194381 4.89253 11
 104.500000 0.132441 0.5925 -0.277098 -8.71694 -1.31924 0.194381 4.89253 11
 105.000000 -0.0991619 0.550565 -0.194877 -9.34782 -1.34908 0.19438 4.89261 11
 105.500000 0.0927661 0.445577 -0.343422 -8.70979 -1.34908 0.19438 4.89261 11
 106.000000 -0.267046 0.548435 -0.115593 -9.78547 -1.34908 0.19438 4.89261 11
 106.500000 -0.0217277 0.516129 -0.251066 -8.49338 -1.34908 0.19438 4.89261 11
 107.000000 0.000732883 0.546607 -0.243749 -8.50769 -1.34908 0.19438 4.89261 11
 107.500000 0.289709 0.50542 -0.396089 -9.13154 -1.37806 0.194378 4.89272 11
 108.000000 0.0729609 0.468181 -0.32173 -8.39569 -1.37806 0.194378 4.89272 11
 108.500000 0.0130017 0.432923 -0.314662 -8.39294 -1.37806 0.194378 4.89272 11
 109.000000 0.288401 0.514931 -0.390171 -8.57758 -1.37806 0.194378 4.89272 11
 109.500000 -0.151684 0.453773 -0.226491 -8.55279 -1.37806 0.194378 4.89272 11
 110.000000 -0.0925992 0.570384 -0.186323 -8.82707 -1.40621 0.194376 4.89287 11
 110.500000 0.0688042 0.402155 -0.357171 -8.43083 -1.40621 0.194376 4.89287 11
 111.000000 0.13742 0.455295 -0.3578 -8.43321 -1.40621 0.194376 4.89287 11
 111.500000 0.154501 0.451145 -0.367687 -8.47302 -1.40621 0.194376 4.89287 11
 112.000000 0.190068 0.517125 -0.346051 -8.39128 -1.40621 0.194376 4.89287 11
 112.500000 0.0384478 0.511061 -0.281583 -8.19978 -1.43358 0.194373 4.89314 11
 113.000000 0.148732 0.441056 -0.370816 -8.14755 -1.43358 0.194373 4.89314 11
 113.500000 0.423209 0.469343 -0.472768 -9.41811 -1.43358 0.194373 4.89314 11
 114.000000 0.282026 0.483487 -0.405092 -8.46198 -1.43358 0.194373 4.89314 11
 114.500000 0.359351 0.464459 -0.448672 -9.01503 -1.43358 0.194373 4.89314 11
 115.000000 0.213123 0.433853 -0.403043 -8.44065 -1.46022 0.194369 4.89336 11
 115.500000 0.378164 0.633911 -0.361182 -7.75673 -1.46022 0.194369 4.89336 11
 116.000000 0.0106702 0.450378 -0.303676 -7.64239 -1.46022 0.194369 4.89336 11
 116.500000 0.318147 0.41318 -0.459581 -8.5039 -1.46022 0.194369 4.89336 11
 117.000000 0.245901 0.526094 -0.365434 -7.7694 -1.46022 0.194369 4.89336 11
 117.500000 0.150227 0.493429 -0.341897 -7.70896 -1.48615 0.194365 4.8938 11
 118.000000 0.241838 0.435143 -0.414766 -7.57874 -1.48615 0.194365 4.8938 11
 118.500000 0.0871326 0.492326 -0.314348 -7.20658 -1.48615 0.194365 4.8938 11
 119.000000 0.260589 0.579641 -0.34135 -7.19468 -1.48615 0.194365 4.8938 11
 119.500000 -0.0327709 0.518725 -0.244457 -7.45955 -1.48615 0.194365 4.8938 11
 120.000000 -0.0618818 0.520644 -0.229822 -7.54818 -1.51141 0.194357 4.89433 11
 120.500000 0.236445 0.495137 -0.378814 -7.27468 -1.51141 0.194357 4.89433 11
 121.000000 0.154538 0.493585 -0.343719 -7.10341 -1.51141 0.194357 4.89433 11
 121.500000 0.370257 0.479338 -0.445017 -7.97772 -1.51141 0.194357 4.89433 11
 122.000000 0.110784 0.476826 -0.33377 -7.07106 -1.51141 0.194357 4.89433 11
 122.500000 0.0179708 0.47837 -0.291015 -6.9885 -1.53599 0.194348 4.89525 11
 123.000000 -0.00785433 0.550628 -0.237447 -6.59974 -1.53599 0.194348 4.89525 11
 123.500000 0.416022 0.515453 -0.444175 -7.82977 -1.53599 0.194348 4.89525 11
 124.000000 0.130839 0.445399 -0.360462 -6.80581 -1.53599 0.194348 4.89525 11
 124.500000 0.117745 0.472493 -0.339334 -6.65893 -1.53599 0.194348 4.89525 11
 125.000000 0.234698 0.480152 -0.38649 -7.04383 -1.55999 0.194335 4.89612 11
 125.500000 0.275032 0.432471 -0.430536 -6.98536 -1.55999 0.194335 4.89612 11
 126.000000 -0.0638022 0.468367 -0.259168 -6.46391 -1.55999 0.194335 4.89612 11
 126.500000 0.249744 0.534082 -0.362578 -6.44528 -1.55999 0.194335 4.89612 11
 127.000000 -0.348456 0.462797 -0.126383 -8.1831 -1.55999 0.194335 4.89612 11
 127.500000 -0.105244 0.454971 -0.247598 -6.51924 -1.58336 0.194314 4.89759 11
 128.000000 0.0767573 0.558743 -0.271487 -6.01174 -1.58336 0.194314 4.89759 11
 128.500000 0.0173811 0.461799 -0.300218 -6.05006 -1.58336 0.194314 4.89759 11
 129.000000 0.0564843 0.446424 -0.326667 -6.1476 -1.58336 0.194314 4.89759 11
 129.500000 0.281805 0.543589 -0.371119 -6.40204 -1.58336 0.194314 4.89759 11
 130.000000 0.0903086 0.565007 -0.274005 -6.01153 -1.60607 0.194283 4.90003 11
 130.500000 0.0880569 0.569007 -0.270668 -5.55349 -1.60607 0.194283 4.90003 11
 131.000000 0.103972 0.50966 -0.312011 -5.66975 -1.60607 0.194283 4.90003 11
 131.500000 -0.0704866 0.55651 -0.204867 -5.96333 -1.60607 0.194283 4.90003 11
 132.000000 0.119545 0.496485 -0.326503 -5.76292 -1.60607 0.194283 4.90003 11
 132.500000 0.233872 0.431361 -0.413429 -6.66494 -1.6284 0.194261 4.9013 11
 133.000000 -0.0535203 0.625098 -0.172396 -6.47477 -1.6284 0.194261 4.9013 11
 133.500000 0.177094 0.487348 -0.35722 -5.81385 -1.6284 0.194261 4.9013 11
 134.000000 0.00559394 0.584865 -0.223675 -5.76388 -1.6284 0.194261 4.9013 11
 134.500000 -0.0777049 0.484126 -0.24362 -5.62294 -1.6284 0.194261 4.9013 11
 135.000000 -0.0385159 0.47366 -0.267816 -5.54409 -1.64993 0.194208 4.90519 11
 135.500000 -0.0155989 0.583271 -0.214788 -5.4169 -1.64993 0.194208 4.90519 11
 136.000000 0.197967 0.571246 -0.318616 -5.26698 -1.64993 0.194208 4.90519 11
 136.500000 0.121199 0.494916 -0.328135 -5.33589 -1.64993 0.194208 4.90519 11
 137.000000 0.0959372 0.48534 -0.322285 -5.29257 -1.64993 0.194208 4.90519 11
 137.500000 0.215899 0.449843 -0.395315 -5.92912 -1.67114 0.194171 4.90785 11
 138.000000 -0.0513491 0.575641 -0.202604 -5.57221 -1.67114 0.194171 4.90785 11
 138.500000 -0.861039 0.523171 0.176178 -15.9955 -1.67114 0.194171 4.90785 11
 139.000000 -0.737476 0.55649 0.130112 -15.9672 -1.67114 0.194171 4.90785 11
 139.500000 -0.459384 0.594959 0.0084251 -13.3638 -1.67114 0.194171 4.90785 11
 140.000000 -0.589412 0.599205 0.0781663 -15.7593 -1.69219 0.17799 4.90785 12
 140.500000 -0.751466 0.50855 0.108074 -15.0991 -1.69219 0.17799 4.90785 12
 141.000000 -0.520193 0.516516 -0.00808041 -12.365 -1.69219 0.17799 4.90785 12
 141.500000 -0.340873 0.501265 -0.107378 -7.83586 -1.69219 0.17799 4.90785 12
 142.000000 -0.269069 0.521544 -0.130564 -7.08093 -1.69219 0.17799 4.90785 12
 142.500000 -0.642728 0.536491 0.0676089 -14.9032 -1.71281 0.17799 4.90785 12
 143.000000 -0.464617 0.590593 0.00843403 -13.1259 -1.71281 0.17799 4.90785 12
 143.500000 -0.613688 0.469162 0.0115573 -13.2584 -1.71281 0.17799 4.90785 12
 144.000000 -0.132531 0.564019 -0.171168 -6.04503 -1.71281 0.17799 4.90785 12
 144.500000 -0.00554688 0.529068 -0.251034 -5.04112 -1.71281 0.17799 4.90785 12
 145.000000 0.0172559 0.497264 -0.279851 -4.97967 -1.73224 0.177909 4.9147 12
 145.500000 -0.18853 0.47197 -0.198466 -5.17515 -1.73224 0.177909 4.9147 12
 146.000000 -0.137122 0.578206 -0.1606 -5.99548 -1.73224 0.177909 4.9147 12
 146.500000 0.196076 0.436538 -0.39412 -5.23443 -1.73224 0.177909 4.9147 12
 147.000000 -0.0841417 0.679824 -0.125223 -7.06363 -1.73224 0.177909 4.9147 12
 147.500000 -0.476873 0.588302 0.0132975 -13.5651 -1.75204 0.177909 4.9147 12
 148.000000 -0.383165 0.576875 -0.0410859 -10.7319 -1.75204 0.177909 4.9147 12
 148.500000 -0.554937 0.542985 0.0258354 -12.9322 -1.75204 0.177909 4.9147 12
 149.000000 -0.246571 0.542581 -0.129044 -6.93411 -1.75204 0.177909 4.9147 12
 149.500000 -0.528138 0.509564 -0.00820513 -12.248 -1.75204 0.177909 4.9147 12
 150.000000 -0.341047 0.660656 -0.0112947 -12.132 -1.77146 0.194082 4.91471 11
 150.500000 -0.2541 0.56617 -0.111349 -7.64177 -1.77146 0.194082 4.91471 11
 151.000000 -0.404729 0.513014 -0.0686482 -9.42142 -1.77146 0.194082 4.91471 11
 151.500000 -0.506256 0.538299 -0.00204718 -11.6486 -1.77146 0.194082 4.91471 11
 152.000000 -0.274991 0.556559 -0.106871 -7.81157 -1.77146 0.194082 4.91471 11
 152.500000 0.0762555 0.567703 -0.266067 -4.59959 -1.78937 0.193946 4.92473 11
 153.000000 0.10825 0.569196 -0.279693 -4.15891 -1.78937 0.193946 4.92473 11
 153.500000 0.41494 0.494074 -0.455618 -6.02759 -1.78937 0.193946 4.92473 11
 154.000000 -0.0424968 0.523926 -0.236931 -4.30419 -1.78937 0.193946 4.92473 11
 154.500000 0.228338 0.466289 -0.391509 -5.18423 -1.78937 0.193946 4.92473 11
 155.000000 -0.00676659 0.527796 -0.251209 -4.20889 -1.80638 0.193741 4.93954 11
 155.500000 0.0321889 0.492325 -0.289495 -3.81731 -1.80638 0.193741 4.93954 11
 156.000000 0.162739 0.552162 -0.313933 -4.01599 -1.80638 0.193741 4.93954 11
 156.500000 -0.104289 0.460826 -0.244669 -3.79508 -1.80638 0.193741 4.93954 11
 157.000000 -0.488984 0.617852 0.0375745 -12.0114 -1.80638 0.193741 4.93954 11
 157.500000 -0.800552 0.706192 0.258017 -14.9786 -1.82473 0.177596 4.93954 12
 158.000000 -0.758721 0.531669 0.126168 -13.6212 -1.82473 0.177596 4.93954 12
 158.500000 -0.798138 0.488323 0.120666 -13.4785 -1.82473 0.177596 4.93954 12
 159.000000 -0.454688 0.696497 0.0684738 -12.3543 -1.82473 0.177596 4.93954 12
 159.500000 -0.466697 0.598385 0.014247 -11.6494 -1.82473 0.177596 4.93954 12
 160.000000 -0.0634907 0.53344 -0.221623 -3.89026 -1.84045 0.177335 4.95991 12
 160.500000 0.212671 0.477501 -0.378383 -4.78288 -1.84045 0.177335 4.95991 12
 161.000000 0.413039 0.452219 -0.477971 -6.35302 -1.84045 0.177335 4.95991 12
 161.500000 0.405084 0.47957 -0.459535 -6.0093 -1.84045 0.177335 4.95991 12
 162.000000 0.163005 0.584146 -0.295639 -3.52436 -1.84045 0.177335 4.95991 12
 162.500000 0.240949 0.488136 -0.384716 -4.88627 -1.8573 0.177249 4.96748 12
 163.000000 0.207959 0.536977 -0.342631 -3.97016 -1.8573 0.177249 4.96748 12
 163.500000 0.185147 0.464108 -0.373874 -4.29794 -1.8573 0.177249 4.96748 12
 164.000000 0.261721 0.545595 -0.361258 -4.17142 -1.8573 0.177249 4.96748 12
 164.500000 -0.0592324 0.498109 -0.244126 -3.29126 -1.8573 0.177249 4.96748 12
 165.000000 -0.497832 0.483787 -0.0391735 -8.48546 -1.87467 0.177248 4.96768 12
 165.500000 -0.380846 0.490211 -0.0941454 -6.09545 -1.87467 0.177248 4.96768 12
 166.000000 -0.239183 0.622767 -0.0847228 -6.42362 -1.87467 0.177248 4.96768 12
 166.500000 0.131287 0.444617 -0.361102 -4.16982 -1.87467 0.177248 4.96768 12
 167.000000 0.155724 0.528666 -0.324267 -3.76419 -1.87467 0.177248 4.96768 12
 167.500000 -0.0437203 0.584073 -0.201216 -3.56767 -1.8886 0.176894 4.99585 12
 168.000000 0.0119443 0.453803 -0.302304 -3.38051 -1.8886 0.176894 4.99585 12
 168.500000 0.233104 0.492644 -0.378764 -4.33949 -1.8886 0.176894 4.99585 12
 169.000000 0.224712 0.486683 -0.378467 -4.33642 -1.8886 0.176894 4.99585 12
 169.500000 0.0186794 0.397752 -0.337122 -3.84154 -1.8886 0.176894 4.99585 12
 170.000000 0.180342 0.574979 -0.30865 -3.45946 -1.90189 0.163429 5.0273 13
 170.500000 -0.120354 0.519166 -0.203267 -2.90728 -1.90189 0.163429 5.0273 13
 171.000000 0.369086 0.447289 -0.462278 -5.24405 -1.90189 0.163429 5.0273 13
 171.500000 0.441577 0.563254 -0.42815 -4.55549 -1.90189 0.163429 5.0273 13
 172.000000 0.285575 0.572579 -0.356271 -3.43833 -1.90189 0.163429 5.0273 13
 172.500000 0.145108 0.484765 -0.344542 -3.29187 -1.91427 0.176334 5.06457 12
 173.000000 -0.00321408 0.512826 -0.261505 -2.65393 -1.91427 0.176334 5.06457 12
 173.500000 0.0519431 0.562467 -0.25803 -2.66064 -1.91427 0.176334 5.06457 12
 174.000000 0.170722 0.51773 -0.33716 -2.765 -1.91427 0.176334 5.06457 12
 174.500000 0.127878 0.470948 -0.34472 -2.80878 -1.91427 0.176334 5.06457 12
 175.000000 -0.0190848 0.565626 -0.223499 -2.79715 -1.92378 0.175631 5.1256 12
 175.500000 0.0876269 0.5881 -0.259387 -2.32168 -1.92378 0.175631 5.1256 12
 176.000000 0.139305 0.548776 -0.30542 -2.49917 -1.92378 0.175631 5.1256 12
 176.500000 0.276981 0.466339 -0.412515 -3.63703 -1.92378 0.175631 5.1256 12
 177.000000 0.381986 0.493977 -0.441823 -4.27848 -1.92378 0.175631 5.1256 12
 177.500000 0.0730281 0.4906 -0.308983 -2.51904 -1.93092 0.175002 5.20632 12
 178.000000 -0.452454 0.584337 -0.00156947 -8.19253 -1.93092 0.175002 5.20632 12
 178.500000 -0.430883 0.507917 -0.0585763 -6.01424 -1.93092 0.175002 5.20632 12
 179.000000 -0.701486 0.696904 0.198479 -14.7264 -1.93092 0.175002 5.20632 12
 179.500000 -0.809998 0.695355 0.256296 -14.2221 -1.93092 0.175002 5.20632 12
 180.000000 -0.860465 0.633769 0.244981 -14.4155 -1.94667 0.175002 5.20632 12
 180.500000 -0.69205 0.653873 0.166382 -13.857 -1.94667 0.175002 5.20632 12
 181.000000 -0.645596 0.611665 0.115398 -11.8854 -1.94667 0.175002 5.20632 12
 181.500000 -0.66626 0.518032 0.0687003 -10.1734 -1.94667 0.175002 5.20632 12
 182.000000 -0.71177 0.639291 0.167814 -13.8853 -1.94667 0.175002 5.20632 12
 182.500000 -0.544406 0.453851 -0.0333407 -7.03018 -1.96208 0.17499 5.20723 12
 183.000000 0.0123807 0.55078 -0.246687 -2.09609 -1.96208 0.17499 5.20723 12
 183.500000 0.238204 0.386334 -0.44025 -4.08202 -1.96208 0.17499 5.20723 12
 184.000000 0.323351 0.493469 -0.417222 -3.45667 -1.96208 0.17499 5.20723 12
 184.500000 0.0931024 0.592942 -0.259056 -2.05792 -1.96208 0.17499 5.20723 12
 185.000000 0.0941491 0.342405 -0.401743 -3.10735 -1.97246 0.161641 5.25274 13
 185.500000 0.0433959 0.538346 -0.268103 -1.96091 -1.97246 0.161641 5.25274 13
 186.000000 0.373644 0.410843 -0.484245 -4.27154 -1.97246 0.161641 5.25274 13
 186.500000 0.0496298 0.522389 -0.280152 -1.94465 -1.97246 0.161641 5.25274 13
 187.000000 0.238396 0.53319 -0.358132 -2.16078 -1.97246 0.161641 5.25274 13
 187.500000 0.178001 0.418644 -0.39622 -2.51855 -1.97876 0.16104 5.33445 13
 188.000000 -0.371857 0.53676 -0.0708593 -5.35815 -1.97876 0.16104 5.33445 13
 188.500000 -0.272843 0.427341 -0.183996 -2.54728 -1.97876 0.16104 5.33445 13
 189.000000 0.178124 0.429519 -0.390199 -2.01608 -1.97876 0.16104 5.33445 13
 189.500000 0.0762199 0.44524 -0.336207 -1.86222 -1.97876 0.16104 5.33445 13
 190.000000 0.129424 0.506525 -0.325191 -1.86185 -1.97694 0.160061 5.49051 13
 190.500000 0.281204 0.584371 -0.347637 -1.45508 -1.97694 0.160061 5.49051 13
 191.000000 0.349903 0.467664 -0.442897 -2.51345 -1.97694 0.160061 5.49051 13
 191.500000 0.191053 0.476031 -0.369749 -1.5666 -1.97694 0.160061 5.49051 13
 192.000000 0.361266 0.435981 -0.465228 -3.01156 -1.97694 0.160061 5.49051 13
 192.500000 0.045494 0.52771 -0.275202 -1.5957 -1.97024 0.159616 5.69448 13
 193.000000 -0.0975768 0.454146 -0.251651 -1.25632 -1.97024 0.159616 5.69448 13
 193.500000 0.123665 0.493328 -0.330139 -1.17583 -1.97024 0.159616 5.69448 13
 194.000000 0.229869 0.509961 -0.367575 -1.43288 -1.97024 0.159616 5.69448 13
 194.500000 0.277378 0.4696 -0.410863 -1.94788 -1.97024 0.159616 5.69448 13
 195.000000 -0.126573 0.499722 -0.211673 -1.67918 -1.96542 0.157671 5.88592 13
 195.500000 -0.443927 0.592492 -0.000945592 -6.89378 -1.96542 0.157671 5.88592 13
 196.000000 0.29658 0.432665 -0.439644 -2.45489 -1.96542 0.157671 5.88592 13
 196.500000 0.25149 0.522108 -0.370126 -1.46422 -1.96542 0.157671 5.88592 13
 197.000000 0.0749962 0.442557 -0.337176 -1.18968 -1.96542 0.157671 5.88592 13
 197.500000 0.194407 0.500861 -0.35719 -1.34433 -1.95337 0.156443 6.15227 13
 198.000000 0.189962 0.487757 -0.362651 -0.92905 -1.95337 0.156443 6.15227 13
 198.500000 0.230803 0.488536 -0.380077 -1.07171 -1.95337 0.156443 6.15227 13
 199.000000 0.280608 0.411992 -0.444262 -2.12215 -1.95337 0.156443 6.15227 13
 199.500000 0.00323496 0.510474 -0.265824 -0.872989 -1.95337 0.156443 6.15227 13
 200.000000 -0.0412498 0.444167 -0.283462 -0.823047 -1.92466 0.155292 6.58634 13
 200.500000 0.0173083 0.5701 -0.237707 -0.594077 -1.92466 0.155292 6.58634 13
 201.000000 -0.0460227 0.509771 -0.243506 -0.5485 -1.92466 0.155292 6.58634 13
 201.500000 0.00240789 0.44105 -0.305225 -0.414004 -1.92466 0.155292 6.58634 13
 202.000000 0.0927764 0.547711 -0.285116 -0.39402 -1.92466 0.155292 6.58634 13
 202.500000 -0.0656554 0.578651 -0.194133 -1.15593 -1.90894 0.145772 6.91752 14
 203.000000 -0.384792 0.608075 -0.0213729 -6.24716 -1.90894 0.145772 6.91752 14
 203.500000 -0.311561 0.514584 -0.113905 -2.37852 -1.90894 0.145772 6.91752 14
 204.000000 -0.618861 0.889523 0.277272 -13.1369 -1.90894 0.145772 6.91752 14
 204.500000 -0.742097 0.652749 0.192544 -13.7126 -1.90894 0.145772 6.91752 14
 205.000000 -0.781749 0.648048 0.211031 -13.7739 -1.92254 0.145772 6.91752 14
 205.500000 -0.930283 0.506236 0.20356 -12.9295 -1.92254 0.145772 6.91752 14
 206.000000 -0.583973 0.810182 0.207613 -12.9215 -1.92254 0.145772 6.91752 14
 206.500000 -0.778709 0.631576 0.19904 -12.9362 -1.92254 0.145772 6.91752 14
 207.000000 -0.86881 0.606774 0.232574 -12.9018 -1.92254 0.145772 6.91752 14
 207.500000 -0.84458 0.56492 0.193152 -12.9364 -1.93597 0.145772 6.91752 14
 208.000000 -0.17045 0.625219 -0.116631 -2.29185 -1.93597 0.145772 6.91752 14
 208.500000 0.198542 0.428982 -0.399417 -1.19753 -1.93597 0.145772 6.91752 14
 209.000000 0.0496517 0.433771 -0.330757 -0.477502 -1.93597 0.145772 6.91752 14
 209.500000 0.122138 0.488808 -0.332029 -0.485173 -1.93597 0.145772 6.91752 14
 210.000000 -0.030406 0.486783 -0.264005 -0.313064 -1.88383 0.143592 7.59864 14
 210.500000 0.112806 0.447545 -0.351246 -0.51371 -1.88383 0.143592 7.59864 14
 211.000000 -0.0493307 0.462667 -0.26914 0.0653855 -1.88383 0.143592 7.59864 14
 211.500000 0.141557 0.564822 -0.297194 -0.0197529 -1.88383 0.143592 7.59864 14
 212.000000 0.249963 0.455454 -0.406947 -1.34885 -1.88383 0.143592 7.59864 14
 212.500000 0.357694 0.452394 -0.454656 -2.40119 -1.88909 0.134445 7.70569 15
 213.000000 0.27765 0.488442 -0.400428 -1.08964 -1.88909 0.134445 7.70569 15
 213.500000 0.35214 0.54291 -0.401749 -1.10801 -1.88909 0.134445 7.70569 15
 214.000000 0.213317 0.49411 -0.369301 -0.672315 -1.88909 0.134445 7.70569 15
 214.500000 0.118845 0.494766 -0.327169 -0.193035 -1.88909 0.134445 7.70569 15
 215.000000 0.268772 0.491289 -0.394999 -1.01462 -1.87133 0.138352 8.1026 14
 215.500000 0.00488315 0.532076 -0.254092 0.0527887 -1.87133 0.138352 8.1026 14
 216.000000 0.116644 0.451951 -0.350466 -0.217885 -1.87133 0.138352 8.1026 14
 216.500000 -0.0185191 0.491736 -0.266629 0.0755917 -1.87133 0.138352 8.1026 14
 217.000000 0.130865 0.501924 -0.328457 -0.0999459 -1.87133 0.138352 8.1026 14
 217.500000 0.502888 0.476062 -0.50202 -2.40591 -1.87658 0.136917 8.21216 14
 218.000000 0.267022 0.524971 -0.375254 -0.368028 -1.87658 0.136917 8.21216 14
 218.500000 0.135809 0.518029 -0.321474 -0.0627406 -1.87658 0.136917 8.21216 14
 219.000000 0.0473593 0.501391 -0.291191 0.0535833 -1.87658 0.136917 8.21216 14
 219.500000 0.115059 0.3303 -0.41764 -0.737279 -1.87658 0.136917 8.21216 14
 220.000000 -0.18184 0.45427 -0.211931 -0.236251 -1.82593 0.137167 8.96466 13
 220.500000 -0.615934 0.519897 0.0434627 -7.9509 -1.82593 0.137167 8.96466 13
 221.000000 -0.492138 0.59348 0.0242754 -7.40608 -1.82593 0.137167 8.96466 13
 221.500000 -0.34446 0.572808 -0.062865 -3.73841 -1.82593 0.137167 8.96466 13
 222.000000 0.027625 0.477182 -0.296091 0.142907 -1.82593 0.137167 8.96466 13
 222.500000 0.218683 0.447239 -0.397982 -0.612511 -1.79715 0.134853 9.54774 13
 223.000000 0.264347 0.552237 -0.358624 -0.0576014 -1.79715 0.134853 9.54774 13
 223.500000 0.0877204 0.483869 -0.319435 0.0370067 -1.79715 0.134853 9.54774 13
 224.000000 -0.247862 0.495982 -0.155937 -0.617838 -1.79715 0.134853 9.54774 13
 224.500000 0.230297 0.424499 -0.415701 -0.337845 -1.79715 0.134853 9.54774 13
 225.000000 0.203483 0.489533 -0.36758 -0.0758476 -1.74266 0.131367 10.404 13
 225.500000 -0.025388 0.470285 -0.275799 0.268856 -1.74266 0.131367 10.404 13
 226.000000 0.215033 0.523851 -0.353207 0.291887 -1.74266 0.131367 10.404 13
 226.500000 -0.302332 0.468106 -0.145862 -0.889785 -1.74266 0.131367 10.404 13
 227.000000 -0.850069 0.75692 0.317598 -11.3424 -1.74266 0.131367 10.404 13
 227.500000 -1.03224 0.409444 0.200016 -12.2839 -1.75478 0.131367 10.404 13
 228.000000 -0.994726 0.543888 0.26269 -12.1561 -1.75478 0.131367 10.404 13
 228.500000 -0.976613 0.396312 0.161249 -11.627 -1.75478 0.131367 10.404 13
 229.000000 -0.865635 0.653916 0.26054 -12.1201 -1.75478 0.131367 10.404 13
 229.500000 -0.757882 0.685179 0.221498 -11.6265 -1.75478 0.131367 10.404 13
 230.000000 -0.755301 0.57017 0.14813 -11.5063 -1.76676 0.121983 10.404 14
 230.500000 -0.902069 0.672537 0.29244 -12.2131 -1.76676 0.121983 10.404 14
 231.000000 -0.85334 0.593737 0.21593 -11.2054 -1.76676 0.121983 10.404 14
 231.500000 -0.732237 0.754711 0.251742 -11.7802 -1.76676 0.121983 10.404 14
 232.000000 -0.722126 0.880072 0.326994 -10.7992 -1.76676 0.121983 10.404 14
 232.500000 -0.657964 1.14433 0.467102 -2.12151 -1.77028 0.130443 10.5604 13
 233.000000 -0.443097 1.58261 0.654298 1.09716 -1.77028 0.130443 10.5604 13
 233.500000 -0.498967 1.45208 0.592349 1.36438 -1.77028 0.130443 10.5604 13
 234.000000 -0.59221 1.45595 0.645985 1.25031 -1.77028 0.130443 10.5604 13
 234.500000 -0.455763 1.37881 0.517902 -0.939306 -1.77028 0.130443 10.5604 13
 235.000000 -0.592789 1.54548 0.709686 -0.179722 -1.72586 0.126386 11.3811 13
 235.500000 -0.534249 1.6564 0.756938 -0.978611 -1.72586 0.126386 11.3811 13
 236.000000 -0.587064 1.46238 0.647687 1.25212 -1.72586 0.126386 11.3811 13
 236.500000 -0.588242 1.50964 0.681724 0.657943 -1.72586 0.126386 11.3811 13
 237.000000 -0.476863 1.51398 0.623931 1.50246 -1.72586 0.126386 11.3811 13
 237.500000 -0.40767 1.56633 0.623567 1.50403 -1.47974 0.130398 9.92729 13
 238.000000 -0.579666 1.50411 0.673091 0.979108 -1.47974 0.130398 9.92729 13
 238.500000 -0.396592 1.61606 0.652981 1.31372 -1.47974 0.130398 9.92729 13
 239.000000 -0.668078 1.14526 0.473271 -1.78495 -1.47974 0.130398 9.92729 13
 239.500000 -0.629564 1.28443 0.547077 0.304607 -1.47974 0.130398 9.92729 13
 240.000000 -0.76437 1.29428 0.628414 1.54674 -1.27843 0.132341 9.9055 13
 240.500000 -0.4939 1.46072 0.595662 1.46561 -1.27843 0.132341 9.9055 13
 241.000000 -0.609404 1.51819 0.699444 0.528137 -1.27843 0.132341 9.9055 13
 241.500000 -0.414628 1.55465 0.619032 1.60024 -1.27843 0.132341 9.9055 13
 242.000000 -0.547297 1.42462 0.599409 1.50309 -1.27843 0.132341 9.9055 13
 242.500000 -0.654353 1.45364 0.678615 0.985009 -1.18602 0.134504 10.9041 13
 243.000000 -0.541816 1.42423 0.596147 1.39104 -1.18602 0.134504 10.9041 13
 243.500000 -0.443236 1.56499 0.641841 1.50897 -1.18602 0.134504 10.9041 13
 244.000000 -0.468818 1.55324 0.647375 1.472 -1.18602 0.134504 10.9041 13
 244.500000 -0.589636 1.32135 0.550692 0.387273 -1.18602 0.134504 10.9041 13
 245.000000 -0.512316 1.43253 0.585904 1.24999 -1.0764 0.110222 11.7989 12
 245.500000 -0.686308 1.35943 0.630278 1.77797 -1.0764 0.110222 11.7989 12
 246.000000 -0.53605 1.4405 0.604399 1.76708 -1.0764 0.110222 11.7989 12
 246.500000 -0.622782 1.45982 0.665538 1.44063 -1.0764 0.110222 11.7989 12
 247.000000 -0.493351 1.43156 0.574935 1.43397 -1.0764 0.110222 11.7989 12
 247.500000 -0.428415 1.52234 0.603611 1.76275 -0.913483 0.108035 11.8188 12
 248.000000 -0.699899 1.29883 0.59575 1.77247 -0.913483 0.108035 11.8188 12
 248.500000 -0.578486 1.47429 0.651371 1.62332 -0.913483 0.108035 11.8188 12
 249.000000 -0.634219 1.32056 0.574569 1.52307 -0.913483 0.108035 11.8188 12
 249.500000 -0.642476 1.3714 0.614414 1.84548 -0.913483 0.108035 11.8188 12
 250.000000 -0.50357 1.43122 0.580234 1.60746 -0.796277 0.10651 12.5476 12
 250.500000 -0.379706 1.55811 0.60268 1.86111 -0.796277 0.10651 12.5476 12
 251.000000 -0.796492 1.09493 0.510205 0.0368676 -0.796277 0.10651 12.5476 12
 251.500000 -0.519671 1.43278 0.590077 1.798 -0.796277 0.10651 12.5476 12
 252.000000 -0.639877 1.44356 0.663513 1.4206 -0.796277 0.10651 12.5476 12
 252.500000 -0.524884 1.46674 0.616747 1.8636 -0.662662 0.106435 12.914 12
 253.000000 -0.417047 1.52488 0.599276 1.8661 -0.662662 0.106435 12.914 12
 253.500000 -0.562814 1.5916 0.726107 0.0351237 -0.662662 0.106435 12.914 12
 254.000000 -0.595095 1.26545 0.515189 0.184357 -0.662662 0.106435 12.914 12
 254.500000 -0.680289 1.25344 0.553656 1.27444 -0.662662 0.106435 12.914 12
 255.000000 -0.48341 1.52551 0.635642 1.78988 -0.555643 0.108723 13.6318 12
 255.500000 -0.495485 1.62347 0.71202 0.464628 -0.555643 0.108723 13.6318 12
 256.000000 -0.516378 1.47421 0.617369 1.88871 -0.555643 0.108723 13.6318 12
 256.500000 -0.592923 1.42476 0.624467 1.87347 -0.555643 0.108723 13.6318 12
 257.000000 -0.470506 1.44401 0.571277 1.55083 -0.555643 0.108723 13.6318 12
 257.500000 -0.599443 1.49243 0.675704 1.29243 -0.50088 0.11166 14.6231 12
 258.000000 -0.5976 1.29421 0.536321 0.693903 -0.50088 0.11166 14.6231 12
 258.500000 -0.386462 1.75061 0.744331 -0.323854 -0.50088 0.11166 14.6231 12
 259.000000 -0.549298 1.31086 0.521484 0.23743 -0.50088 0.11166 14.6231 12
 259.500000 -0.60163 1.4562 0.651338 1.658 -0.50088 0.11166 14.6231 12
 260.000000 -0.546973 1.38152 0.569152 1.43865 -0.440692 0.111019 15.6205 12
 260.500000 -0.700533 1.3859 0.656641 1.57152 -0.440692 0.111019 15.6205 12
 261.000000 -0.5732 1.31739 0.538988 0.930796 -0.440692 0.111019 15.6205 12
 261.500000 -0.499813 1.49738 0.624678 1.82674 -0.440692 0.111019 15.6205 12
 262.000000 -0.49082 1.46117 0.594306 1.79049 -0.440692 0.111019 15.6205 12
 262.500000 -0.564485 1.3011 0.523018 0.490548 -0.424964 0.118494 16.2718 12
 263.000000 -0.434778 1.4676 0.568518 1.46157 -0.424964 0.118494 16.2718 12
 263.500000 -0.577105 1.45571 0.637527 1.67344 -0.424964 0.118494 16.2718 12
 264.000000 -0.609951 1.21541 0.489089 -0.467004 -0.424964 0.118494 16.2718 12
 264.500000 -0.650176 1.34577 0.600821 1.74508 -0.424964 0.118494 16.2718 12
 265.000000 -0.551995 1.48243 0.642602 1.63305 -0.357588 0.120795 17.1938 12
 265.500000 -0.552561 1.33998 0.543365 0.956478 -0.357588 0.120795 17.1938 12
 266.000000 -0.533729 1.53462 0.66954 1.35459 -0.357588 0.120795 17.1938 12
 266.500000 -0.687286 1.49691 0.727474 0.0885907 -0.357588 0.120795 17.1938 12
 267.000000 -0.542256 1.42445 0.596543 1.71149 -0.357588 0.120795 17.1938 12
 267.500000 -0.463187 1.55022 0.642174 1.66511 -0.293441 0.12266 18.1081 12
 268.000000 -0.54375 1.38306 0.56847 1.38269 -0.293441 0.12266 18.1081 12
 268.500000 -0.41571 1.61581 0.663141 1.47716 -0.293441 0.12266 18.1081 12
 269.000000 -0.632883 1.28402 0.548615 1.01497 -0.293441 0.12266 18.1081 12
 269.500000 -0.441284 1.49714 0.592791 1.67029 -0.293441 0.12266 18.1081 12
 270.000000 -0.479286 1.47977 0.601122 1.72608 -0.23014 0.122006 18.9906 12
 270.500000 -0.586269 1.41907 0.616835 1.78976 -0.23014 0.122006 18.9906 12
 271.000000 -0.518012 1.42527 0.583915 1.61733 -0.23014 0.122006 18.9906 12
 271.500000 -0.456653 1.49016 0.596178 1.72252 -0.23014 0.122006 18.9906 12
 272.000000 -0.709218 1.28231 0.589503 1.67132 -0.23014 0.122006 18.9906 12
 272.500000 -0.568728 1.54079 0.693111 0.934254 -0.208553 0.119655 19.8343 12
 273.000000 -0.62628 1.36459 0.60076 1.74226 -0.208553 0.119655 19.8343 12
 273.500000 -0.60841 1.47225 0.666386 1.45107 -0.208553 0.119655 19.8343 12
 274.000000 -0.412548 1.65453 0.689155 1.08667 -0.208553 0.119655 19.8343 12
 274.500000 -0.500133 1.5441 0.657924 1.55488 -0.208553 0.119655 19.8343 12
 275.000000 -0.506297 1.43255 0.582647 1.59417 -0.160079 0.11965 20.8051 12
 275.500000 -0.533686 1.41945 0.588374 1.68663 -0.160079 0.11965 20.8051 12
 276.000000 -0.632951 1.28163 0.547005 1.06814 -0.160079 0.11965 20.8051 12
 276.500000 -0.706602 1.33317 0.623256 1.78664 -0.160079 0.11965 20.8051 12
 277.000000 -0.409763 1.62929 0.669559 1.37478 -0.160079 0.11965 20.8051 12
 277.500000 -0.559431 1.45617 0.628175 1.77073 -0.104423 0.120134 21.6656 12
 278.000000 -0.567718 1.36066 0.56596 1.40268 -0.104423 0.120134 21.6656 12
 278.500000 -0.715098 1.40986 0.681515 1.19041 -0.104423 0.120134 21.6656 12
 279.000000 -0.671356 1.20834 0.517881 0.273901 -0.104423 0.120134 21.6656 12
 279.500000 -0.784112 1.32377 0.659885 1.52296 -0.104423 0.120134 21.6656 12
 280.000000 -0.81795 1.33241 0.684854 1.12905 -0.0812971 0.119709 22.5859 12
 280.500000 -0.542228 1.43451 0.603571 1.76421 -0.0812971 0.119709 22.5859 12
 281.000000 -0.613684 1.47818 0.673472 1.36103 -0.0812971 0.119709 22.5859 12
 281.500000 -0.49421 1.36515 0.529163 0.568375 -0.0812971 0.119709 22.5859 12
 282.000000 -0.665045 1.47435 0.699154 0.90848 -0.0812971 0.119709 22.5859 12
 282.500000 -0.720741 1.44782 0.71137 0.638848 -0.0713021 0.117248 23.2768 12
 283.000000 -0.534817 1.34974 0.540479 0.859887 -0.0713021 0.117248 23.2768 12
 283.500000 -0.467946 1.46769 0.586492 1.64627 -0.0713021 0.117248 23.2768 12
 284.000000 -0.531703 1.54876 0.678478 1.32172 -0.0713021 0.117248 23.2768 12
 284.500000 -0.706137 1.34167 0.628907 1.77978 -0.0713021 0.117248 23.2768 12
 285.000000 -0.570997 1.28659 0.516574 0.208472 -0.0682612 0.117042 23.7749 12
 285.500000 -0.509683 1.59838 0.701814 0.91444 -0.0682612 0.117042 23.7749 12
 286.000000 -0.458669 1.42512 0.551681 1.12441 -0.0682612 0.117042 23.7749 12
 286.500000 -0.636685 1.34517 0.592983 1.69618 -0.0682612 0.117042 23.7749 12
 287.000000 -0.798543 1.20541 0.586342 1.63938 -0.0682612 0.117042 23.7749 12
 287.500000 -0.491222 1.46829 0.599527 1.73871 -0.0217704 0.116698 24.6594 12
 288.000000 -0.486565 1.40006 0.549281 1.10239 -0.0217704 0.116698 24.6594 12
 288.500000 -0.399508 1.59215 0.637512 1.73857 -0.0217704 0.116698 24.6594 12
 289.000000 -0.630558 1.28245 0.54626 1.03821 -0.0217704 0.116698 24.6594 12
 289.500000 -0.643891 1.28893 0.558034 1.27385 -0.0217704 0.116698 24.6594 12
 290.000000 -0.438836 1.50683 0.598296 1.7577 0.0228372 0.116402 25.5435 12
 290.500000 -0.61195 1.34213 0.577292 1.59785 0.0228372 0.116402 25.5435 12
 291.000000 -0.534533 1.5226 0.661456 1.50454 0.0228372 0.116402 25.5435 12
 291.500000 -0.468872 1.51581 0.62089 1.81742 0.0228372 0.116402 25.5435 12
 292.000000 -0.651588 1.20989 0.50809 0.0455085 0.0228372 0.116402 25.5435 12
 292.500000 -0.542947 1.42683 0.598586 1.78331 0.0660652 0.116133 26.4206 12
 293.000000 -0.563732 1.54506 0.693407 0.95433 0.0660652 0.116133 26.4206 12
 293.500000 -0.712093 1.32342 0.619531 1.83403 0.0660652 0.116133 26.4206 12
 294.000000 -0.463849 1.35775 0.507668 0.0321978 0.0660652 0.116133 26.4206 12
 294.500000 -0.625068 1.34032 0.583228 1.68981 0.0660652 0.116133 26.4206 12
 295.000000 -0.461236 1.46125 0.578344 1.63601 0.100083 0.116508 27.3977 12
 295.500000 -0.563683 1.35713 0.561308 1.42801 0.100083 0.116508 27.3977 12
 296.000000 -0.846894 1.11344 0.550828 1.23227 0.100083 0.116508 27.3977 12
 296.500000 -0.71495 1.27298 0.586242 1.74529 0.100083 0.116508 27.3977 12
 297.000000 -0.775814 1.46078 0.751304 -0.585084 0.100083 0.116508 27.3977 12
 297.500000 -0.597039 1.40796 0.614962 1.84569 0.141808 0.11646 28.2369 12
 298.000000 -0.487097 1.44701 0.58236 1.71883 0.141808 0.11646 28.2369 12
 298.500000 -0.467635 1.57255 0.660463 1.48145 0.141808 0.11646 28.2369 12
 299.000000 -0.448346 1.46833 0.576352 1.65123 0.141808 0.11646 28.2369 12
 299.500000 -0.633473 1.36192 0.602853 1.85242 0.141808 0.11646 28.2369 12
 300.000000 -0.524634 1.37098 0.549685 1.19889 0.158436 0.126549 29.1635 12
 300.500000 -0.633046 1.47597 0.682595 1.00641 0.158436 0.126549 29.1635 12
 301.000000 -0.588274 1.41298 0.613669 1.77139 0.158436 0.126549 29.1635 12
 301.500000 -0.406072 1.51591 0.587036 1.68502 0.158436 0.126549 29.1635 12
 302.000000 -0.635114 1.42433 0.647371 1.55226 0.158436 0.126549 29.1635 12
 302.500000 -0.519663 1.32257 0.513494 0.268721 0.159468 0.124 29.6587 12
 303.000000 -0.705759 1.34258 0.629328 1.72225 0.159468 0.124 29.6587 12
 303.500000 -0.521322 1.38137 0.555107 1.29351 0.159468 0.124 29.6587 12
 304.000000 -0.445255 1.72663 0.758955 -0.988376 0.159468 0.124 29.6587 12
 304.500000 -0.512954 1.4959 0.630794 1.71277 0.159468 0.124 29.6587 12
 305.000000 -0.51848 1.41124 0.574368 1.5756 0.186478 0.125031 30.6535 12
 305.500000 -0.430438 1.55797 0.629933 1.70812 0.186478 0.125031 30.6535 12
 306.000000 -0.495074 1.45257 0.590584 1.73793 0.186478 0.125031 30.6535 12
 306.500000 -0.484733 1.47527 0.600914 1.77961 0.186478 0.125031 30.6535 12
 307.000000 -0.488344 1.41225 0.558732 1.38825 0.186478 0.125031 30.6535 12
 307.500000 -0.691078 1.28138 0.578831 1.64719 0.214846 0.125776 31.6319 12
 308.000000 -0.491023 1.67199 0.744467 -0.599964 0.214846 0.125776 31.6319 12
 308.500000 -0.559707 1.42839 0.608823 1.79279 0.214846 0.125776 31.6319 12
 309.000000 -0.621176 1.75047 0.873268 -7.71983 0.214846 0.125776 31.6319 12
 309.500000 -1.01789 1.61437 0.998602 -15.9547 0.214846 0.125776 31.6319 12
 310.000000 -1.16328 1.87642 1.27473 -16 0.206188 0.116101 31.6319 13
 310.500000 -0.924549 1.57448 0.916469 -11.6048 0.206188 0.116101 31.6319 13
 311.000000 -0.55658 1.47588 0.640494 1.67777 0.206188 0.116101 31.6319 13
 311.500000 -0.603288 1.31599 0.554454 1.42011 0.206188 0.116101 31.6319 13
 312.000000 -0.521911 1.44543 0.600158 1.86299 0.206188 0.116101 31.6319 13
 312.500000 -0.37882 1.61068 0.639557 1.68777 0.234833 0.116996 32.5968 13
 313.000000 -0.445615 1.49871 0.596238 1.85117 0.234833 0.116996 32.5968 13
 313.500000 -0.502547 1.49608 0.625255 1.82552 0.234833 0.116996 32.5968 13
 314.000000 -0.653116 1.3903 0.633472 1.7682 0.234833 0.116996 32.5968 13
 314.500000 -0.63265 1.39328 0.624274 1.83094 0.234833 0.116996 32.5968 13
 315.000000 -0.64101 1.44819 0.667397 1.32805 0.251505 0.119561 33.567 13
 315.500000 -0.322443 1.66035 0.644736 1.64726 0.251505 0.119561 33.567 13
 316.000000 -0.754608 1.377 0.680514 1.11655 0.251505 0.119561 33.567 13
 316.500000 -0.498328 1.536 0.651196 1.57332 0.251505 0.119561 33.567 13
 317.000000 -0.687476 1.34148 0.618433 1.82851 0.251505 0.119561 33.567 13
 317.500000 -0.525269 1.46137 0.613176 1.83961 0.283708 0.11951 34.4281 13
 318.000000 -0.460399 1.51372 0.614819 1.85218 0.283708 0.11951 34.4281 13
 318.500000 -0.492351 1.53033 0.643921 1.66533 0.283708 0.11951 34.4281 13
 319.000000 -0.50519 1.52106 0.644349 1.6607 0.283708 0.11951 34.4281 13
 319.500000 -0.589984 1.45822 0.646364 1.6382 0.283708 0.11951 34.4281 13
 320.000000 -0.58696 1.40136 0.604825 1.85345 0.314927 0.119399 35.2902 13
 320.500000 -0.775073 1.22521 0.586812 1.78349 0.314927 0.119399 35.2902 13
 321.000000 -0.439519 1.58982 0.657495 1.49006 0.314927 0.119399 35.2902 13
 321.500000 -0.585537 1.35505 0.571792 1.62502 0.314927 0.119399 35.2902 13
 322.000000 -0.551439 1.31885 0.528159 0.746316 0.314927 0.119399 35.2902 13
 322.500000 -0.573066 1.43555 0.62115 1.84624 0.34444 0.119542 36.1726 13
 323.000000 -0.459035 1.68706 0.737856 -0.40873 0.34444 0.119542 36.1726 13
 323.500000 -0.77122 1.13105 0.520545 0.498725 0.34444 0.119542 36.1726 13
 324.000000 -0.679646 1.43822 0.681764 1.06032 0.34444 0.119542 36.1726 13
 324.500000 -0.554245 1.47871 0.641207 1.7121 0.34444 0.119542 36.1726 13
 325.000000 -0.60245 1.48765 0.673981 1.21565 0.355767 0.120412 37.0898 13
 325.500000 -0.6221 1.36606 0.599485 1.84306 0.355767 0.120412 37.0898 13
 326.000000 -0.515562 1.58808 0.697671 0.755088 0.355767 0.120412 37.0898 13
 326.500000 -0.649744 1.40426 0.641375 1.70574 0.355767 0.120412 37.0898 13
 327.000000 -0.507758 1.36478 0.536231 0.898488 0.355767 0.120412 37.0898 13
 327.500000 -0.703147 1.30484 0.601701 1.85084 0.383506 0.120342 37.9743 13
 328.000000 -0.639241 1.33912 0.590187 1.80589 0.383506 0.120342 37.9743 13
 328.500000 -0.57191 1.40636 0.600081 1.85975 0.383506 0.120342 37.9743 13
 329.000000 -0.629817 1.52426 0.715027 0.283889 0.383506 0.120342 37.9743 13
 329.500000 -0.538361 1.4642 0.622306 1.85039 0.383506 0.120342 37.9743 13
 330.000000 -0.618309 1.49128 0.685288 0.997939 0.390327 0.119846 38.7889 13
 330.500000 -0.498195 1.5287 0.645945 1.66045 0.390327 0.119846 38.7889 13
 331.000000 -0.459035 1.63801 0.702564 0.660916 0.390327 0.119846 38.7889 13
 331.500000 -0.696796 1.27336 0.576464 1.66091 0.390327 0.119846 38.7889 13
 332.000000 -0.559099 1.44876 0.622786 1.84292 0.390327 0.119846 38.7889 13
 332.500000 -0.533233 1.44624 0.606892 1.86746 0.41701 0.119784 39.6633 13
 333.000000 -0.554728 1.46299 0.630399 1.81014 0.41701 0.119784 39.6633 13
 333.500000 -0.417404 1.6053 0.656553 1.5232 0.41701 0.119784 39.6633 13
 334.000000 -0.642904 1.34105 0.593542 1.83195 0.41701 0.119784 39.6633 13
 334.500000 -0.500053 1.49855 0.625637 1.83999 0.41701 0.119784 39.6633 13
 335.000000 -0.531017 1.56827 0.691995 0.873228 0.421588 0.118975 40.413 13
 335.500000 -0.489054 1.46987 0.599463 1.85679 0.421588 0.118975 40.413 13
 336.000000 -0.686154 1.30962 0.595613 1.83856 0.421588 0.118975 40.413 13
 336.500000 -0.652359 1.40337 0.642201 1.70814 0.421588 0.118975 40.413 13
 337.000000 -0.622512 1.35197 0.589914 1.80135 0.421588 0.118975 40.413 13
 337.500000 -0.513693 1.39835 0.56278 1.45721 0.435793 0.127848 41.4029 13
 338.000000 -0.473341 1.43386 0.565708 1.46696 0.435793 0.127848 41.4029 13
 338.500000 -0.600549 1.32696 0.560538 1.38202 0.435793 0.127848 41.4029 13
 339.000000 -0.782747 1.07665 0.490281 -0.591471 0.435793 0.127848 41.4029 13
 339.500000 -0.693053 0.882117 0.31251 -13.2284 0.435793 0.127848 41.4029 13
 340.000000 -0.904312 0.4865 0.1771 -13.3354 0.427949 0.127848 41.4029 13
 340.500000 -0.608647 0.504475 0.0302966 -10.0658 0.427949 0.127848 41.4029 13
 341.000000 -0.589465 0.577279 0.0647159 -11.0502 0.427949 0.127848 41.4029 13
 341.500000 -0.976484 0.607887 0.292798 -14.7573 0.427949 0.127848 41.4029 13
 342.000000 -0.97395 0.62551 0.302534 -14.1776 0.427949 0.127848 41.4029 13
 342.500000 -0.86508 0.672041 0.271713 -14.547 0.420167 0.118716 41.4029 14
 343.000000 -1.07347 0.545952 0.308052 -13.587 0.420167 0.118716 41.4029 14
 343.500000 -0.73516 0.726356 0.235277 -13.6949 0.420167 0.118716 41.4029 14
 344.000000 -0.413698 0.57898 -0.024455 -7.95933 0.420167 0.118716 41.4029 14
 344.500000 -0.367534 0.636725 -0.0126131 -8.49521 0.420167 0.118716 41.4029 14
 345.000000 -0.309659 0.45157 -0.15199 -3.10208 0.412674 0.111085 41.4217 15
 345.500000 0.160745 0.439907 -0.376753 -2.02386 0.412674 0.111085 41.4217 15
 346.000000 0.00514087 0.553049 -0.242035 -1.99515 0.412674 0.111085 41.4217 15
 346.500000 -0.0279573 0.460736 -0.280093 -2.0359 0.412674 0.111085 41.4217 15
 347.000000 -0.0591174 0.682317 -0.135612 -3.36746 0.412674 0.111085 41.4217 15
 347.500000 -0.0485113 0.425684 -0.29067 -2.05671 0.405662 0.111082 41.4747 15
 348.000000 -0.0148418 0.58602 -0.213527 -2.07605 0.405662 0.111082 41.4747 15
 348.500000 -0.136292 0.503778 -0.204722 -2.15363 0.405662 0.111082 41.4747 15
 349.000000 0.0202763 0.512836 -0.272269 -1.94948 0.405662 0.111082 41.4747 15
 349.500000 0.0493484 0.478747 -0.305053 -2.0076 0.405662 0.111082 41.4747 15
 350.000000 0.105442 0.500724 -0.317776 -2.01055 0.398739 0.104954 41.5301 16
 350.500000 -0.052853 0.619225 -0.176191 -2.47337 0.398739 0.104954 41.5301 16
 351.000000 0.0830731 0.397352 -0.366232 -1.90903 0.398739 0.104954 41.5301 16
 351.500000 -0.0456343 0.619978 -0.179135 -2.42631 0.398739 0.104954 41.5301 16
 352.000000 0.00102738 0.512594 -0.263587 -1.86516 0.398739 0.104954 41.5301 16
 352.500000 0.283821 0.586928 -0.347315 -1.88865 0.39196 0.104982 41.5927 16
 353.000000 -0.00753395 0.552046 -0.23677 -1.8933 0.39196 0.104982 41.5927 16
 353.500000 0.0283055 0.478276 -0.295774 -1.86718 0.39196 0.104982 41.5927 16
 354.000000 -0.165779 0.536745 -0.171402 -2.55509 0.39196 0.104982 41.5927 16
 354.500000 -0.181954 0.302442 -0.298614 -1.86689 0.39196 0.104982 41.5927 16
 355.000000 0.0549758 0.48883 -0.301839 -1.86603 0.385255 0.104978 41.6567 16
 355.500000 0.0705486 0.449105 -0.331474 -1.79468 0.385255 0.104978 41.6567 16
 356.000000 0.264478 0.511262 -0.381896 -1.90265 0.385255 0.104978 41.6567 16
 356.500000 0.0151104 0.567224 -0.238372 -1.87402 0.385255 0.104978 41.6567 16
 357.000000 0.147389 0.529988 -0.319801 -1.79829 0.385255 0.104978 41.6567 16
 357.500000 0.285865 0.453557 -0.423458 -2.34618 0.378306 0.104975 41.6966 16
 358.000000 0.0322855 0.518652 -0.274403 -1.81456 0.378306 0.104975 41.6966 16
 358.500000 -0.332826 0.662971 -0.0139972 -8.3871 0.378306 0.104975 41.6966 16
 359.000000 -0.75609 0.657162 0.20287 -13.1987 0.378306 0.104975 41.6966 16
 359.500000 -0.403207 0.633558 0.00344678 -9.08216 0.378306 0.104975 41.6966 16
 360.000000 -1.05726 0.556067 0.305308 -13.7332 0.370926 0.104975 41.6966 16
 360.500000 -0.649733 0.815633 0.246207 -13.7268 0.370926 0.104975 41.6966 16
 361.000000 -0.648533 0.610903 0.116478 -12.4873 0.370926 0.104975 41.6966 16
 361.500000 -0.573017 0.580609 0.0581878 -10.6806 0.370926 0.104975 41.6966 16
 362.000000 -0.84023 0.699194 0.275296 -14.1638 0.370926 0.104975 41.6966 16
 362.500000 -0.903196 0.715347 0.320355 -12.2132 0.3636 0.104975 41.6966 16
 363.000000 -0.958296 0.586504 0.269201 -13.7539 0.3636 0.104975 41.6966 16
 363.500000 -0.69756 0.883933 0.316137 -12.4543 0.3636 0.104975 41.6966 16
 364.000000 -0.703878 0.765252 0.243128 -13.6099 0.3636 0.104975 41.6966 16
 364.500000 -0.982574 0.560125 0.266112 -13.7498 0.3636 0.104975 41.6966 16
 365.000000 -0.862401 0.481441 0.151147 -12.964 0.356327 0.104975 41.6966 16
 365.500000 -0.885254 0.577567 0.223284 -13.3612 0.356327 0.104975 41.6966 16
 366.000000 -0.581775 0.691703 0.131576 -12.7001 0.356327 0.104975 41.6966 16
 366.500000 -0.668447 0.599712 0.12009 -12.514 0.356327 0.104975 41.6966 16
 367.000000 -0.399769 0.556351 -0.045133 -6.90295 0.356327 0.104975 41.6966 16
 367.500000 -0.729167 0.644118 0.180171 -12.9579 0.349107 0.104975 41.6966 16
 368.000000 -0.955748 0.591629 0.271013 -13.7424 0.349107 0.104975 41.6966 16
 368.500000 -0.705037 0.583023 0.129205 -12.6279 0.349107 0.104975 41.6966 16
 369.000000 -0.882512 0.700164 0.299207 -13.4547 0.349107 0.104975 41.6966 16
 369.500000 -0.639626 0.660723 0.142758 -12.7353 0.349107 0.104975 41.6966 16
 370.000000 -0.627537 0.547001 0.066071 -10.914 0.341939 0.0988004 41.6966 17
 370.500000 -0.240579 0.431474 -0.197121 -2.12505 0.341939 0.0988004 41.6966 17
 371.000000 -0.214567 0.599566 -0.110641 -4.03489 0.341939 0.0988004 41.6966 17
 371.500000 0.163248 0.475851 -0.357614 -1.73061 0.341939 0.0988004 41.6966 17
 372.000000 -0.0464997 0.440932 -0.282894 -1.75467 0.341939 0.0988004 41.6966 17
 372.500000 0.0870821 0.480966 -0.320802 -1.73581 0.335715 0.0988078 41.7695 17
 373.000000 0.428447 0.47088 -0.474101 -3.21992 0.335715 0.0988078 41.7695 17
 373.500000 0.183205 0.416125 -0.399899 -1.92232 0.335715 0.0988078 41.7695 17
 374.000000 0.137254 0.531422 -0.314459 -1.67818 0.335715 0.0988078 41.7695 17
 374.500000 0.331508 0.536661 -0.396451 -1.89089 0.335715 0.0988078 41.7695 17
 375.000000 -0.0193676 0.473379 -0.276791 -1.72441 0.329552 0.0988392 41.8432 17
 375.500000 0.302123 0.461195 -0.426165 -2.25072 0.329552 0.0988392 41.8432 17
 376.000000 0.182069 0.571774 -0.311262 -1.63759 0.329552 0.0988392 41.8432 17
 376.500000 0.493057 0.332192 -0.576006 -5.9284 0.329552 0.0988392 41.8432 17
 377.000000 -0.104212 0.502977 -0.220298 -1.85878 0.329552 0.0988392 41.8432 17
 377.500000 0.175076 0.464252 -0.369369 -1.71721 0.323443 0.0988375 41.9176 17
 378.000000 0.0731564 0.410939 -0.354182 -1.61683 0.323443 0.0988375 41.9176 17
 378.500000 0.321934 0.503256 -0.411135 -1.98722 0.323443 0.0988375 41.9176 17
 379.000000 0.0385751 0.490473 -0.29346 -1.63593 0.323443 0.0988375 41.9176 17
 379.500000 -0.0153145 0.472595 -0.279101 -1.65333 0.323443 0.0988375 41.9176 17
 380.000000 -0.0553893 0.6226 -0.172998 -2.46544 0.316904 0.098926 41.9531 17
 380.500000 0.0991018 0.545727 -0.289115 -1.64204 0.316904 0.098926 41.9531 17
 381.000000 0.0841078 0.572778 -0.26669 -1.67141 0.316904 0.098926 41.9531 17
 381.500000 -0.135538 0.583581 -0.158172 -2.677 0.316904 0.098926 41.9531 17
 382.000000 -0.426614 0.675674 0.0412081 -10.1382 0.316904 0.098926 41.9531 17
 382.500000 -0.356547 0.518 -0.089675 -4.8226 0.310025 0.0989508 41.9565 17
 383.000000 -0.814989 0.439686 0.0999763 -12.7459 0.310025 0.0989508 41.9565 17
 383.500000 -0.794218 0.412402 0.072282 -12.3352 0.310025 0.0989508 41.9565 17
 384.000000 -0.92248 0.532699 0.215724 -13.0934 0.310025 0.0989508 41.9565 17
 384.500000 -0.633563 0.659991 0.139089 -12.816 0.310025 0.0989508 41.9565 17
 385.000000 -0.544827 0.72278 0.131652 -12.8297 0.303152 0.0989508 41.9565 17
 385.500000 -0.625716 0.599086 0.0971323 -12.6454 0.303152 0.0989508 41.9565 17
 386.000000 -0.708526 0.492397 0.075364 -12.3805 0.303152 0.0989508 41.9565 17
 386.500000 -0.643317 0.575943 0.0921294 -12.6093 0.303152 0.0989508 41.9565 17
 387.000000 -0.637912 0.566861 0.0836977 -12.5207 0.303152 0.0989508 41.9565 17
 387.500000 -0.685929 0.616608 0.139865 -12.6878 0.296326 0.0989508 41.9565 17
 388.000000 -0.476611 0.654442 0.0537234 -11.6116 0.296326 0.0989508 41.9565 17
 388.500000 -0.567867 0.618589 0.078866 -12.4193 0.296326 0.0989508 41.9565 17
 389.000000 -0.773414 0.462161 0.09142 -12.551 0.296326 0.0989508 41.9565 17
 389.500000 -0.329806 0.490472 -0.119221 -3.69151 0.296326 0.0989508 41.9565 17
 390.000000 -0.745357 0.819729 0.300577 -13.3567 0.289546 0.0989508 41.9565 17
 390.500000 -0.770946 0.675033 0.222172 -13.137 0.289546 0.0989508 41.9565 17
 391.000000 -0.929379 0.668098 0.304757 -13.0602 0.289546 0.0989508 41.9565 17
 391.500000 -0.9746 0.543087 0.251004 -13.4943 0.289546 0.0989508 41.9565 17
 392.000000 -0.439568 0.692376 0.0581592 -11.8178 0.289546 0.0989508 41.9565 17
 392.500000 -0.614801 0.586688 0.0837539 -12.4846 0.282812 0.0989508 41.9565 17
 393.000000 -0.490386 0.693748 0.0851752 -12.3653 0.282812 0.0989508 41.9565 17
 393.500000 -0.675361 0.522035 0.0759419 -12.253 0.282812 0.0989508 41.9565 17
 394.000000 -0.629565 0.527752 0.0553712 -11.6461 0.282812 0.0989508 41.9565 17
 394.500000 -0.737755 0.462347 0.0725521 -12.1923 0.282812 0.0989508 41.9565 17
 395.000000 -0.148251 0.462895 -0.222832 -1.82866 0.276935 0.09895 42.0232 17
 395.500000 0.223161 0.478028 -0.382663 -1.72851 0.276935 0.09895 42.0232 17
 396.000000 0.152784 0.592426 -0.286278 -1.62124 0.276935 0.09895 42.0232 17
 396.500000 0.0709023 0.438958 -0.337376 -1.6075 0.276935 0.09895 42.0232 17
 397.000000 0.226757 0.539181 -0.349631 -1.61685 0.276935 0.09895 42.0232 17
 397.500000 0.13183 0.499075 -0.330509 -1.60636 0.271304 0.0989669 42.1063 17
 398.000000 0.139044 0.547568 -0.305998 -1.5607 0.271304 0.0989669 42.1063 17
 398.500000 -0.0174829 0.486748 -0.269976 -1.61128 0.271304 0.0989669 42.1063 17
 399.000000 -0.0710121 0.519692 -0.226118 -1.74518 0.271304 0.0989669 42.1063 17
 399.500000 0.195169 0.401258 -0.413383 -2.01353 0.271304 0.0989669 42.1063 17
 400.000000 0.301597 0.49989 -0.404308 -1.89982 0.265458 0.0989544 42.1686 17
 400.500000 0.111934 0.506547 -0.31736 -1.54198 0.265458 0.0989544 42.1686 17
 401.000000 -0.0214883 0.509 -0.2553 -1.64005 0.265458 0.0989544 42.1686 17
 401.500000 0.230559 0.579157 -0.328458 -1.53017 0.265458 0.0989544 42.1686 17
 402.000000 0.0292026 0.564969 -0.246165 -1.66246 0.265458 0.0989544 42.1686 17
 402.500000 0.0404797 0.49758 -0.290252 -1.58498 0.259935 0.0989617 42.2535 17
 403.000000 0.292039 0.439303 -0.434024 -2.26517 0.259935 0.0989617 42.2535 17
 403.500000 -0.30271 0.600474 -0.0669115 -5.67488 0.259935 0.0989617 42.2535 17
 404.000000 -0.776224 0.574757 0.162233 -12.5579 0.259935 0.0989617 42.2535 17
 404.500000 -0.399649 0.709113 0.0481378 -11.32 0.259935 0.0989617 42.2535 17
 405.000000 -0.557231 0.540713 0.0256392 -10.0477 0.25342 0.093464 42.2535 18
 405.500000 -0.578057 0.58519 0.0636222 -11.5143 0.25342 0.093464 42.2535 18
 406.000000 -0.523181 0.448392 -0.0474326 -6.45184 0.25342 0.093464 42.2535 18
 406.500000 -0.434068 0.735138 0.081926 -11.9502 0.25342 0.093464 42.2535 18
 407.000000 -0.565164 0.487091 -0.00272805 -8.45282 0.25342 0.093464 42.2535 18
 407.500000 -0.218295 0.508665 -0.162746 -2.47698 0.247371 0.0934499 42.2888 18
 408.000000 -0.00712843 0.497931 -0.268297 -1.50398 0.247371 0.0934499 42.2888 18
 408.500000 0.14851 0.43379 -0.374799 -1.54493 0.247371 0.0934499 42.2888 18
 409.000000 0.134514 0.494149 -0.334507 -1.43736 0.247371 0.0934499 42.2888 18
 409.500000 0.0293048 0.542743 -0.259118 -1.52808 0.247371 0.0934499 42.2888 18
 410.000000 -0.157082 0.467347 -0.21608 -1.73843 0.241825 0.0934505 42.362 18
 410.500000 -0.614987 0.560375 0.0676884 -11.633 0.241825 0.0934505 42.362 18
 411.000000 -0.591246 0.590659 0.0738644 -11.7852 0.241825 0.0934505 42.362 18
 411.500000 -0.69852 0.63601 0.158672 -12.4932 0.241825 0.0934505 42.362 18
 412.000000 -0.208807 0.45559 -0.198323 -1.82922 0.241825 0.0934505 42.362 18
 412.500000 -0.430363 0.632582 0.0166295 -9.43291 0.235436 0.0934505 42.362 18
 413.000000 -0.18334 0.700526 -0.0649167 -5.61557 0.235436 0.0934505 42.362 18
 413.500000 0.0464624 0.480678 -0.302643 -1.43522 0.235436 0.0934505 42.362 18
 414.000000 -0.265835 0.566458 -0.105446 -3.92403 0.235436 0.0934505 42.362 18
 414.500000 0.272104 0.502184 -0.390312 -1.64982 0.235436 0.0934505 42.362 18
 415.000000 0.160514 0.454008 -0.368727 -1.52197 0.230185 0.093449 42.4525 18
 415.500000 0.148333 0.499303 -0.337719 -1.40081 0.230185 0.093449 42.4525 18
 416.000000 -0.042163 0.51668 -0.241291 -1.53668 0.230185 0.093449 42.4525 18
 416.500000 0.0361337 0.394244 -0.346964 -1.40722 0.230185 0.093449 42.4525 18
 417.000000 -0.0942919 0.520281 -0.214879 -1.6811 0.230185 0.093449 42.4525 18
 417.500000 0.163099 0.498232 -0.344873 -1.40514 0.225108 0.093493 42.5541 18
 418.000000 0.0711653 0.544684 -0.277077 -1.435 0.225108 0.093493 42.5541 18
 418.500000 0.0219513 0.471252 -0.296899 -1.39262 0.225108 0.093493 42.5541 18
 419.000000 0.0928375 0.516099 -0.30332 -1.37948 0.225108 0.093493 42.5541 18
 419.500000 0.0489333 0.513475 -0.284965 -1.41797 0.225108 0.093493 42.5541 18
 420.000000 -0.0029556 0.504106 -0.266655 -1.45832 0.220006 0.0935187 42.6506 18
 420.500000 0.118198 0.37946 -0.391792 -1.53864 0.220006 0.0935187 42.6506 18
 421.000000 -0.0268324 0.570474 -0.217065 -1.6103 0.220006 0.0935187 42.6506 18
 421.500000 0.0951573 0.397852 -0.371327 -1.3969 0.220006 0.0935187 42.6506 18
 422.000000 0.327306 0.42778 -0.455411 -2.64843 0.220006 0.0935187 42.6506 18
 422.500000 0.0760943 0.470858 -0.321616 -1.32254 0.215111 0.0935309 42.7609 18
 423.000000 -0.0533616 0.63329 -0.167607 -2.25529 0.215111 0.0935309 42.7609 18
 423.500000 -0.0367131 0.468066 -0.271861 -1.35515 0.215111 0.0935309 42.7609 18
 424.000000 -0.418367 0.562096 -0.03231 -7.18872 0.215111 0.0935309 42.7609 18
 424.500000 -0.641442 0.53562 0.0664014 -11.233 0.215111 0.0935309 42.7609 18
 425.000000 -0.696021 0.841045 0.287521 -13.4551 0.208919 0.0935309 42.7609 18
 425.500000 -0.940015 0.671821 0.313038 -12.4915 0.208919 0.0935309 42.7609 18
 426.000000 -0.952748 0.641543 0.300885 -13.058 0.208919 0.0935309 42.7609 18
 426.500000 -0.836075 0.777149 0.322881 -11.7322 0.208919 0.0935309 42.7609 18
 427.000000 -0.925245 0.527585 0.214061 -12.9657 0.208919 0.0935309 42.7609 18
 427.500000 -0.605725 0.577412 0.0732943 -11.4298 0.202765 0.0935309 42.7609 18
 428.000000 -0.492576 0.606271 0.0323233 -10.043 0.202765 0.0935309 42.7609 18
 428.500000 -0.564763 0.569775 0.0472641 -10.5819 0.202765 0.0935309 42.7609 18
 429.000000 -0.859961 0.620492 0.236345 -13.2431 0.202765 0.0935309 42.7609 18
 429.500000 -0.742845 0.638123 0.183775 -12.6285 0.202765 0.0935309 42.7609 18
 430.000000 -0.811153 0.554302 0.1684 -12.5199 0.196649 0.0935309 42.7609 18
 430.500000 -0.623717 0.584821 0.0872848 -11.625 0.196649 0.0935309 42.7609 18
 431.000000 -0.487733 0.637759 0.0491641 -10.6427 0.196649 0.0935309 42.7609 18
 431.500000 -0.668919 0.628871 0.138445 -12.2832 0.196649 0.0935309 42.7609 18
 432.000000 -0.353767 0.610848 -0.0352514 -7.05932 0.196649 0.0935309 42.7609 18
 432.500000 -0.234043 0.633315 -0.0808803 -5.01159 0.190603 0.0935278 42.7637 18
 433.000000 -0.388941 0.763544 0.0765597 -11.3935 0.190603 0.0935278 42.7637 18
 433.500000 -0.519433 0.65237 0.0745534 -11.3457 0.190603 0.0935278 42.7637 18
 434.000000 -0.540028 0.456269 -0.0341331 -6.80549 0.190603 0.0935278 42.7637 18
 434.500000 -0.668984 0.58301 0.110045 -12.0418 0.190603 0.0935278 42.7637 18
 435.000000 -0.5702 0.535858 0.0293986 -9.78468 0.184561 0.0935278 42.7638 18
 435.500000 -0.358113 0.567849 -0.0590504 -5.81178 0.184561 0.0935278 42.7638 18
 436.000000 -0.251565 0.523842 -0.137717 -2.93347 0.184561 0.0935278 42.7638 18
 436.500000 -0.707836 0.644304 0.168841 -12.3808 0.184561 0.0935278 42.7638 18
 437.000000 -0.905957 0.65128 0.281103 -13.351 0.184561 0.0935278 42.7638 18
 437.500000 -0.815246 0.610427 0.205614 -12.7099 0.178555 0.0935278 42.7638 18
 438.000000 -0.760854 0.578214 0.156105 -12.2832 0.178555 0.0935278 42.7638 18
 438.500000 -0.662591 0.545335 0.083477 -11.3218 0.178555 0.0935278 42.7638 18
 439.000000 -0.724227 0.645327 0.178274 -12.3458 0.178555 0.0935278 42.7638 18
 439.500000 -0.870237 0.731462 0.312416 -12.5318 0.178555 0.0935278 42.7638 18
 440.000000 -0.880836 0.582505 0.223952 -12.8208 0.172585 0.0935278 42.7638 18
 440.500000 -0.846621 0.458389 0.128442 -12.1769 0.172585 0.0935278 42.7638 18
 441.000000 -0.777929 0.84063 0.331901 -10.907 0.172585 0.0935278 42.7638 18
 441.500000 -0.6955 0.650976 0.166413 -12.2612 0.172585 0.0935278 42.7638 18
 442.000000 -0.504224 0.531557 -0.00716528 -7.9681 0.172585 0.0935278 42.7638 18
 442.500000 -0.783528 0.654411 0.216 -12.5659 0.16665 0.0935278 42.7638 18
 443.000000 -0.698067 0.557554 0.109765 -11.9293 0.16665 0.0935278 42.7638 18
 443.500000 -0.0851781 0.474548 -0.245671 -1.44133 0.16665 0.0935278 42.7638 18
 444.000000 0.372155 0.42797 -0.474216 -3.14303 0.16665 0.0935278 42.7638 18
 444.500000 0.0120472 0.509531 -0.270408 -1.35917 0.16665 0.0935278 42.7638 18
 445.000000 0.0939617 0.525678 -0.298331 -1.29063 0.162128 0.093533 42.8777 18
 445.500000 0.0845087 0.515061 -0.300161 -1.22053 0.162128 0.093533 42.8777 18
 446.000000 0.120755 0.528243 -0.308899 -1.20822 0.162128 0.093533 42.8777 18
 446.500000 -0.0302433 0.484884 -0.265174 -1.32664 0.162128 0.093533 42.8777 18
 447.000000 0.11379 0.51397 -0.313949 -1.20459 0.162128 0.093533 42.8777 18
 447.500000 0.0553597 0.455052 -0.321264 -1.20414 0.157762 0.0935455 43.0017 18
 448.000000 0.21327 0.419145 -0.411303 -1.75921 0.157762 0.0935455 43.0017 18
 448.500000 0.0990542 0.592586 -0.261964 -1.3202 0.157762 0.0935455 43.0017 18
 449.000000 0.126548 0.525119 -0.313282 -1.14197 0.157762 0.0935455 43.0017 18
 449.500000 0.159057 0.465431 -0.361648 -1.26851 0.157762 0.0935455 43.0017 18
 450.000000 0.186399 0.45732 -0.378239 -1.38411 0.153181 0.0935306 43.1059 18
 450.500000 0.290132 0.525587 -0.384907 -1.37588 0.153181 0.0935306 43.1059 18
 451.000000 0.212976 0.493521 -0.369484 -1.25938 0.153181 0.0935306 43.1059 18
 451.500000 0.367115 0.384408 -0.495971 -3.74731 0.153181 0.0935306 43.1059 18
 452.000000 0.38021 0.425292 -0.479065 -3.26948 0.153181 0.0935306 43.1059 18
 452.500000 -0.0677635 0.518117 -0.22855 -1.51653 0.148478 0.0935228 43.1977 18
 453.000000 -0.118794 0.480386 -0.226566 -1.46496 0.148478 0.0935228 43.1977 18
 453.500000 -0.0205014 0.58864 -0.209358 -1.6095 0.148478 0.0935228 43.1977 18
 454.000000 0.103984 0.478845 -0.329584 -1.12424 0.148478 0.0935228 43.1977 18
 454.500000 0.180594 0.54475 -0.326109 -1.12153 0.148478 0.0935228 43.1977 18
 455.000000 0.0972469 0.480656 -0.325538 -1.12123 0.144337 0.0935415 43.3325 18
 455.500000 0.243954 0.551312 -0.350252 -1.11816 0.144337 0.0935415 43.3325 18
 456.000000 0.000346026 0.483812 -0.279843 -1.17649 0.144337 0.0935415 43.3325 18
 456.500000 0.328079 0.509604 -0.410202 -1.67139 0.144337 0.0935415 43.3325 18
 457.000000 0.155221 0.49717 -0.341987 -1.08722 0.144337 0.0935415 43.3325 18
 457.500000 -0.0318233 0.442568 -0.288707 -1.13666 0.140202 0.0935599 43.4655 18
 458.000000 -0.227074 0.551509 -0.133206 -3.04063 0.140202 0.0935599 43.4655 18
 458.500000 -0.0338891 0.46855 -0.272883 -1.14023 0.140202 0.0935599 43.4655 18
 459.000000 -0.596765 0.573466 0.0661876 -10.8846 0.140202 0.0935599 43.4655 18
 459.500000 -0.517713 0.629228 0.0593774 -10.7018 0.140202 0.0935599 43.4655 18
 460.000000 -0.521845 0.637937 0.0668857 -10.903 0.134504 0.0935599 43.4655 18
 460.500000 -0.587126 0.579765 0.0650212 -10.7408 0.134504 0.0935599 43.4655 18
 461.000000 -0.83822 0.670175 0.255781 -12.9482 0.134504 0.0935599 43.4655 18
 461.500000 -0.652187 0.520378 0.0627322 -10.6871 0.134504 0.0935599 43.4655 18
 462.000000 -0.647971 0.511459 0.0550818 -10.5002 0.134504 0.0935599 43.4655 18
 462.500000 -0.458398 0.601296 0.011787 -8.88958 0.128839 0.0935599 43.4656 18
 463.000000 -0.632018 0.57395 0.0849565 -11.0481 0.128839 0.0935599 43.4656 18
 463.500000 -0.876981 0.65848 0.269672 -13.0856 0.128839 0.0935599 43.4656 18
 464.000000 -0.476351 0.547621 -0.0116745 -7.76711 0.128839 0.0935599 43.4656 18
 464.500000 -0.666407 0.553974 0.0907944 -11.2119 0.128839 0.0935599 43.4656 18
 465.000000 -0.242949 0.475518 -0.170314 -2.15907 0.123778 0.093574 43.5146 18
 465.500000 -0.483673 0.507423 -0.0321884 -6.91319 0.123778 0.093574 43.5146 18
 466.000000 -0.646338 0.555338 0.0810537 -10.9395 0.123778 0.093574 43.5146 18
 466.500000 -0.591871 0.946488 0.299854 -13.0318 0.123778 0.093574 43.5146 18
 467.000000 -0.785805 0.728563 0.2642 -13.0393 0.123778 0.093574 43.5146 18
 467.500000 -0.878607 0.761056 0.336037 -10.5241 0.118176 0.093574 43.5146 18
 468.000000 -0.77949 0.759682 0.280623 -12.6186 0.118176 0.093574 43.5146 18
 468.500000 -0.763201 0.537651 0.132258 -12.1034 0.118176 0.093574 43.5146 18
 469.000000 -0.422068 0.559486 -0.0320197 -6.92002 0.118176 0.093574 43.5146 18
 469.500000 -0.80851 0.714903 0.267906 -12.7743 0.118176 0.093574 43.5146 18
 470.000000 -0.934956 0.55417 0.235999 -12.6727 0.112605 0.093574 43.5146 18
 470.500000 -0.461097 0.692807 0.0694801 -10.6202 0.112605 0.093574 43.5146 18
 471.000000 0.204784 0.486282 -0.369985 -1.22576 0.112605 0.093574 43.5146 18
 471.500000 0.168765 0.532389 -0.327932 -1.0179 0.112605 0.093574 43.5146 18
 472.000000 0.17284 0.442758 -0.380468 -1.31396 0.112605 0.093574 43.5146 18
 472.500000 0.147473 0.543417 -0.312146 -1.00672 0.108877 0.0935778 43.6656 18
 473.000000 0.315586 0.463392 -0.43069 -2.04171 0.108877 0.0935778 43.6656 18
 473.500000 0.0555807 0.536807 -0.274544 -1.09051 0.108877 0.0935778 43.6656 18
 474.000000 -0.0317546 0.596053 -0.199757 -1.68095 0.108877 0.0935778 43.6656 18
 474.500000 -0.132875 0.548623 -0.180075 -1.93586 0.108877 0.0935778 43.6656 18
 475.000000 0.227762 0.492168 -0.376705 -1.26469 0.104765 0.093561 43.7836 18
 475.500000 0.192515 0.483602 -0.366118 -1.11695 0.104765 0.093561 43.7836 18
 476.000000 0.278756 0.455491 -0.41933 -1.75961 0.104765 0.093561 43.7836 18
 476.500000 -0.00654665 0.540666 -0.243844 -1.30375 0.104765 0.093561 43.7836 18
 477.000000 -0.128576 0.511395 -0.203923 -1.63756 0.104765 0.093561 43.7836 18
 477.500000 -0.230484 0.659769 -0.0666301 -5.5101 0.0993057 0.093556 43.7853 18
 478.000000 -0.399825 0.63775 0.00429841 -8.17554 0.0993057 0.093556 43.7853 18
 478.500000 -0.579498 0.561328 0.0497546 -9.99663 0.0993057 0.093556 43.7853 18
 479.000000 0.00762741 0.604246 -0.213247 -1.54588 0.0993057 0.093556 43.7853 18
 479.500000 0.194592 0.494594 -0.360819 -1.08046 0.0993057 0.093556 43.7853 18
 480.000000 -0.00889871 0.469198 -0.28399 -1.03506 0.0956121 0.0935851 43.9327 18
 480.500000 -0.290046 0.591282 -0.0786937 -4.9456 0.0956121 0.0935851 43.9327 18
 481.000000 -0.0927312 0.48846 -0.234101 -1.33691 0.0956121 0.0935851 43.9327 18
 481.500000 0.00679522 0.589271 -0.22165 -1.44816 0.0956121 0.0935851 43.9327 18
 482.000000 -0.02864 0.602537 -0.197391 -1.70241 0.0956121 0.0935851 43.9327 18
 482.500000 -0.51739 0.575984 0.0265709 -9.15026 0.0901925 0.0935851 43.9328 18
 483.000000 -0.407513 0.61417 -0.00620554 -7.70233 0.0901925 0.0935851 43.9328 18
 483.500000 -0.444866 0.58077 -0.00759361 -7.64475 0.0901925 0.0935851 43.9328 18
 484.000000 -0.698013 0.606275 0.139882 -12.1426 0.0901925 0.0935851 43.9328 18
 484.500000 -0.273948 0.665819 -0.0415557 -6.34615 0.0901925 0.0935851 43.9328 18
 485.000000 0.00287369 0.435721 -0.308468 -0.88268 0.0868428 0.0935883 44.1036 18
 485.500000 -0.149509 0.606885 -0.13765 -2.81921 0.0868428 0.0935883 44.1036 18
 486.000000 -0.185502 0.534796 -0.163116 -2.22816 0.0868428 0.0935883 44.1036 18
 486.500000 -0.684391 0.684275 0.181361 -12.1732 0.0868428 0.0935883 44.1036 18
 487.000000 -0.527426 0.627041 0.0630578 -10.1791 0.0868428 0.0935883 44.1036 18
 487.500000 -0.734846 0.592893 0.15126 -12.1865 0.0814809 0.0935883 44.1036 18
 488.000000 -0.601579 0.576862 0.0707873 -10.4043 0.0814809 0.0935883 44.1036 18
 488.500000 -0.429097 0.59856 -0.00478102 -7.76364 0.0814809 0.0935883 44.1036 18
 489.000000 -0.439101 0.657956 0.0366633 -9.39409 0.0814809 0.0935883 44.1036 18
 489.500000 -0.50793 0.555128 0.00901517 -8.34493 0.0814809 0.0935883 44.1036 18
 490.000000 -0.403522 0.484764 -0.0860906 -4.6478 0.0761948 0.0935902 44.1077 18
 490.500000 -0.145757 0.568965 -0.16195 -2.25022 0.0761948 0.0935902 44.1077 18
 491.000000 0.224576 0.541818 -0.347174 -0.947537 0.0761948 0.0935902 44.1077 18
 491.500000 -0.119096 0.515054 -0.20626 -1.60191 0.0761948 0.0935902 44.1077 18
 492.000000 0.212942 0.422329 -0.409388 -1.59214 0.0761948 0.0935902 44.1077 18
 492.500000 0.140626 0.456801 -0.35837 -1.02736 0.0726525 0.093618 44.2567 18
 493.000000 0.373032 0.393211 -0.493638 -3.75563 0.0726525 0.093618 44.2567 18
 493.500000 -0.0776543 0.48861 -0.24105 -1.26435 0.0726525 0.093618 44.2567 18
 494.000000 -0.0228139 0.532079 -0.241316 -1.2619 0.0726525 0.093618 44.2567 18
 494.500000 0.463389 0.522455 -0.460062 -2.73851 0.0726525 0.093618 44.2567 18
 495.000000 -0.200127 0.490683 -0.182009 -1.91067 0.0681033 0.0936649 44.3199 18
 495.500000 0.0762628 0.44775 -0.334806 -0.83548 0.0681033 0.0936649 44.3199 18
 496.000000 0.2703 0.483986 -0.399758 -1.38721 0.0681033 0.0936649 44.3199 18
 496.500000 -0.0983817 0.521058 -0.212506 -1.50566 0.0681033 0.0936649 44.3199 18
 497.000000 -0.0585818 0.558902 -0.209038 -1.53791 0.0681033 0.0936649 44.3199 18
 497.500000 -0.0525716 0.458967 -0.269766 -1.00677 0.0646488 0.0937518 44.4722 18
 498.000000 0.248966 0.600007 -0.324574 -0.785291 0.0646488 0.0937518 44.4722 18
 498.500000 0.152227 0.533452 -0.319974 -0.775674 0.0646488 0.0937518 44.4722 18
 499.000000 0.152102 0.490439 -0.344425 -0.86841 0.0646488 0.0937518 44.4722 18
 499.500000 -0.0431083 0.431203 -0.290008 -0.819325 0.0646488 0.0937518 44.4722 18
 500.000000 0.29939 0.532049 -0.385251 -1.20388 0.0608983 0.0937151 44.5983 18
