#! FIELDS time p.x p.y cv.node-0 opes.bias opes.rct opes.zed opes.neff opes.nker
 0.000000 0.15442 0.538291 0.196344 -16 -16 1 1 0
 0.500000 -0.0850515 0.461026 0.198708 -16 -16 1 1 0
 1.000000 0.0461561 0.549287 0.19875 -16 -16 1 1 0
 1.500000 0.241596 0.512028 0.194043 -16 -16 1 1 0
 2.000000 0.111128 0.502918 0.196026 -16 -16 1 1 0
 2.500000 0.152605 0.563018 0.197214 -16 -16 1 1 0
 3.000000 0.160186 0.486879 0.194686 -16 -16 1 1 0
 3.500000 -0.0558233 0.509376 0.199525 -16 -16 1 1 0
 4.000000 0.0269884 0.478924 0.19693 -16 -16 1 1 0
 4.500000 0.170082 0.5552 0.196632 -16 -16 1 1 0
 5.000000 0.235945 0.488347 0.193445 -16 -16 1 1 0
 5.500000 0.207939 0.45879 0.193105 -16 -16 1 1 0
 6.000000 0.10155 0.484022 0.195657 -16 -16 1 1 0
 6.500000 0.0858893 0.496382 0.196301 -16 -16 1 1 0
 7.000000 -0.289057 0.510984 0.20454 -16 -16 1 1 0
 7.500000 -0.0233527 0.490716 0.198277 -16 -16 1 1 0
 8.000000 0.0993763 0.517349 0.196679 -16 -16 1 1 0
 8.500000 0.295029 0.431871 0.190998 -16 -16 1 1 0
 9.000000 0.243117 0.586361 0.196492 -16 -16 1 1 0
 9.500000 0.183077 0.520287 0.195273 -16 -16 1 1 0
 10.000000 0.154876 0.564945 0.197241 -16 -16 1 1 0
 10.500000 -0.0424319 0.413226 0.196629 -16 -16 1 1 0
 11.000000 0.0337409 0.448898 0.195996 -16 -16 1 1 0
 11.500000 -0.0708782 0.578598 0.20238 -16 -16 1 1 0
 12.000000 0.173508 0.390444 0.192049 -16 -16 1 1 0
 12.500000 0.179042 0.48634 0.194344 -16 -16 1 1 0
 13.000000 0.338565 0.528585 0.19303 -16 -16 1 1 0
 13.500000 0.0854496 0.616544 0.200592 -16 -16 1 1 0
 14.000000 0.263747 0.541264 0.194597 -16 -16 1 1 0
 14.500000 -0.019477 0.481321 0.197925 -16 -16 1 1 0
 15.000000 0.216138 0.460131 0.193003 -16 -16 1 1 0
 15.500000 0.0520063 0.458469 0.195893 -16 -16 1 1 0
 16.000000 0.0722355 0.48442 0.196214 -16 -16 1 1 0
 16.500000 -0.000764456 0.412679 0.195788 -16 -16 1 1 0
 17.000000 0.0893687 0.538874 0.197556 -16 -16 1 1 0
 17.500000 0.159773 0.556244 0.19685 -16 -16 1 1 0
 18.000000 0.205683 0.516299 0.194767 -16 -16 1 1 0
 18.500000 -0.00443902 0.524759 0.198947 -16 -16 1 1 0
 19.000000 -0.140814 0.561874 0.203328 -16 -16 1 1 0
 19.500000 0.258202 0.485614 0.193007 -16 -16 1 1 0
 20.000000 -0.00196316 0.398801 0.195497 -16 -16 1 1 0
 20.500000 -0.0703276 0.418156 0.197308 -16 -16 1 1 0
 21.000000 0.169712 0.48598 0.194495 -16 -16 1 1 0
 21.500000 0.0662023 0.458907 0.195635 -16 -16 1 1 0
 22.000000 -0.0885535 0.47437 0.199156 -16 -16 1 1 0
 22.500000 0.00842701 0.486588 0.197515 -16 -16 1 1 0
 23.000000 0.0729745 0.462532 0.195603 -16 -16 1 1 0
 23.500000 -0.10125 0.457969 0.198961 -16 -16 1 1 0
 24.000000 0.268071 0.506769 0.193459 -16 -16 1 1 0
 24.500000 -0.109654 0.456241 0.199089 -16 -16 1 1 0
 25.000000 0.358898 0.54193 0.19315 -16 -16 0.472044 1 1
 25.500000 -0.38016 0.537187 0.207039 -10.6061 -16 0.472044 1 1
 26.000000 -0.0996987 0.692227 0.209532 -14.7544 -16 0.472044 1 1
 26.500000 -0.37079 0.58419 0.209614 -14.9034 -16 0.472044 1 1
 27.000000 -0.386767 0.577547 0.209419 -14.5517 -16 0.472044 1 1
 27.500000 -0.285376 0.651589 0.212259 -16 -16 0.312096 1 2
 28.000000 -0.0477525 0.492844 0.198844 -1.77439 -16 0.312096 1 2
 28.500000 -0.109535 0.529996 0.201387 -3.66353 -16 0.312096 1 2
 29.000000 -0.196573 0.4629 0.201079 -3.41869 -16 0.312096 1 2
 29.500000 0.0421932 0.553326 0.198972 -1.85521 -16 0.312096 1 2
 30.000000 -0.235927 0.520561 0.203856 -3.702 -5.08828 0.328575 1.04932 3
 30.500000 0.431278 0.403938 0.188235 -11.6899 -5.08828 0.328575 1.04932 3
 31.000000 0.22571 0.34604 0.190211 -9.61853 -5.08828 0.328575 1.04932 3
 31.500000 0.384813 0.397877 0.188784 -11.2223 -5.08828 0.328575 1.04932 3
 32.000000 0.373373 0.346674 0.187813 -12.0165 -5.08828 0.328575 1.04932 3
 32.500000 0.0238933 0.459116 0.196453 -2.18295 -3.59442 0.360433 1.27664 4
 33.000000 -0.209171 0.597717 0.206696 -1.14486 -3.59442 0.360433 1.27664 4
 33.500000 -0.312584 0.828155 0.238455 -16 -3.59442 0.360433 1.27664 4
 34.000000 -0.507161 0.723176 0.225942 -15.9988 -3.59442 0.360433 1.27664 4
 34.500000 -0.343022 0.762536 0.227156 -15.9998 -3.59442 0.360433 1.27664 4
 35.000000 -0.321649 0.773629 0.22797 -16 -3.77675 0.288346 1.27664 5
 35.500000 -0.400845 0.693851 0.219779 -14.1733 -3.77675 0.288346 1.27664 5
 36.000000 -0.302261 0.733927 0.221152 -14.1719 -3.77675 0.288346 1.27664 5
 36.500000 -0.443221 0.684815 0.219684 -14.1042 -3.77675 0.288346 1.27664 5
 37.000000 -0.460176 0.681732 0.219563 -14.0037 -3.77675 0.288346 1.27664 5
 37.500000 -0.334469 0.71636 0.220241 -14.3795 -3.93089 0.240288 1.27665 6
 38.000000 -0.473072 0.656042 0.21667 -9.6109 -3.93089 0.240288 1.27665 6
 38.500000 -0.563117 1.5069 0.636833 -16 -3.93089 0.240288 1.27665 6
 39.000000 -0.657367 1.34804 0.53152 -16 -3.93089 0.240288 1.27665 6
 39.500000 -0.564529 1.42053 0.580725 -16 -3.93089 0.240288 1.27665 6
 40.000000 -0.465536 1.49692 0.632243 -16 -4.06442 0.205961 1.27665 7
 40.500000 -0.681226 1.30742 0.504522 -16 -4.06442 0.205961 1.27665 7
 41.000000 -0.605491 1.37474 0.550346 -15.9985 -4.06442 0.205961 1.27665 7
 41.500000 -0.67834 1.28306 0.489337 -16 -4.06442 0.205961 1.27665 7
 42.000000 -0.730652 1.25293 0.466014 -16 -4.06442 0.205961 1.27665 7
 42.500000 -0.660778 1.3441 0.528853 -16 -4.1822 0.180216 1.27665 8
 43.000000 -0.579982 1.44099 0.593674 -14.7378 -4.1822 0.180216 1.27665 8
 43.500000 -0.385837 1.60715 0.707868 -15.9933 -4.1822 0.180216 1.27665 8
 44.000000 -0.482588 1.44292 0.596043 -14.6259 -4.1822 0.180216 1.27665 8
 44.500000 -0.727275 1.34576 0.52495 -13.5869 -4.1822 0.180216 1.27665 8
 45.000000 -0.671744 1.22429 0.452855 -15.8331 -4.28756 0.160192 1.27665 9
 45.500000 -0.639472 1.43066 0.584921 -14.8639 -4.28756 0.160192 1.27665 9
 46.000000 -0.563931 1.44958 0.599626 -14.3425 -4.28756 0.160192 1.27665 9
 46.500000 -0.630854 1.41898 0.577854 -14.7448 -4.28756 0.160192 1.27665 9
 47.000000 -0.590954 1.41445 0.57626 -14.6932 -4.28756 0.160192 1.27665 9
 47.500000 -0.515747 1.42254 0.58248 -14.848 -4.38287 0.144172 1.27665 10
 48.000000 -0.559138 1.56833 0.676674 -14.8282 -4.38287 0.144172 1.27665 10
 48.500000 -0.418406 1.5585 0.674272 -14.6624 -4.38287 0.144172 1.27665 10
 49.000000 -0.659057 1.39493 0.561205 -12.5774 -4.38287 0.144172 1.27665 10
 49.500000 -0.580272 1.40659 0.571409 -12.5465 -4.38287 0.144172 1.27665 10
 50.000000 -0.710005 1.26806 0.477602 -13.4742 -4.46987 0.144171 1.27665 10
 50.500000 -0.850202 1.0703 0.31908 -15.9633 -4.46987 0.144171 1.27665 10
 51.000000 -0.456266 1.64159 0.728656 -15.9934 -4.46987 0.144171 1.27665 10
 51.500000 -0.474955 1.61519 0.710549 -15.9485 -4.46987 0.144171 1.27665 10
 52.000000 -0.543767 1.59386 0.693823 -15.6996 -4.46987 0.144171 1.27665 10
 52.500000 -0.574888 1.5799 0.683371 -15.2497 -4.54991 0.131064 1.27665 11
 53.000000 -0.463772 1.47086 0.614774 -12.3628 -4.54991 0.131064 1.27665 11
 53.500000 -0.636595 1.48533 0.619873 -12.3404 -4.54991 0.131064 1.27665 11
 54.000000 -0.527111 1.3733 0.550015 -12.1044 -4.54991 0.131064 1.27665 11
 54.500000 -0.428724 1.59011 0.695349 -13.0364 -4.54991 0.131064 1.27665 11
 55.000000 -0.762238 1.16472 0.406206 -12.7068 -4.624 0.12014 1.27666 12
 55.500000 -0.836266 1.08364 0.333823 -12.0216 -4.624 0.12014 1.27666 12
 56.000000 -0.729181 1.40003 0.559065 -12.1253 -4.624 0.12014 1.27666 12
 56.500000 -0.575413 1.39545 0.564277 -12.1746 -4.624 0.12014 1.27666 12
 57.000000 -0.433768 1.4291 0.586353 -12.3044 -4.624 0.12014 1.27666 12
 57.500000 -0.625925 1.50822 0.635004 -12.2796 -4.69296 0.120136 1.27667 12
 58.000000 -0.626914 1.38769 0.558015 -11.3152 -4.69296 0.120136 1.27667 12
 58.500000 -0.540046 1.43921 0.593268 -10.5128 -4.69296 0.120136 1.27667 12
 59.000000 -0.565218 1.36935 0.547442 -11.4867 -4.69296 0.120136 1.27667 12
 59.500000 -0.591694 1.46064 0.606018 -10.3019 -4.69296 0.120136 1.27667 12
 60.000000 -0.627508 1.38022 0.553223 -11.4049 -4.75742 0.131047 1.27669 11
 60.500000 -0.629011 1.3847 0.556031 -9.34644 -4.75742 0.131047 1.27669 11
 61.000000 -0.751417 1.26873 0.473359 -10.359 -4.75742 0.131047 1.27669 11
 61.500000 -0.931015 1.04281 0.250777 -15.7896 -4.75742 0.131047 1.27669 11
 62.000000 -0.917911 1.09071 0.294186 -14.0001 -4.75742 0.131047 1.27669 11
 62.500000 -0.835352 1.09075 0.338773 -11.9145 -4.81799 0.120121 1.27671 12
 63.000000 -0.671545 1.23579 0.460042 -10.3756 -4.81799 0.120121 1.27671 12
 63.500000 -0.467889 1.54406 0.663694 -10.2601 -4.81799 0.120121 1.27671 12
 64.000000 -0.286465 1.70937 0.78054 -14.8953 -4.81799 0.120121 1.27671 12
 64.500000 -0.328951 1.75465 0.809518 -15.7918 -4.81799 0.120121 1.27671 12
 65.000000 -0.250926 1.70321 0.777347 -14.7474 -4.87515 0.110881 1.27671 13
 65.500000 -0.412794 1.63254 0.724235 -11.8178 -4.87515 0.110881 1.27671 13
 66.000000 -0.452691 1.66399 0.743543 -12.2086 -4.87515 0.110881 1.27671 13
 66.500000 -0.603005 1.47578 0.615339 -9.58041 -4.87515 0.110881 1.27671 13
 67.000000 -0.538884 1.45412 0.603052 -9.46263 -4.87515 0.110881 1.27671 13
 67.500000 -0.419247 1.65786 0.740892 -12.1727 -4.92918 0.110877 1.27672 13
 68.000000 -0.520156 1.52141 0.647535 -9.85005 -4.92918 0.110877 1.27672 13
 68.500000 -0.431126 1.59344 0.697517 -10.0878 -4.92918 0.110877 1.27672 13
 69.000000 -0.370108 1.56215 0.677366 -10.0676 -4.92918 0.110877 1.27672 13
 69.500000 -0.637714 1.41795 0.576898 -9.24801 -4.92918 0.110877 1.27672 13
 70.000000 -0.416202 1.49192 0.629047 -9.69153 -4.98002 0.110831 1.27686 13
 70.500000 -0.685952 1.29845 0.498561 -9.72582 -4.98002 0.110831 1.27686 13
 71.000000 -0.691165 1.38323 0.551772 -8.56408 -4.98002 0.110831 1.27686 13
 71.500000 -0.727558 1.27832 0.482336 -10.0435 -4.98002 0.110831 1.27686 13
 72.000000 -0.646361 1.2664 0.480271 -10.0774 -4.98002 0.110831 1.27686 13
 72.500000 -0.699019 1.27903 0.485408 -9.98984 -5.02848 0.110796 1.27696 13
 73.000000 -0.470286 1.44787 0.599334 -7.76612 -5.02848 0.110796 1.27696 13
 73.500000 -0.612056 1.38187 0.554758 -8.15386 -5.02848 0.110796 1.27696 13
 74.000000 -0.335671 1.73943 0.798986 -10.7201 -5.02848 0.110796 1.27696 13
 74.500000 -0.681611 1.2947 0.496476 -7.90539 -5.02848 0.110796 1.27696 13
 75.000000 -0.613775 1.3737 0.54947 -8.16053 -5.07292 0.110582 1.2776 13
 75.500000 -0.355874 1.61681 0.715105 -9.11732 -5.07292 0.110582 1.2776 13
 76.000000 -0.496046 1.5393 0.659904 -7.71562 -5.07292 0.110582 1.2776 13
 76.500000 -0.503423 1.41991 0.580742 -6.35918 -5.07292 0.110582 1.2776 13
 77.000000 -0.409705 1.55289 0.670599 -7.95385 -5.07292 0.110582 1.2776 13
 77.500000 -0.466316 1.69629 0.763992 -10.0005 -5.11704 0.110548 1.27771 13
 78.000000 -0.582438 1.42259 0.581716 -6.37034 -5.11704 0.110548 1.27771 13
 78.500000 -0.6574 1.25571 0.473151 -7.22675 -5.11704 0.110548 1.27771 13
 79.000000 -0.501636 1.53753 0.658597 -7.65741 -5.11704 0.110548 1.27771 13
 79.500000 -0.488134 1.47806 0.619454 -6.95005 -5.11704 0.110548 1.27771 13
 80.000000 -0.507519 1.54486 0.663264 -7.74376 -5.15647 0.1194 1.27868 12
 80.500000 -0.608487 1.36768 0.545743 -6.22727 -5.15647 0.1194 1.27868 12
 81.000000 -0.863807 1.15228 0.367448 -9.65855 -5.15647 0.1194 1.27868 12
 81.500000 -0.676416 1.15992 0.412902 -8.988 -5.15647 0.1194 1.27868 12
 82.000000 -0.53239 1.43774 0.592392 -6.19921 -5.15647 0.1194 1.27868 12
 82.500000 -0.596022 1.42042 0.579975 -6.21701 -5.18296 0.117802 1.28316 12
 83.000000 -0.32474 1.72794 0.791732 -8.09736 -5.18296 0.117802 1.28316 12
 83.500000 -0.424429 1.60331 0.704311 -6.19487 -5.18296 0.117802 1.28316 12
 84.000000 -0.53952 1.36764 0.546354 -4.61103 -5.18296 0.117802 1.28316 12
 84.500000 -0.734506 1.19111 0.426883 -8.53171 -5.18296 0.117802 1.28316 12
 85.000000 -0.823511 1.21521 0.424096 -8.62496 -5.2209 0.117662 1.28356 12
 85.500000 -0.517496 1.43026 0.58757 -4.38644 -5.2209 0.117662 1.28356 12
 86.000000 -0.300286 1.76982 0.821123 -8.84039 -5.2209 0.117662 1.28356 12
 86.500000 -0.607096 1.43169 0.586885 -4.38415 -5.2209 0.117662 1.28356 12
 87.000000 -0.799124 1.27523 0.469208 -6.46043 -5.2209 0.117662 1.28356 12
 87.500000 -0.644974 1.35652 0.537456 -4.75781 -5.19932 0.111366 1.30287 12
 88.000000 -0.454304 1.59062 0.695001 -6.02208 -5.19932 0.111366 1.30287 12
 88.500000 -0.439326 1.63432 0.724506 -6.68971 -5.19932 0.111366 1.30287 12
 89.000000 -0.504513 1.59041 0.693204 -5.98456 -5.19932 0.111366 1.30287 12
 89.500000 -0.411239 1.64957 0.735674 -6.95733 -5.19932 0.111366 1.30287 12
 90.000000 -0.378018 1.63909 0.729712 -6.81486 -5.22836 0.110606 1.30535 12
 90.500000 -0.413652 1.60324 0.704549 -4.97254 -5.22836 0.110606 1.30535 12
 91.000000 -0.475691 1.52226 0.649036 -4.85802 -5.22836 0.110606 1.30535 12
 91.500000 -0.442006 1.54119 0.662239 -5.04073 -5.22836 0.110606 1.30535 12
 92.000000 -0.610652 1.29996 0.502339 -3.36903 -5.22836 0.110606 1.30535 12
 92.500000 -0.474311 1.56789 0.679365 -5.08396 -5.22301 0.106543 1.3194 12
 93.000000 -0.43223 1.49119 0.62855 -3.60419 -5.22301 0.106543 1.3194 12
 93.500000 -0.808792 1.13791 0.378312 -7.18784 -5.22301 0.106543 1.3194 12
 94.000000 -0.87947 1.13093 0.345331 -8.21469 -5.22301 0.106543 1.3194 12
 94.500000 -0.897772 1.04339 0.274653 -10.8548 -5.22301 0.106543 1.3194 12
 95.000000 -0.922213 1.08863 0.289745 -10.2515 -5.25669 0.0983286 1.31949 13
 95.500000 -0.696138 1.19871 0.435453 -5.39696 -5.25669 0.0983286 1.31949 13
 96.000000 -0.449014 1.44817 0.599446 -3.36061 -5.25669 0.0983286 1.31949 13
 96.500000 -0.268822 1.84772 0.875132 -10.3977 -5.25669 0.0983286 1.31949 13
 97.000000 -0.226495 1.77193 0.825827 -7.21071 -5.25669 0.0983286 1.31949 13
 97.500000 -0.234187 1.84083 0.872514 -10.1995 -5.28924 0.0912846 1.31957 14
 98.000000 -0.239511 1.76434 0.82008 -6.73806 -5.28924 0.0912846 1.31957 14
 98.500000 -0.557661 1.41155 0.574975 -2.97034 -5.28924 0.0912846 1.31957 14
 99.000000 -0.854544 1.1908 0.397399 -6.52507 -5.28924 0.0912846 1.31957 14
 99.500000 -0.66058 1.34155 0.52725 -2.8771 -5.28924 0.0912846 1.31957 14
 100.000000 -0.646613 1.37162 0.546992 -2.79842 -4.99212 0.0674934 1.4569 14
 100.500000 -0.472594 1.53092 0.654854 -3.04245 -4.99212 0.0674934 1.4569 14
 101.000000 -0.466144 1.56481 0.677531 -3.13734 -4.99212 0.0674934 1.4569 14
 101.500000 -0.617823 1.49642 0.62789 -2.55559 -4.99212 0.0674934 1.4569 14
 102.000000 -0.258723 1.69711 0.772887 -4.87609 -4.99212 0.0674934 1.4569 14
 102.500000 -0.612522 1.37896 0.552878 -1.06234 -4.07104 0.0298996 2.14925 14
 103.000000 -0.691795 1.28715 0.491046 -0.615277 -4.07104 0.0298996 2.14925 14
 103.500000 -0.853323 1.07147 0.318367 -8.1688 -4.07104 0.0298996 2.14925 14
 104.000000 -0.823894 1.13759 0.373306 -7.25491 -4.07104 0.0298996 2.14925 14
 104.500000 -0.890084 1.19265 0.383065 -6.92011 -4.07104 0.0298996 2.14925 14
 105.000000 -0.983781 1.15251 0.290793 -8.21179 -4.10041 0.0298906 2.15 14
 105.500000 -0.816981 1.09267 0.3469 -6.93243 -4.10041 0.0298906 2.15 14
 106.000000 -0.772561 1.14044 0.389061 -6.62249 -4.10041 0.0298906 2.15 14
 106.500000 -0.771251 1.17544 0.41122 -5.37017 -4.10041 0.0298906 2.15 14
 107.000000 -0.916182 1.18718 0.365118 -7.09775 -4.10041 0.0298906 2.15 14
 107.500000 -0.806423 1.13413 0.376603 -6.98454 -4.12776 0.0298545 2.15255 14
 108.000000 -0.557348 1.19267 0.433761 -3.69356 -4.12776 0.0298545 2.15255 14
 108.500000 -0.577703 1.27174 0.484387 -0.880689 -4.12776 0.0298545 2.15255 14
 109.000000 -0.533441 1.56934 0.678384 -3.08264 -4.12776 0.0298545 2.15255 14
 109.500000 -0.634623 1.44614 0.595015 -0.0402966 -4.12776 0.0298545 2.15255 14
 110.000000 -0.382972 1.58932 0.695793 -3.31424 -4.09347 0.0304987 2.25117 13
 110.500000 -0.529566 1.45032 0.600686 -0.271156 -4.09347 0.0304987 2.25117 13
 111.000000 -0.520466 1.41353 0.576517 0.267845 -4.09347 0.0304987 2.25117 13
 111.500000 -0.602839 1.48682 0.622426 -0.995051 -4.09347 0.0304987 2.25117 13
 112.000000 -0.492209 1.59779 0.698489 -1.64239 -4.09347 0.0304987 2.25117 13
 112.500000 -0.528416 1.5272 0.651101 -1.73004 -3.8622 0.0240111 2.70283 14
 113.000000 -0.884727 1.075 0.304133 -5.96358 -3.8622 0.0240111 2.70283 14
 113.500000 -0.537331 1.51303 0.641599 -0.12111 -3.8622 0.0240111 2.70283 14
 114.000000 -0.417026 1.54189 0.663039 -0.168697 -3.8622 0.0240111 2.70283 14
 114.500000 -0.476892 1.45103 0.601462 -0.000681038 -3.8622 0.0240111 2.70283 14
 115.000000 -0.274005 1.71008 0.781432 -3.88855 -3.86288 0.0220037 2.76446 15
 115.500000 -0.231333 1.82605 0.862656 -4.63799 -3.86288 0.0220037 2.76446 15
 116.000000 -0.399191 1.57702 0.687139 -0.399783 -3.86288 0.0220037 2.76446 15
 116.500000 -0.402411 1.50424 0.63746 -0.0682534 -3.86288 0.0220037 2.76446 15
 117.000000 -0.635915 1.45152 0.598379 0.0926205 -3.86288 0.0220037 2.76446 15
 117.500000 -0.394693 1.64759 0.734923 -1.52151 -3.64704 0.0185035 3.34046 16
 118.000000 -0.252741 1.70578 0.779085 -0.627822 -3.64704 0.0185035 3.34046 16
 118.500000 -0.479957 1.50141 0.635091 -0.119762 -3.64704 0.0185035 3.34046 16
 119.000000 -0.470591 1.54731 0.665799 -0.0580654 -3.64704 0.0185035 3.34046 16
 119.500000 -0.589258 1.46858 0.611211 -0.0941614 -3.64704 0.0185035 3.34046 16
 120.000000 -0.45998 1.45745 0.605755 -0.050744 -3.01228 0.0135278 4.15103 17
 120.500000 -0.84487 1.13555 0.364236 -5.53973 -3.01228 0.0135278 4.15103 17
 121.000000 -0.763157 1.19951 0.427841 -4.48511 -3.01228 0.0135278 4.15103 17
 121.500000 -0.698213 1.19549 0.433301 -4.15105 -3.01228 0.0135278 4.15103 17
 122.000000 -0.835947 1.16396 0.386374 -5.47186 -3.01228 0.0135278 4.15103 17
 122.500000 -0.780838 1.15005 0.393261 -5.46437 -3.03482 0.0143487 4.16285 16
 123.000000 -0.766848 1.26479 0.468539 -2.0926 -3.03482 0.0143487 4.16285 16
 123.500000 -0.498266 1.45296 0.602698 1.15811 -3.03482 0.0143487 4.16285 16
 124.000000 -0.402313 1.59234 0.697466 -0.296297 -3.03482 0.0143487 4.16285 16
 124.500000 -0.470633 1.51466 0.644047 0.665682 -3.03482 0.0143487 4.16285 16
 125.000000 -0.679167 1.22074 0.450246 -3.05981 -3.03541 0.0139834 4.29084 16
 125.500000 -0.65589 1.31698 0.511892 -0.341685 -3.03541 0.0139834 4.29084 16
 126.000000 -0.688311 1.24368 0.463998 -1.45462 -3.03541 0.0139834 4.29084 16
 126.500000 -0.71428 1.30853 0.502701 -0.588455 -3.03541 0.0139834 4.29084 16
 127.000000 -0.699816 1.25897 0.472744 -1.31891 -3.03541 0.0139834 4.29084 16
 127.500000 -0.576119 1.41918 0.579645 1.01173 -2.19914 0.00938106 3.43506 15
 128.000000 -0.72055 1.28789 0.489093 -0.994233 -2.19914 0.00938106 3.43506 15
 128.500000 -0.815624 1.17061 0.397321 -3.18371 -2.19914 0.00938106 3.43506 15
 129.000000 -0.703652 1.16624 0.414839 -2.68168 -2.19914 0.00938106 3.43506 15
 129.500000 -0.713708 1.32168 0.51105 0.126615 -2.19914 0.00938106 3.43506 15
 130.000000 -0.768886 1.30355 0.492887 -0.797397 -2.13185 0.00892566 3.91061 16
 130.500000 -0.891768 1.14007 0.345171 -5.04321 -2.13185 0.00892566 3.91061 16
 131.000000 -0.823424 1.12867 0.367701 -4.1788 -2.13185 0.00892566 3.91061 16
 131.500000 -1.01386 1.11775 0.236531 -8.10083 -2.13185 0.00892566 3.91061 16
 132.000000 -0.954675 1.08323 0.261506 -7.42454 -2.13185 0.00892566 3.91061 16
 132.500000 -0.964145 1.07781 0.249735 -7.70042 -2.15424 0.00840189 3.91118 17
 133.000000 -0.89106 1.19045 0.381031 -3.58496 -2.15424 0.00840189 3.91118 17
 133.500000 -0.922008 1.09271 0.292818 -6.41982 -2.15424 0.00840189 3.91118 17
 134.000000 -0.841586 1.17484 0.391559 -3.12709 -2.15424 0.00840189 3.91118 17
 134.500000 -0.895777 1.12132 0.329752 -5.59004 -2.15424 0.00840189 3.91118 17
 135.000000 -0.438271 1.59495 0.698335 -0.653893 -2.08125 0.00850286 4.47031 17
 135.500000 -0.515086 1.58202 0.687333 0.295161 -2.08125 0.00850286 4.47031 17
 136.000000 -0.4782 1.60549 0.704057 0.268105 -2.08125 0.00850286 4.47031 17
 136.500000 -0.456029 1.53056 0.65489 0.546395 -2.08125 0.00850286 4.47031 17
 137.000000 -0.543764 1.39156 0.562024 1.66001 -2.08125 0.00850286 4.47031 17
 137.500000 -0.675253 1.27921 0.487087 0.0412736 -1.93591 0.00837723 5.38419 17
 138.000000 -0.93772 1.1551 0.327757 -5.90795 -1.93591 0.00837723 5.38419 17
 138.500000 -0.903057 1.1026 0.312242 -6.42523 -1.93591 0.00837723 5.38419 17
 139.000000 -0.902222 1.1915 0.37603 -3.85151 -1.93591 0.00837723 5.38419 17
 139.500000 -0.845447 1.07006 0.321109 -6.15337 -1.93591 0.00837723 5.38419 17
 140.000000 -0.982107 1.06565 0.225132 -6.95646 -1.95682 0.00838066 5.3855 17
 140.500000 -0.847651 1.16733 0.38429 -3.39525 -1.95682 0.00838066 5.3855 17
 141.000000 -0.91938 1.08702 0.290556 -6.47236 -1.95682 0.00838066 5.3855 17
 141.500000 -0.929911 1.0445 0.2528 -5.8073 -1.95682 0.00838066 5.3855 17
 142.000000 -0.944323 1.14298 0.314047 -6.36323 -1.95682 0.00838066 5.3855 17
 142.500000 -0.89872 1.08928 0.305591 -6.51685 -1.97722 0.00838009 5.38755 17
 143.000000 -0.763392 1.14343 0.392753 -2.8855 -1.97722 0.00838009 5.38755 17
 143.500000 -0.819907 1.06399 0.327804 -5.26766 -1.97722 0.00838009 5.38755 17
 144.000000 -0.910151 1.16799 0.354687 -4.72302 -1.97722 0.00838009 5.38755 17
 144.500000 -0.789236 1.13411 0.381262 -3.56255 -1.97722 0.00838009 5.38755 17
 145.000000 -0.904175 1.10601 0.313954 -5.34146 -1.99672 0.00837834 5.39417 17
 145.500000 -0.967089 1.04256 0.221224 -5.72667 -1.99672 0.00837834 5.39417 17
 146.000000 -0.848091 1.18329 0.394802 -2.75435 -1.99672 0.00837834 5.39417 17
 146.500000 -0.82243 1.08453 0.339791 -4.35017 -1.99672 0.00837834 5.39417 17
 147.000000 -0.678799 1.3576 0.536394 1.14244 -1.99672 0.00837834 5.39417 17
 147.500000 -0.649503 1.38609 0.55607 1.45353 -1.52784 0.00741619 4.92783 17
 148.000000 -0.538694 1.51717 0.644259 0.313895 -1.52784 0.00741619 4.92783 17
 148.500000 -0.5266 1.50746 0.638235 0.525484 -1.52784 0.00741619 4.92783 17
 149.000000 -0.264172 1.92864 0.929036 -10.3333 -1.52784 0.00741619 4.92783 17
 149.500000 -0.495567 1.47187 0.615278 1.30996 -1.52784 0.00741619 4.92783 17
 150.000000 -0.37023 1.69439 0.767242 -1.42481 -1.52576 0.0077102 5.11623 16
 150.500000 -0.449393 1.56476 0.677894 -0.293538 -1.52576 0.0077102 5.11623 16
 151.000000 -0.491351 1.53107 0.654581 -0.0516401 -1.52576 0.0077102 5.11623 16
 151.500000 -0.539436 1.47535 0.616931 1.20341 -1.52576 0.0077102 5.11623 16
 152.000000 -0.518987 1.53296 0.655138 -0.0652218 -1.52576 0.0077102 5.11623 16
 152.500000 -0.420941 1.62688 0.720186 -0.250378 -1.47823 0.00783782 5.66792 16
 153.000000 -0.449876 1.59666 0.699146 0.296547 -1.47823 0.00783782 5.66792 16
 153.500000 -0.495069 1.55576 0.670778 -0.0751436 -1.47823 0.00783782 5.66792 16
 154.000000 -0.574055 1.49884 0.631247 0.647889 -1.47823 0.00783782 5.66792 16
 154.500000 -0.447858 1.54802 0.666724 -0.103597 -1.47823 0.00783782 5.66792 16
 155.000000 -0.511821 1.52225 0.648294 0.0948344 -1.40985 0.00775926 6.40412 16
 155.500000 -0.392769 1.51663 0.645956 0.683578 -1.40985 0.00775926 6.40412 16
 156.000000 -0.433835 1.57678 0.686286 0.391534 -1.40985 0.00775926 6.40412 16
 156.500000 -0.781308 1.20972 0.430895 -1.18614 -1.40985 0.00775926 6.40412 16
 157.000000 -1.35898 0.57431 -0.490588 -16 -1.40985 0.00775926 6.40412 16
 157.500000 -1.19136 0.888512 -0.130756 -16 -1.4282 0.00730284 6.40412 17
 158.000000 -1.03439 0.839741 0.020678 -16 -1.4282 0.00730284 6.40412 17
 158.500000 -1.01709 0.833382 0.0355496 -16 -1.4282 0.00730284 6.40412 17
 159.000000 -1.13186 1.02218 0.0346869 -16 -1.4282 0.00730284 6.40412 17
 159.500000 -1.13477 0.989026 0.00617771 -15.9997 -1.4282 0.00730284 6.40412 17
 160.000000 -1.17265 0.992611 -0.0359775 -15.9692 -1.44622 0.00689712 6.40412 18
 160.500000 -1.10302 0.944164 0.0106049 -15.3356 -1.44622 0.00689712 6.40412 18
 161.000000 -1.08776 0.972163 0.0476564 -15.8865 -1.44622 0.00689712 6.40412 18
 161.500000 -1.05531 0.966581 0.0793706 -15.2969 -1.44622 0.00689712 6.40412 18
 162.000000 -1.06327 0.954014 0.061901 -15.8866 -1.44622 0.00689712 6.40412 18
 162.500000 -1.05721 0.923167 0.0475118 -15.8856 -1.46392 0.00653412 6.40412 19
 163.000000 -1.0673 0.996481 0.0879945 -14.2968 -1.46392 0.00653412 6.40412 19
 163.500000 -1.12017 0.869571 -0.0580274 -14.8108 -1.46392 0.00653412 6.40412 19
 164.000000 -1.05257 0.939369 0.0634511 -14.7297 -1.46392 0.00653412 6.40412 19
 164.500000 -1.12828 0.900019 -0.0482308 -14.7369 -1.46392 0.00653412 6.40412 19
 165.000000 -0.987835 0.836898 0.067723 -14.7483 -1.48131 0.00653412 6.40412 19
 165.500000 -1.08411 0.837386 -0.0357675 -14.6564 -1.48131 0.00653412 6.40412 19
 166.000000 -1.08629 0.965655 0.0446454 -13.6715 -1.48131 0.00653412 6.40412 19
 166.500000 -1.03463 0.803542 0.000473818 -14.4287 -1.48131 0.00653412 6.40412 19
 167.000000 -1.23065 0.734404 -0.264302 -15.9995 -1.48131 0.00653412 6.40412 19
 167.500000 -1.11229 0.851049 -0.0600888 -14.8246 -1.4984 0.00653412 6.40412 19
 168.000000 -1.0384 0.925618 0.0694048 -13.5668 -1.4984 0.00653412 6.40412 19
 168.500000 -1.04594 0.998086 0.112093 -12.0666 -1.4984 0.00653412 6.40412 19
 169.000000 -1.08943 0.951541 0.0311532 -13.8268 -1.4984 0.00653412 6.40412 19
 169.500000 -1.06521 0.98142 0.0792556 -13.5795 -1.4984 0.00653412 6.40412 19
 170.000000 -1.08724 0.927545 0.0171264 -14.0181 -1.51521 0.00620741 6.40412 20
 170.500000 -1.16528 0.981703 -0.0352655 -13.256 -1.51521 0.00620741 6.40412 20
 171.000000 -1.02901 0.865415 0.0414337 -12.88 -1.51521 0.00620741 6.40412 20
 171.500000 -0.964802 0.952099 0.160185 -8.27115 -1.51521 0.00620741 6.40412 20
 172.000000 -1.11491 1.03654 0.0653735 -13.0923 -1.51521 0.00620741 6.40412 20
 172.500000 -1.16259 0.897065 -0.0906636 -13.8559 -1.53174 0.00620741 6.40412 20
 173.000000 -1.04312 0.894384 0.0441237 -12.8926 -1.53174 0.00620741 6.40412 20
 173.500000 -1.02416 0.942324 0.0955566 -13.1355 -1.53174 0.00620741 6.40412 20
 174.000000 -1.04604 0.941295 0.0717889 -13.1768 -1.53174 0.00620741 6.40412 20
 174.500000 -1.05064 0.976536 0.0914707 -13.2514 -1.53174 0.00620741 6.40412 20
 175.000000 -1.04608 0.955075 0.081213 -13.2864 -1.548 0.00620741 6.40412 20
 175.500000 -1.06878 1.02665 0.109052 -11.8423 -1.548 0.00620741 6.40412 20
 176.000000 -1.0973 1.06511 0.107884 -11.8933 -1.548 0.00620741 6.40412 20
 176.500000 -1.01117 0.950461 0.114385 -11.5541 -1.548 0.00620741 6.40412 20
 177.000000 -1.02437 0.844922 0.0343773 -12.3866 -1.548 0.00620741 6.40412 20
 177.500000 -1.11965 1.00014 0.0320015 -12.4138 -1.564 0.00620741 6.40412 20
 178.000000 -1.18766 0.871841 -0.136765 -13.3863 -1.564 0.00620741 6.40412 20
 178.500000 -1.25891 0.719605 -0.306084 -16 -1.564 0.00620741 6.40412 20
 179.000000 -1.21053 0.670923 -0.268301 -15.9991 -1.564 0.00620741 6.40412 20
 179.500000 -1.14593 1.01318 0.0113253 -11.5256 -1.564 0.00620741 6.40412 20
 180.000000 -1.11287 0.882232 -0.0416861 -12.4751 -1.57975 0.00620741 6.40413 20
 180.500000 -1.21003 0.822058 -0.193412 -15.4235 -1.57975 0.00620741 6.40413 20
 181.000000 -1.16504 0.702551 -0.199374 -15.5878 -1.57975 0.00620741 6.40413 20
 181.500000 -1.28215 0.635121 -0.37135 -16 -1.57975 0.00620741 6.40413 20
 182.000000 -1.12965 0.771659 -0.124201 -12.7656 -1.57975 0.00620741 6.40413 20
 182.500000 -1.17282 0.609181 -0.246986 -15.9938 -1.59525 0.00591182 6.40413 21
 183.000000 -1.22902 0.853166 -0.198539 -15.0248 -1.59525 0.00591182 6.40413 21
 183.500000 -1.13835 0.585843 -0.213829 -14.958 -1.59525 0.00591182 6.40413 21
 184.000000 -1.17251 0.766167 -0.17801 -14.7076 -1.59525 0.00591182 6.40413 21
 184.500000 -1.18884 0.833223 -0.161307 -14.1197 -1.59525 0.00591182 6.40413 21
 185.000000 -1.21945 0.811993 -0.210557 -14.9832 -1.61052 0.00591182 6.40413 21
 185.500000 -1.23031 0.759533 -0.251566 -13.9837 -1.61052 0.00591182 6.40413 21
 186.000000 -0.993316 0.90634 0.103387 -11.8156 -1.61052 0.00591182 6.40413 21
 186.500000 -1.09549 1.02081 0.0751451 -11.5466 -1.61052 0.00591182 6.40413 21
 187.000000 -1.03138 0.969599 0.106878 -11.7486 -1.61052 0.00591182 6.40413 21
 187.500000 -1.00785 0.892361 0.0799706 -11.6199 -1.62556 0.00591182 6.40414 21
 188.000000 -1.15336 0.665824 -0.201184 -13.7953 -1.62556 0.00591182 6.40414 21
 188.500000 -1.24816 0.611545 -0.338443 -15.8342 -1.62556 0.00591182 6.40414 21
 189.000000 -1.2463 0.669052 -0.312998 -15.4072 -1.62556 0.00591182 6.40414 21
 189.500000 -1.32768 0.776498 -0.36373 -15.9725 -1.62556 0.00591182 6.40414 21
 190.000000 -1.24531 0.790035 -0.254224 -14.0242 -1.64037 0.00591182 6.40414 21
 190.500000 -1.16921 0.558139 -0.260821 -12.9002 -1.64037 0.00591182 6.40414 21
 191.000000 -1.0873 0.714365 -0.102335 -12.0737 -1.64037 0.00591182 6.40414 21
 191.500000 -1.05014 0.884597 0.0303812 -10.7848 -1.64037 0.00591182 6.40414 21
 192.000000 -0.954471 0.876312 0.122461 -10.5324 -1.64037 0.00591182 6.40414 21
 192.500000 -1.32744 0.651922 -0.420957 -15.994 -1.65497 0.0056431 6.40414 22
 193.000000 -1.12326 0.726799 -0.138585 -13.1152 -1.65497 0.0056431 6.40414 22
 193.500000 -1.16112 0.954155 -0.0502069 -11.3011 -1.65497 0.0056431 6.40414 22
 194.000000 -1.06021 0.970159 0.0766161 -10.5395 -1.65497 0.0056431 6.40414 22
 194.500000 -1.1608 0.80354 -0.144298 -13.2833 -1.65497 0.0056431 6.40414 22
 195.000000 -1.15266 0.811629 -0.130143 -12.8484 -1.66936 0.0056431 6.40414 22
 195.500000 -1.15722 0.833009 -0.123473 -11.6941 -1.66936 0.0056431 6.40414 22
 196.000000 -1.07418 0.882746 0.00267142 -11.0519 -1.66936 0.0056431 6.40414 22
 196.500000 -1.05097 1.00315 0.110487 -10.7395 -1.66936 0.0056431 6.40414 22
 197.000000 -1.10101 0.929775 0.00303145 -11.0483 -1.66936 0.0056431 6.40414 22
 197.500000 -1.06472 0.859201 -0.00117834 -11.0887 -1.68354 0.0056431 6.40415 22
 198.000000 -0.989832 0.91036 0.109373 -10.7119 -1.68354 0.0056431 6.40415 22
 198.500000 -1.03581 0.992261 0.118457 -10.6045 -1.68354 0.0056431 6.40415 22
 199.000000 -1.03634 0.844051 0.021039 -10.0213 -1.68354 0.0056431 6.40415 22
 199.500000 -1.10231 0.935563 0.00549058 -10.0084 -1.68354 0.0056431 6.40415 22
 200.000000 -1.40292 0.55875 -0.551492 -15.9886 -1.69753 0.00539775 6.40415 23
 200.500000 -1.25113 0.777284 -0.268105 -12.8894 -1.69753 0.00539775 6.40415 23
 201.000000 -1.04292 0.632927 -0.0848653 -11.1091 -1.69753 0.00539775 6.40415 23
 201.500000 -1.16566 0.783036 -0.16108 -12.123 -1.69753 0.00539775 6.40415 23
 202.000000 -1.21311 0.79409 -0.212578 -12.7026 -1.69753 0.00539775 6.40415 23
 202.500000 -1.23503 0.949638 -0.14317 -11.8557 -1.71132 0.00539774 6.40416 23
 203.000000 -1.00817 0.983345 0.140207 -9.42411 -1.71132 0.00539774 6.40416 23
 203.500000 -1.13068 0.830731 -0.0933944 -10.8528 -1.71132 0.00539774 6.40416 23
 204.000000 -1.34035 0.671634 -0.428833 -14.7428 -1.71132 0.00539774 6.40416 23
 204.500000 -1.44298 0.726613 -0.533439 -14.7856 -1.71132 0.00539774 6.40416 23
 205.000000 -1.25867 0.795248 -0.267928 -12.8449 -1.72493 0.00539774 6.40416 23
 205.500000 -1.57907 0.647154 -0.740098 -16 -1.72493 0.00539774 6.40416 23
 206.000000 -1.02274 0.881885 0.0580429 -10.1838 -1.72493 0.00539774 6.40416 23
 206.500000 -1.03822 0.984208 0.110128 -10.6694 -1.72493 0.00539774 6.40416 23
 207.000000 -1.02363 0.92058 0.081647 -10.3978 -1.72493 0.00539774 6.40416 23
 207.500000 -1.01101 0.913182 0.089889 -10.4943 -1.73835 0.00539774 6.40419 23
 208.000000 -1.10506 0.930539 -0.00108726 -9.90128 -1.73835 0.00539774 6.40419 23
 208.500000 -1.0148 0.954637 0.113551 -9.63504 -1.73835 0.00539774 6.40419 23
 209.000000 -1.1444 0.680281 -0.184371 -11.2701 -1.73835 0.00539774 6.40419 23
 209.500000 -1.0803 0.866616 -0.014143 -10.0096 -1.73835 0.00539774 6.40419 23
 210.000000 -1.12426 0.775722 -0.115783 -10.7863 -1.75159 0.00539774 6.40421 23
 210.500000 -1.28655 0.80688 -0.296205 -12.03 -1.75159 0.00539774 6.40421 23
 211.000000 -1.33005 0.470299 -0.48921 -15.149 -1.75159 0.00539774 6.40421 23
 211.500000 -1.34044 0.806186 -0.364039 -14.1745 -1.75159 0.00539774 6.40421 23
 212.000000 -1.44459 0.734026 -0.532008 -14.7957 -1.75159 0.00539774 6.40421 23
 212.500000 -1.03933 0.795853 -0.0087069 -9.93797 -1.76466 0.00539774 6.40425 23
 213.000000 -0.943649 0.893455 0.142382 -9.0847 -1.76466 0.00539774 6.40425 23
 213.500000 -1.15145 0.853186 -0.104746 -9.68472 -1.76466 0.00539774 6.40425 23
 214.000000 -0.998667 0.939681 0.119662 -9.64501 -1.76466 0.00539774 6.40425 23
 214.500000 -0.989834 0.958502 0.140951 -9.15352 -1.76466 0.00539774 6.40425 23
 215.000000 -1.0281 0.937802 0.0884131 -9.41446 -1.77756 0.00539772 6.40432 23
 215.500000 -1.20884 0.754015 -0.228083 -11.6165 -1.77756 0.00539772 6.40432 23
 216.000000 -1.38868 0.74656 -0.45538 -14.9367 -1.77756 0.00539772 6.40432 23
 216.500000 -1.35948 0.746212 -0.4188 -14.711 -1.77756 0.00539772 6.40432 23
 217.000000 -1.39966 0.716654 -0.483356 -15.1497 -1.77756 0.00539772 6.40432 23
 217.500000 -0.715364 0.453988 0.156209 -8.20662 -1.79028 0.00517299 6.40457 24
 218.000000 -0.728551 0.571942 0.167974 -7.01715 -1.79028 0.00517299 6.40457 24
 218.500000 -0.751267 0.477232 0.141193 -7.45988 -1.79028 0.00517299 6.40457 24
 219.000000 -1.10163 0.738269 -0.107892 -9.6435 -1.79028 0.00517299 6.40457 24
 219.500000 -1.21434 0.648584 -0.282222 -11.7785 -1.79028 0.00517299 6.40457 24
 220.000000 -1.24564 0.841549 -0.225874 -11.5626 -1.80285 0.00517298 6.40458 24
 220.500000 -1.06194 0.845946 -0.00590913 -8.83039 -1.80285 0.00517298 6.40458 24
 221.000000 -1.18697 0.791851 -0.182041 -10.2476 -1.80285 0.00517298 6.40458 24
 221.500000 -1.18116 0.793183 -0.174327 -10.1528 -1.80285 0.00517298 6.40458 24
 222.000000 -0.959749 0.964201 0.172795 -6.90463 -1.80285 0.00517298 6.40458 24
 222.500000 -1.20634 0.766136 -0.218945 -10.4281 -1.81528 0.00517298 6.4046 24
 223.000000 -0.988785 0.959623 0.142724 -7.44205 -1.81528 0.00517298 6.4046 24
 223.500000 -1.07099 0.919517 0.0299249 -8.68042 -1.81528 0.00517298 6.4046 24
 224.000000 -1.04692 0.935435 0.0668699 -8.28205 -1.81528 0.00517298 6.4046 24
 224.500000 -1.02293 0.581429 -0.0802237 -9.61312 -1.81528 0.00517298 6.4046 24
 225.000000 -0.980291 0.973517 0.160292 -7.17682 -1.82749 0.0051734 6.40529 24
 225.500000 -1.16936 0.850486 -0.12773 -9.59714 -1.82749 0.0051734 6.40529 24
 226.000000 -1.01585 0.957663 0.114559 -6.85818 -1.82749 0.0051734 6.40529 24
 226.500000 -1.37626 0.715959 -0.454218 -14.8985 -1.82749 0.0051734 6.40529 24
 227.000000 -1.36478 0.886395 -0.348087 -13.3863 -1.82749 0.0051734 6.40529 24
 227.500000 -1.55956 0.439275 -0.7893 -16 -1.83961 0.00496647 6.40529 25
 228.000000 -1.45628 0.592161 -0.606526 -15.2677 -1.83961 0.00496647 6.40529 25
 228.500000 -1.38254 0.479699 -0.552467 -14.6655 -1.83961 0.00496647 6.40529 25
 229.000000 -1.3152 0.650827 -0.406121 -14.7012 -1.83961 0.00496647 6.40529 25
 229.500000 -1.35036 0.780587 -0.390087 -14.752 -1.83961 0.00496647 6.40529 25
 230.000000 -1.34548 0.646771 -0.44565 -14.7886 -1.85158 0.00496647 6.40529 25
 230.500000 -1.37699 0.784956 -0.421366 -13.6001 -1.85158 0.00496647 6.40529 25
 231.000000 -1.49383 0.526038 -0.677751 -15.9226 -1.85158 0.00496647 6.40529 25
 231.500000 -1.31366 0.719731 -0.374016 -14.1857 -1.85158 0.00496647 6.40529 25
 232.000000 -1.33989 0.778464 -0.378022 -14.1859 -1.85158 0.00496647 6.40529 25
 232.500000 -1.36753 0.799926 -0.401536 -13.8576 -1.86342 0.00496647 6.4053 25
 233.000000 -1.30275 0.742577 -0.349549 -12.8591 -1.86342 0.00496647 6.4053 25
 233.500000 -1.32037 0.766287 -0.359791 -12.947 -1.86342 0.00496647 6.4053 25
 234.000000 -1.29534 0.740064 -0.341537 -12.6568 -1.86342 0.00496647 6.4053 25
 234.500000 -1.01422 0.710014 -0.0222093 -8.90478 -1.86342 0.00496647 6.4053 25
 235.000000 -1.08649 1.01636 0.0817871 -7.59436 -1.87508 0.00496641 6.40575 25
 235.500000 -1.17848 0.97641 -0.0549667 -9.28094 -1.87508 0.00496641 6.40575 25
 236.000000 -1.16354 0.937715 -0.0645976 -9.42459 -1.87508 0.00496641 6.40575 25
 236.500000 -1.13661 0.897346 -0.0597125 -9.35578 -1.87508 0.00496641 6.40575 25
 237.000000 -1.08394 0.911818 0.0103711 -7.95796 -1.87508 0.00496641 6.40575 25
 237.500000 -0.797963 1.1211 0.370771 -4.12738 -1.88542 0.0049613 6.42027 25
 238.000000 -0.808368 1.1947 0.414956 -1.59142 -1.88542 0.0049613 6.42027 25
 238.500000 -0.615703 1.33952 0.52753 1.78382 -1.88542 0.0049613 6.42027 25
 239.000000 -0.758233 1.10322 0.369079 -3.3265 -1.88542 0.0049613 6.42027 25
 239.500000 -0.787714 1.13402 0.381583 -3.0908 -1.88542 0.0049613 6.42027 25
 240.000000 -0.929077 1.06135 0.265343 -4.98934 -1.89633 0.00496504 6.42641 25
 240.500000 -0.836366 1.20107 0.410782 -1.82125 -1.89633 0.00496504 6.42641 25
 241.000000 -0.906163 1.18592 0.369882 -3.30778 -1.89633 0.00496504 6.42641 25
 241.500000 -0.756094 1.15507 0.401291 -2.32439 -1.89633 0.00496504 6.42641 25
 242.000000 -0.816382 1.1463 0.381381 -3.09378 -1.89633 0.00496504 6.42641 25
 242.500000 -0.920052 1.15546 0.33961 -3.54705 -1.90545 0.00496679 6.45233 25
 243.000000 -0.816478 1.17241 0.398235 -2.34294 -1.90545 0.00496679 6.45233 25
 243.500000 -0.76459 1.19509 0.42481 -1.05623 -1.90545 0.00496679 6.45233 25
 244.000000 -0.661964 1.34897 0.531885 1.86232 -1.90545 0.00496679 6.45233 25
 244.500000 -0.802037 1.08492 0.346946 -2.73243 -1.90545 0.00496679 6.45233 25
 245.000000 -0.655916 1.3264 0.517862 1.5884 -1.60196 0.00518167 6.61003 25
 245.500000 -0.714544 1.26712 0.476601 1.26651 -1.60196 0.00518167 6.61003 25
 246.000000 -0.611877 1.4041 0.569027 2.08971 -1.60196 0.00518167 6.61003 25
 246.500000 -0.483783 1.5872 0.691829 0.467651 -1.60196 0.00518167 6.61003 25
 247.000000 -0.466697 1.48559 0.624644 1.16538 -1.60196 0.00518167 6.61003 25
 247.500000 -0.418101 1.55238 0.670138 0.527066 -1.52371 0.00511783 7.44641 25
 248.000000 -0.741218 1.24359 0.458862 0.763028 -1.52371 0.00511783 7.44641 25
 248.500000 -0.866772 1.1535 0.366942 -2.85032 -1.52371 0.00511783 7.44641 25
 249.000000 -0.839577 1.08241 0.331645 -3.16883 -1.52371 0.00511783 7.44641 25
 249.500000 -0.927571 1.08935 0.2865 -3.72112 -1.52371 0.00511783 7.44641 25
 250.000000 -0.595677 1.3215 0.516299 1.80514 -1.26716 0.00504155 7.60339 25
 250.500000 -0.347131 1.62725 0.722446 0.386263 -1.26716 0.00504155 7.60339 25
 251.000000 -0.884056 1.04787 0.286251 -3.96192 -1.26716 0.00504155 7.60339 25
 251.500000 -0.874134 1.05892 0.299349 -3.75237 -1.26716 0.00504155 7.60339 25
 252.000000 -0.998856 1.10986 0.244091 -4.75862 -1.26716 0.00504155 7.60339 25
 252.500000 -0.814626 1.09989 0.352274 -3.20828 -1.27641 0.00523691 7.62612 24
 253.000000 -0.994997 0.884026 0.0879003 -7.29158 -1.27641 0.00523691 7.62612 24
 253.500000 -1.16278 0.942543 -0.0603369 -10.0486 -1.27641 0.00523691 7.62612 24
 254.000000 -1.11879 0.779505 -0.107424 -10.2636 -1.27641 0.00523691 7.62612 24
 254.500000 -1.12644 0.852194 -0.0758688 -10.225 -1.27641 0.00523691 7.62612 24
 255.000000 -1.03437 0.861388 0.0333066 -8.10491 -1.2871 0.00523692 7.62629 24
 255.500000 -1.18377 0.91298 -0.105644 -10.2198 -1.2871 0.00523692 7.62629 24
 256.000000 -1.27717 0.66173 -0.354268 -13.5697 -1.2871 0.00523692 7.62629 24
 256.500000 -1.29691 0.67666 -0.372443 -13.5176 -1.2871 0.00523692 7.62629 24
 257.000000 -1.27294 0.631154 -0.361486 -13.5918 -1.2871 0.00523692 7.62629 24
 257.500000 -1.31337 0.812531 -0.326594 -12.7247 -1.29768 0.00502744 7.62629 25
 258.000000 -1.09632 0.736571 -0.102535 -10.1756 -1.29768 0.00502744 7.62629 25
 258.500000 -1.06283 1.02295 0.112654 -7.00586 -1.29768 0.00502744 7.62629 25
 259.000000 -1.09425 0.692865 -0.119842 -10.1904 -1.29768 0.00502744 7.62629 25
 259.500000 -1.11048 0.88933 -0.0344286 -8.78196 -1.29768 0.00502744 7.62629 25
 260.000000 -1.05972 0.885877 0.0206815 -7.64516 -1.30813 0.00502742 7.62657 25
 260.500000 -1.16912 0.822691 -0.143601 -10.2083 -1.30813 0.00502742 7.62657 25
 261.000000 -1.08082 0.685095 -0.107598 -10.0486 -1.30813 0.00502742 7.62657 25
 261.500000 -1.12328 0.680111 -0.159347 -10.2278 -1.30813 0.00502742 7.62657 25
 262.000000 -1.13256 0.773734 -0.126571 -10.1581 -1.30813 0.00502742 7.62657 25
 262.500000 -1.12203 0.800332 -0.10019 -9.96 -1.31849 0.00502742 7.62659 25
 263.000000 -1.08032 0.7752 -0.0652009 -8.79739 -1.31849 0.00502742 7.62659 25
 263.500000 -1.60695 0.888799 -0.657171 -15.9538 -1.31849 0.00502742 7.62659 25
 264.000000 -1.39019 0.498359 -0.556101 -15.064 -1.31849 0.00502742 7.62659 25
 264.500000 -1.44373 0.608898 -0.584299 -15.2903 -1.31849 0.00502742 7.62659 25
 265.000000 -1.22016 0.599287 -0.308534 -11.551 -1.32875 0.00502742 7.6266 25
 265.500000 -1.41134 0.602833 -0.5458 -15.0169 -1.32875 0.00502742 7.6266 25
 266.000000 -1.13399 0.926211 -0.0375316 -8.07743 -1.32875 0.00502742 7.6266 25
 266.500000 -1.12772 1.08522 0.0899021 -6.99499 -1.32875 0.00502742 7.6266 25
 267.000000 -1.14939 0.841153 -0.109437 -9.36729 -1.32875 0.00502742 7.6266 25
 267.500000 -1.09184 0.944031 0.0232099 -7.06679 -1.33887 0.00502739 7.62708 25
 268.000000 -1.12417 0.756492 -0.125386 -9.45216 -1.33887 0.00502739 7.62708 25
 268.500000 -1.00027 1.00312 0.162083 -6.52794 -1.33887 0.00502739 7.62708 25
 269.000000 -1.06882 0.847066 -0.012926 -6.92409 -1.33887 0.00502739 7.62708 25
 269.500000 -1.15764 0.666716 -0.205946 -9.9508 -1.33887 0.00502739 7.62708 25
 270.000000 -1.12471 0.89745 -0.0457262 -7.72848 -1.3489 0.00502739 7.62733 25
 270.500000 -1.13706 0.706214 -0.1643 -9.70315 -1.3489 0.00502739 7.62733 25
 271.000000 -0.94785 0.548824 -0.00820839 -6.65802 -1.3489 0.00502739 7.62733 25
 271.500000 -1.07912 0.758884 -0.0720057 -7.64257 -1.3489 0.00502739 7.62733 25
 272.000000 -1.48929 0.609683 -0.641515 -15.8955 -1.3489 0.00502739 7.62733 25
 272.500000 -1.24818 0.71661 -0.294236 -10.6775 -1.35885 0.00502739 7.62734 25
 273.000000 -1.00199 0.991807 0.152299 -6.6565 -1.35885 0.00502739 7.62734 25
 273.500000 -1.27785 0.837627 -0.268071 -9.8818 -1.35885 0.00502739 7.62734 25
 274.000000 -1.27348 0.662101 -0.349525 -10.7816 -1.35885 0.00502739 7.62734 25
 274.500000 -1.42179 0.75964 -0.490804 -14.2845 -1.35885 0.00502739 7.62734 25
 275.000000 -1.31232 0.671812 -0.393728 -12.0117 -1.3687 0.00502739 7.62735 25
 275.500000 -1.14725 0.752055 -0.154861 -9.52002 -1.3687 0.00502739 7.62735 25
 276.000000 -0.957413 0.891088 0.128478 -6.85118 -1.3687 0.00502739 7.62735 25
 276.500000 -1.22641 0.750986 -0.251043 -9.82676 -1.3687 0.00502739 7.62735 25
 277.000000 -1.01965 0.962928 0.114314 -6.88899 -1.3687 0.00502739 7.62735 25
 277.500000 -1.03627 0.963138 0.0972292 -6.84652 -1.37842 0.00502737 7.62795 25
 278.000000 -1.12662 0.858429 -0.072338 -7.64774 -1.37842 0.00502737 7.62795 25
 278.500000 -1.39531 0.748161 -0.462967 -12.6633 -1.37842 0.00502737 7.62795 25
 279.000000 -1.40523 0.590535 -0.54276 -14.9475 -1.37842 0.00502737 7.62795 25
 279.500000 -1.58429 0.509816 -0.797645 -15.1465 -1.37842 0.00502737 7.62795 25
 280.000000 -1.76819 0.575453 -1.00582 -16 -1.38808 0.00483401 7.62795 26
 280.500000 -1.48468 0.668209 -0.612055 -15.6172 -1.38808 0.00483401 7.62795 26
 281.000000 -1.21066 0.793009 -0.210179 -9.83437 -1.38808 0.00483401 7.62795 26
 281.500000 -1.0615 0.742552 -0.0598886 -7.37719 -1.38808 0.00483401 7.62795 26
 282.000000 -1.0753 1.04835 0.118775 -6.33814 -1.38808 0.00483401 7.62795 26
 282.500000 -1.06014 1.09885 0.175315 -6.1842 -1.39757 0.00483477 7.62911 26
 283.000000 -1.11422 0.691196 -0.143921 -9.23655 -1.39757 0.00483477 7.62911 26
 283.500000 -1.14161 0.934502 -0.0408222 -7.04759 -1.39757 0.00483477 7.62911 26
 284.000000 -1.11724 0.955099 0.00194651 -6.47973 -1.39757 0.00483477 7.62911 26
 284.500000 -1.2282 0.762626 -0.247419 -9.78341 -1.39757 0.00483477 7.62911 26
 285.000000 -1.16142 0.637043 -0.222501 -9.79466 -1.40705 0.00483477 7.62915 26
 285.500000 -1.01486 1.03518 0.171421 -5.6838 -1.40705 0.00483477 7.62915 26
 286.000000 -0.970025 0.871189 0.104802 -6.0839 -1.40705 0.00483477 7.62915 26
 286.500000 -0.59279 1.42017 0.579904 1.89131 -1.40705 0.00483477 7.62915 26
 287.000000 -0.782274 1.28241 0.477133 1.50694 -1.40705 0.00483477 7.62915 26
 287.500000 -0.521138 1.48279 0.622154 1.14573 -1.30207 0.00484141 8.61819 26
 288.000000 -0.442924 1.51586 0.645176 1.23732 -1.30207 0.00484141 8.61819 26
 288.500000 -0.312791 1.689 0.7657 -0.543082 -1.30207 0.00484141 8.61819 26
 289.000000 -0.562557 1.37208 0.54923 2.04032 -1.30207 0.00484141 8.61819 26
 289.500000 -0.606534 1.27531 0.486671 1.57617 -1.30207 0.00484141 8.61819 26
 290.000000 -0.455242 1.52116 0.648602 1.2081 -1.2025 0.00473389 9.61662 26
 290.500000 -0.613043 1.35797 0.53941 1.95827 -1.2025 0.00473389 9.61662 26
 291.000000 -0.48002 1.51818 0.646248 1.46586 -1.2025 0.00473389 9.61662 26
 291.500000 -0.407531 1.56457 0.678554 1.20633 -1.2025 0.00473389 9.61662 26
 292.000000 -0.77773 1.166 0.403963 -1.32762 -1.2025 0.00473389 9.61662 26
 292.500000 -0.710017 1.25155 0.467239 1.09559 -1.12355 0.00488974 10.5984 26
 293.000000 -0.544748 1.4903 0.626578 1.45988 -1.12355 0.00488974 10.5984 26
 293.500000 -0.837252 1.18488 0.399753 -0.640392 -1.12355 0.00488974 10.5984 26
 294.000000 -0.701231 1.10646 0.378949 -1.45771 -1.12355 0.00488974 10.5984 26
 294.500000 -0.844331 1.0916 0.335573 -2.82817 -1.12355 0.00488974 10.5984 26
 295.000000 -0.972206 0.934636 0.141896 -6.19097 -1.13262 0.00488998 10.5996 26
 295.500000 -1.11931 0.754149 -0.120841 -8.95669 -1.13262 0.00488998 10.5996 26
 296.000000 -1.48926 0.510473 -0.67728 -15.9705 -1.13262 0.00488998 10.5996 26
 296.500000 -1.40373 0.42811 -0.595165 -15.5324 -1.13262 0.00488998 10.5996 26
 297.000000 -1.34413 0.6681 -0.43507 -12.2339 -1.13262 0.00488998 10.5996 26
 297.500000 -1.52426 0.53825 -0.711972 -15.8415 -1.14167 0.00470887 10.5996 27
 298.000000 -1.12453 0.895575 -0.0467261 -7.41294 -1.14167 0.00470887 10.5996 27
 298.500000 -1.09113 0.876924 -0.0200638 -7.00123 -1.14167 0.00470887 10.5996 27
 299.000000 -0.893022 0.805709 0.138299 -5.72429 -1.14167 0.00470887 10.5996 27
 299.500000 -1.32557 0.518009 -0.468246 -13.0472 -1.14167 0.00470887 10.5996 27
 300.000000 -1.35733 0.611787 -0.474436 -13.2469 -1.15064 0.0045407 10.5996 28
 300.500000 -1.21454 0.786863 -0.218183 -9.40961 -1.15064 0.0045407 10.5996 28
 301.000000 -1.18911 0.871291 -0.138856 -9.27727 -1.15064 0.0045407 10.5996 28
 301.500000 -1.02649 0.857049 0.0391604 -6.43249 -1.15064 0.0045407 10.5996 28
 302.000000 -1.15567 0.831085 -0.122741 -8.93037 -1.15064 0.0045407 10.5996 28
 302.500000 -1.10681 0.788736 -0.0886545 -8.17273 -1.15952 0.0045407 10.5998 28
 303.000000 -1.3416 0.684069 -0.425015 -11.8648 -1.15952 0.0045407 10.5998 28
 303.500000 -1.36768 0.57691 -0.500564 -13.0995 -1.15952 0.0045407 10.5998 28
 304.000000 -1.20428 0.867813 -0.159401 -8.99544 -1.15952 0.0045407 10.5998 28
 304.500000 -1.08858 0.911148 0.00470186 -6.66601 -1.15952 0.0045407 10.5998 28
 305.000000 -1.1175 0.810375 -0.0894269 -7.69479 -1.16832 0.00454069 10.6 28
 305.500000 -1.05216 0.933937 0.060207 -6.30303 -1.16832 0.00454069 10.6 28
 306.000000 -0.930736 0.915502 0.166865 -5.61027 -1.16832 0.00454069 10.6 28
 306.500000 -0.822649 1.09131 0.344014 -2.56159 -1.16832 0.00454069 10.6 28
 307.000000 -0.806015 1.06714 0.334664 -2.77845 -1.16832 0.00454069 10.6 28
 307.500000 -0.912973 1.05415 0.271818 -4.11108 -1.17659 0.00454262 10.6095 28
 308.000000 -0.801561 1.25849 0.457868 1.1737 -1.17659 0.00454262 10.6095 28
 308.500000 -0.57894 1.40249 0.568783 1.90106 -1.17659 0.00454262 10.6095 28
 309.000000 -0.531822 1.75864 0.799967 -1.80555 -1.17659 0.00454262 10.6095 28
 309.500000 -0.704053 1.38059 0.549101 1.95064 -1.17659 0.00454262 10.6095 28
 310.000000 -0.404612 1.58088 0.68966 1.03104 -1.10914 0.00462557 11.5777 28
 310.500000 -0.515892 1.43932 0.593565 1.67209 -1.10914 0.00462557 11.5777 28
 311.000000 -0.541126 1.47512 0.616751 1.5407 -1.10914 0.00462557 11.5777 28
 311.500000 -0.577838 1.33317 0.523929 1.82669 -1.10914 0.00462557 11.5777 28
 312.000000 -0.503286 1.45136 0.601604 1.62041 -1.10914 0.00462557 11.5777 28
 312.500000 -0.379438 1.59456 0.699429 1.14626 -1.0387 0.0046 12.5728 28
 313.000000 -0.257482 1.70106 0.775675 -0.303635 -1.0387 0.0046 12.5728 28
 313.500000 -0.163516 1.97798 0.969076 -12.9582 -1.0387 0.0046 12.5728 28
 314.000000 -0.241238 1.92778 0.930153 -10.9275 -1.0387 0.0046 12.5728 28
 314.500000 -0.292863 1.8382 0.867319 -5.44181 -1.0387 0.0046 12.5728 28
 315.000000 -0.304123 1.84096 0.868446 -5.53259 -1.04711 0.00459991 12.5752 28
 315.500000 -0.187701 1.8788 0.900838 -6.37969 -1.04711 0.00459991 12.5752 28
 316.000000 -0.595867 1.58279 0.684121 1.45228 -1.04711 0.00459991 12.5752 28
 316.500000 -0.477985 1.48863 0.626591 1.49041 -1.04711 0.00459991 12.5752 28
 317.000000 -0.669572 1.3466 0.52998 1.77599 -1.04711 0.00459991 12.5752 28
 317.500000 -0.535639 1.4786 0.619136 1.50023 -0.952772 0.00455847 13.4802 28
 318.000000 -0.488037 1.50953 0.640374 1.64775 -0.952772 0.00455847 13.4802 28
 318.500000 -0.277971 1.79037 0.836097 -3.26884 -0.952772 0.00455847 13.4802 28
 319.000000 -0.348376 1.74638 0.803026 -1.49467 -0.952772 0.00455847 13.4802 28
 319.500000 -0.497478 1.58414 0.689354 1.4299 -0.952772 0.00455847 13.4802 28
 320.000000 -0.479813 1.49155 0.628522 1.66241 -0.852401 0.00449289 14.2532 28
 320.500000 -0.721934 1.32013 0.509296 1.52979 -0.852401 0.00449289 14.2532 28
 321.000000 -0.405763 1.60855 0.708327 1.20842 -0.852401 0.00449289 14.2532 28
 321.500000 -0.619432 1.41226 0.574003 1.77847 -0.852401 0.00449289 14.2532 28
 322.000000 -0.549978 1.36466 0.544424 1.70787 -0.852401 0.00449289 14.2532 28
 322.500000 -0.560247 1.43041 0.587228 1.79157 -0.749837 0.00449401 14.9096 28
 323.000000 -0.387908 1.67596 0.754187 0.116578 -0.749837 0.00449401 14.9096 28
 323.500000 -0.777195 1.25919 0.463206 0.862116 -0.749837 0.00449401 14.9096 28
 324.000000 -0.972247 1.12836 0.281449 -4.00839 -0.749837 0.00449401 14.9096 28
 324.500000 -0.883685 1.16081 0.36391 -2.38996 -0.749837 0.00449401 14.9096 28
 325.000000 -0.942903 1.10069 0.283568 -3.97553 -0.75774 0.00449494 14.9192 28
 325.500000 -0.771906 1.1817 0.415029 -0.452808 -0.75774 0.00449494 14.9192 28
 326.000000 -0.768516 1.26562 0.468798 0.968251 -0.75774 0.00449494 14.9192 28
 326.500000 -0.819009 1.16484 0.392561 -1.28671 -0.75774 0.00449494 14.9192 28
 327.000000 -0.832427 1.04527 0.31107 -3.41105 -0.75774 0.00449494 14.9192 28
 327.500000 -0.971153 1.05765 0.228791 -4.58081 -0.765724 0.00449662 14.9244 28
 328.000000 -0.869682 1.09686 0.327121 -3.21695 -0.765724 0.00449662 14.9244 28
 328.500000 -0.727466 1.23398 0.454483 0.675916 -0.765724 0.00449662 14.9244 28
 329.000000 -0.919912 1.17331 0.352759 -2.72304 -0.765724 0.00449662 14.9244 28
 329.500000 -0.76116 1.22212 0.442428 0.381423 -0.765724 0.00449662 14.9244 28
 330.000000 -0.942329 1.14519 0.317125 -3.33401 -0.773198 0.00449525 14.9426 28
 330.500000 -0.660483 1.33426 0.522629 1.6066 -0.773198 0.00449525 14.9426 28
 331.000000 -0.421994 1.6525 0.73722 0.550289 -0.773198 0.00449525 14.9426 28
 331.500000 -0.687171 1.30972 0.505589 1.46366 -0.773198 0.00449525 14.9426 28
 332.000000 -0.565639 1.38528 0.557793 1.81993 -0.773198 0.00449525 14.9426 28
 332.500000 -0.510255 1.44619 0.598142 1.9076 -0.669943 0.0045319 15.5 28
 333.000000 -0.529543 1.42441 0.583651 1.98247 -0.669943 0.0045319 15.5 28
 333.500000 -0.481797 1.65563 0.736738 0.452813 -0.669943 0.0045319 15.5 28
 334.000000 -0.352407 1.57774 0.688282 1.30781 -0.669943 0.0045319 15.5 28
 334.500000 -0.473621 1.52922 0.653707 1.69922 -0.669943 0.0045319 15.5 28
 335.000000 -0.524695 1.50418 0.636129 1.8471 -0.583388 0.00449965 16.2708 28
 335.500000 -0.463775 1.56549 0.678042 1.51761 -0.583388 0.00449965 16.2708 28
 336.000000 -0.742081 1.29 0.488033 1.10025 -0.583388 0.00449965 16.2708 28
 336.500000 -0.749938 1.21544 0.439966 0.126764 -0.583388 0.00449965 16.2708 28
 337.000000 -0.768143 1.22525 0.443227 0.213993 -0.583388 0.00449965 16.2708 28
 337.500000 -0.605973 1.33837 0.526991 1.53243 -0.527526 0.00451993 17.2678 28
 338.000000 -0.458517 1.46299 0.609485 1.97544 -0.527526 0.00451993 17.2678 28
 338.500000 -0.605991 1.33119 0.522385 1.59615 -0.527526 0.00451993 17.2678 28
 339.000000 -0.952238 1.0261 0.222016 -4.59358 -0.527526 0.00451993 17.2678 28
 339.500000 -0.75768 1.26446 0.469753 0.88932 -0.527526 0.00451993 17.2678 28
 340.000000 -0.905955 1.03441 0.263091 -3.88887 -0.535096 0.0046869 17.2771 27
 340.500000 -0.851297 1.09201 0.332756 -3.16222 -0.535096 0.0046869 17.2771 27
 341.000000 -0.863468 1.15046 0.366363 -2.50884 -0.535096 0.0046869 17.2771 27
 341.500000 -0.868419 1.09918 0.329323 -3.19125 -0.535096 0.0046869 17.2771 27
 342.000000 -0.946369 1.12598 0.299796 -3.37713 -0.535096 0.0046869 17.2771 27
 342.500000 -0.678992 1.30424 0.50265 1.36755 -0.491831 0.00466456 18.2661 27
 343.000000 -1.04475 1.00602 0.11919 -6.49341 -0.491831 0.00466456 18.2661 27
 343.500000 -0.91987 0.933402 0.186807 -5.06356 -0.491831 0.00466456 18.2661 27
 344.000000 -1.1053 0.878088 -0.0355484 -7.726 -0.491831 0.00466456 18.2661 27
 344.500000 -1.01851 0.737065 -0.0148719 -7.57455 -0.491831 0.00466456 18.2661 27
 345.000000 -0.970748 0.770682 0.0507595 -7.1371 -0.499543 0.00466456 18.2665 27
 345.500000 -1.1469 0.815302 -0.121257 -8.38803 -0.499543 0.00466456 18.2665 27
 346.000000 -1.45999 0.676767 -0.577214 -15.3502 -0.499543 0.00466456 18.2665 27
 346.500000 -1.43106 0.601584 -0.571128 -15.2443 -0.499543 0.00466456 18.2665 27
 347.000000 -1.39851 0.849974 -0.412857 -12.4804 -0.499543 0.00466456 18.2665 27
 347.500000 -1.28995 0.740645 -0.334553 -11.3079 -0.507206 0.00466456 18.2665 27
 348.000000 -1.44902 0.640078 -0.578654 -15.3741 -0.507206 0.00466456 18.2665 27
 348.500000 -1.38084 0.610328 -0.50453 -13.8939 -0.507206 0.00466456 18.2665 27
 349.000000 -1.4447 0.578189 -0.597125 -15.6336 -0.507206 0.00466456 18.2665 27
 349.500000 -1.40465 0.563549 -0.551946 -14.8704 -0.507206 0.00466456 18.2665 27
 350.000000 -1.42709 0.663625 -0.541264 -14.6469 -0.51481 0.00466456 18.2665 27
 350.500000 -1.50537 0.716542 -0.617059 -15.5135 -0.51481 0.00466456 18.2665 27
 351.000000 -1.05728 0.665203 -0.0887682 -7.9959 -0.51481 0.00466456 18.2665 27
 351.500000 -1.07325 1.04929 0.121739 -6.42691 -0.51481 0.00466456 18.2665 27
 352.000000 -1.15362 0.944129 -0.0483411 -7.75612 -0.51481 0.00466456 18.2665 27
 352.500000 -0.885595 1.00312 0.255865 -3.80704 -0.522076 0.0046657 18.2766 27
 353.000000 -0.594136 1.39138 0.561309 1.82022 -0.522076 0.0046657 18.2766 27
 353.500000 -0.55509 1.38175 0.555568 1.79712 -0.522076 0.0046657 18.2766 27
 354.000000 -0.963327 1.12042 0.282556 -3.41998 -0.522076 0.0046657 18.2766 27
 354.500000 -0.850569 0.943201 0.240357 -3.80283 -0.522076 0.0046657 18.2766 27
 355.000000 -0.702376 1.24593 0.46437 0.890187 -0.499167 0.00462502 19.0837 27
 355.500000 -0.73242 1.07266 0.355289 -2.54585 -0.499167 0.00462502 19.0837 27
 356.000000 -0.62909 1.43714 0.589524 1.88176 -0.499167 0.00462502 19.0837 27
 356.500000 -0.573216 1.4886 0.624662 1.83575 -0.499167 0.00462502 19.0837 27
 357.000000 -0.570688 1.40851 0.572818 1.84353 -0.499167 0.00462502 19.0837 27
 357.500000 -0.464501 1.53214 0.655813 1.61506 -0.446623 0.00460835 20.0582 27
 358.000000 -0.658932 1.35853 0.538101 1.66419 -0.446623 0.00460835 20.0582 27
 358.500000 -0.470509 1.48411 0.623626 1.87789 -0.446623 0.00460835 20.0582 27
 359.000000 -0.403285 1.57731 0.687265 1.33356 -0.446623 0.00460835 20.0582 27
 359.500000 -0.520531 1.52958 0.652881 1.7296 -0.446623 0.00460835 20.0582 27
 360.000000 -0.982166 1.03676 0.203587 -2.41717 -0.452971 0.00482875 20.0988 26
 360.500000 -1.01543 0.992195 0.139259 -6.4408 -0.452971 0.00482875 20.0988 26
 361.000000 -0.971181 0.954037 0.155607 -4.88531 -0.452971 0.00482875 20.0988 26
 361.500000 -1.0625 0.791551 -0.0366261 -7.78138 -0.452971 0.00482875 20.0988 26
 362.000000 -1.46485 0.679477 -0.582192 -15.0228 -0.452971 0.00482875 20.0988 26
 362.500000 -1.38453 0.79409 -0.426103 -12.6018 -0.460297 0.00482875 20.0988 26
 363.000000 -1.53593 0.612231 -0.699457 -15.601 -0.460297 0.00482875 20.0988 26
 363.500000 -1.16692 0.852699 -0.123485 -8.54534 -0.460297 0.00482875 20.0988 26
 364.000000 -1.18511 0.905755 -0.11204 -8.36258 -0.460297 0.00482875 20.0988 26
 364.500000 -1.34976 0.79669 -0.380864 -11.705 -0.460297 0.00482875 20.0988 26
 365.000000 -1.28421 0.542465 -0.408207 -12.068 -0.46757 0.00482875 20.0988 26
 365.500000 -1.51265 0.72826 -0.620905 -15.6031 -0.46757 0.00482875 20.0988 26
 366.000000 -1.50718 0.728571 -0.61383 -15.518 -0.46757 0.00482875 20.0988 26
 366.500000 -1.30954 0.55163 -0.436703 -12.1125 -0.46757 0.00482875 20.0988 26
 367.000000 -1.09638 0.692032 -0.122689 -8.53122 -0.46757 0.00482875 20.0988 26
 367.500000 -1.43541 0.584127 -0.583202 -15.0293 -0.47479 0.00482875 20.0988 26
 368.000000 -1.52427 0.626335 -0.679203 -15.6085 -0.47479 0.00482875 20.0988 26
 368.500000 -1.48067 0.624196 -0.624957 -15.2222 -0.47479 0.00482875 20.0988 26
 369.000000 -1.47794 0.716266 -0.582447 -14.6352 -0.47479 0.00482875 20.0988 26
 369.500000 -1.10019 1.08489 0.1207 -7.30929 -0.47479 0.00482875 20.0988 26
 370.000000 -1.02311 0.872027 0.0516618 -7.07609 -0.481949 0.00482875 20.0992 26
 370.500000 -0.996557 0.819165 0.0491533 -6.86607 -0.481949 0.00482875 20.0992 26
 371.000000 -1.02884 0.963355 0.105144 -7.20114 -0.481949 0.00482875 20.0992 26
 371.500000 -1.06076 0.967649 0.0742254 -6.93753 -0.481949 0.00482875 20.0992 26
 372.000000 -1.11633 0.846295 -0.0675851 -7.96514 -0.481949 0.00482875 20.0992 26
 372.500000 -1.13354 0.86403 -0.0770492 -8.02415 -0.489062 0.00502185 20.0993 25
 373.000000 -1.01765 0.939219 0.100185 -7.19471 -0.489062 0.00502185 20.0993 25
 373.500000 -1.01114 0.940832 0.107914 -7.25807 -0.489062 0.00502185 20.0993 25
 374.000000 -1.02219 0.99517 0.13458 -6.79534 -0.489062 0.00502185 20.0993 25
 374.500000 -1.02112 0.992035 0.133405 -6.86511 -0.489062 0.00502185 20.0993 25
 375.000000 -0.973075 0.961637 0.158941 -4.60712 -0.496014 0.00483076 20.1039 26
 375.500000 -1.04193 0.873767 0.0326144 -6.87093 -0.496014 0.00483076 20.1039 26
 376.000000 -1.08928 0.939224 0.0227843 -6.94935 -0.496014 0.00483076 20.1039 26
 376.500000 -1.20675 0.764636 -0.220204 -10.1777 -0.496014 0.00483076 20.1039 26
 377.000000 -1.27575 0.722162 -0.325724 -10.9621 -0.496014 0.00483076 20.1039 26
 377.500000 -0.97437 0.887644 0.110396 -6.25843 -0.50301 0.0048308 20.1048 26
 378.000000 -1.24926 0.619156 -0.336871 -11.0701 -0.50301 0.0048308 20.1048 26
 378.500000 -1.08784 1.01547 0.0796062 -6.36585 -0.50301 0.0048308 20.1048 26
 379.000000 -1.10899 0.94895 0.00711357 -7.06621 -0.50301 0.0048308 20.1048 26
 379.500000 -1.02148 0.838433 0.0337396 -6.77062 -0.50301 0.0048308 20.1048 26
 380.000000 -1.32697 0.95878 -0.251999 -10.3475 -0.509978 0.0048308 20.1048 26
 380.500000 -1.12708 0.545927 -0.213852 -9.9785 -0.509978 0.0048308 20.1048 26
 381.000000 -1.20525 0.805393 -0.196875 -9.8912 -0.509978 0.0048308 20.1048 26
 381.500000 -1.3437 0.817318 -0.362037 -11.3111 -0.509978 0.0048308 20.1048 26
 382.000000 -1.2795 0.842676 -0.267188 -10.1743 -0.509978 0.0048308 20.1048 26
 382.500000 -1.04557 0.787213 -0.0200569 -7.39761 -0.516891 0.00465195 20.1051 27
 383.000000 -1.31559 0.574892 -0.435982 -12.0677 -0.516891 0.00465195 20.1051 27
 383.500000 -1.58965 0.381375 -0.844914 -15.8307 -0.516891 0.00465195 20.1051 27
 384.000000 -1.57767 0.600868 -0.756549 -15.5178 -0.516891 0.00465195 20.1051 27
 384.500000 -1.21255 0.638301 -0.284179 -10.3022 -0.516891 0.00465195 20.1051 27
 385.000000 -1.12197 1.00881 0.0358743 -6.66438 -0.523749 0.00465194 20.1057 27
 385.500000 -1.01328 0.88955 0.0726378 -6.27258 -0.523749 0.00465194 20.1057 27
 386.000000 -1.10946 0.885396 -0.0357486 -7.17132 -0.523749 0.00465194 20.1057 27
 386.500000 -1.00211 0.995781 0.15502 -4.64416 -0.523749 0.00465194 20.1057 27
 387.000000 -0.992183 0.883306 0.0902847 -6.16141 -0.523749 0.00465194 20.1057 27
 387.500000 -1.13138 0.95076 -0.0175305 -6.96966 -0.530564 0.00465194 20.1061 27
 388.000000 -0.991524 0.878766 0.0882045 -6.17025 -0.530564 0.00465194 20.1061 27
 388.500000 -1.15134 0.960551 -0.0340533 -6.92381 -0.530564 0.00465194 20.1061 27
 389.000000 -1.15452 0.797933 -0.13985 -8.53335 -0.530564 0.00465194 20.1061 27
 389.500000 -1.22404 0.745198 -0.250984 -10.0285 -0.530564 0.00465194 20.1061 27
 390.000000 -1.32855 0.712979 -0.395738 -11.6439 -0.537344 0.00465194 20.1061 27
 390.500000 -1.12547 0.803246 -0.102637 -7.74491 -0.537344 0.00465194 20.1061 27
 391.000000 -1.21407 0.800039 -0.210548 -9.93443 -0.537344 0.00465194 20.1061 27
 391.500000 -1.27224 0.64972 -0.353129 -11.0474 -0.537344 0.00465194 20.1061 27
 392.000000 -1.05485 0.99015 0.0968045 -6.10891 -0.537344 0.00465194 20.1061 27
 392.500000 -1.09403 0.993036 0.0558539 -6.32685 -0.544057 0.00465194 20.1069 27
 393.000000 -0.983815 0.950776 0.141533 -5.42656 -0.544057 0.00465194 20.1069 27
 393.500000 -1.18734 0.678192 -0.236971 -9.97629 -0.544057 0.00465194 20.1069 27
 394.000000 -1.26521 0.62786 -0.353212 -11.0482 -0.544057 0.00465194 20.1069 27
 394.500000 -1.3529 0.583944 -0.479419 -12.6811 -0.544057 0.00465194 20.1069 27
 395.000000 -1.11931 0.486388 -0.222949 -9.95527 -0.550746 0.00465194 20.1069 27
 395.500000 -1.14812 0.749889 -0.156968 -8.96434 -0.550746 0.00465194 20.1069 27
 396.000000 -1.2684 0.88194 -0.229583 -9.716 -0.550746 0.00465194 20.1069 27
 396.500000 -1.03099 0.901538 0.0616259 -6.10297 -0.550746 0.00465194 20.1069 27
 397.000000 -1.14551 0.82509 -0.114109 -7.94825 -0.550746 0.00465194 20.1069 27
 397.500000 -0.967709 0.921528 0.137694 -5.5607 -0.557346 0.0046515 20.1087 27
 398.000000 -1.08245 1.04798 0.110681 -5.68039 -0.557346 0.0046515 20.1087 27
 398.500000 -1.05854 0.807962 -0.0234621 -6.73947 -0.557346 0.0046515 20.1087 27
 399.000000 -1.46872 0.519872 -0.648122 -15.4817 -0.557346 0.0046515 20.1087 27
 399.500000 -1.36524 0.433462 -0.544828 -14.1535 -0.557346 0.0046515 20.1087 27
 400.000000 -1.15154 0.743087 -0.16435 -9.15022 -0.563945 0.00448539 20.1088 28
 400.500000 -1.46729 0.615839 -0.611346 -14.9791 -0.563945 0.00448539 20.1088 28
 401.000000 -1.47464 0.675045 -0.596461 -14.7634 -0.563945 0.00448539 20.1088 28
 401.500000 -1.16594 0.79667 -0.154162 -8.67886 -0.563945 0.00448539 20.1088 28
 402.000000 -1.1413 0.88329 -0.0742171 -7.30008 -0.563945 0.00448539 20.1088 28
 402.500000 -1.24721 0.584118 -0.347499 -10.9425 -0.570502 0.00448539 20.1088 28
 403.000000 -1.05062 0.986182 0.0984377 -5.74252 -0.570502 0.00448539 20.1088 28
 403.500000 -1.35434 0.754935 -0.408061 -11.2214 -0.570502 0.00448539 20.1088 28
 404.000000 -1.63745 0.714023 -0.785479 -15.5326 -0.570502 0.00448539 20.1088 28
 404.500000 -1.34335 0.712278 -0.41459 -11.3063 -0.570502 0.00448539 20.1088 28
 405.000000 -1.07219 0.712762 -0.0856966 -7.44408 -0.57701 0.00448538 20.109 28
 405.500000 -1.23047 0.741567 -0.260634 -9.77247 -0.57701 0.00448538 20.109 28
 406.000000 -1.23449 0.554431 -0.342293 -10.5821 -0.57701 0.00448538 20.109 28
 406.500000 -1.09264 0.875503 -0.0226658 -6.65431 -0.57701 0.00448538 20.109 28
 407.000000 -1.00563 0.797156 0.0281212 -6.18127 -0.57701 0.00448538 20.109 28
 407.500000 -1.16991 0.651861 -0.22684 -9.49177 -0.583482 0.00448538 20.1091 28
 408.000000 -1.14429 0.901629 -0.0659858 -7.04043 -0.583482 0.00448538 20.1091 28
 408.500000 -1.15937 0.815256 -0.136125 -8.01203 -0.583482 0.00448538 20.1091 28
 409.000000 -0.959793 0.898247 0.130597 -5.45482 -0.583482 0.00448538 20.1091 28
 409.500000 -0.954727 0.972128 0.182554 -2.79019 -0.583482 0.00448538 20.1091 28
 410.000000 -1.29935 0.796052 -0.318029 -10.2967 -0.589913 0.00448537 20.1091 28
 410.500000 -1.46873 0.55594 -0.635543 -15.3287 -0.589913 0.00448537 20.1091 28
 411.000000 -1.62604 0.887374 -0.682549 -15.5821 -0.589913 0.00448537 20.1091 28
 411.500000 -1.66503 0.607383 -0.864257 -15.9139 -0.589913 0.00448537 20.1091 28
 412.000000 -1.282 0.627151 -0.374323 -10.6374 -0.589913 0.00448537 20.1091 28
 412.500000 -1.4167 0.486594 -0.59341 -14.7218 -0.596302 0.00448537 20.1091 28
 413.000000 -0.974636 0.988396 0.175831 -3.13334 -0.596302 0.00448537 20.1091 28
 413.500000 -1.12383 0.905195 -0.03967 -6.81738 -0.596302 0.00448537 20.1091 28
 414.000000 -1.4471 0.649666 -0.57231 -14.1766 -0.596302 0.00448537 20.1091 28
 414.500000 -1.33127 0.595575 -0.44796 -11.8517 -0.596302 0.00448537 20.1091 28
 415.000000 -1.38929 0.630842 -0.5071 -13.3408 -0.602652 0.00448537 20.1091 28
 415.500000 -1.25857 0.734312 -0.298713 -9.85829 -0.602652 0.00448537 20.1091 28
 416.000000 -1.09962 0.955129 0.022142 -6.22591 -0.602652 0.00448537 20.1091 28
 416.500000 -0.967806 0.810079 0.073266 -5.91666 -0.602652 0.00448537 20.1091 28
 417.000000 -0.819795 1.09795 0.349263 -2.7579 -0.602652 0.00448537 20.1091 28
 417.500000 -0.782837 1.18103 0.412359 -0.392772 -0.601184 0.00442876 20.3962 29
 418.000000 -0.615306 1.28806 0.494694 1.41807 -0.601184 0.00442876 20.3962 29
 418.500000 -0.306136 1.80012 0.841156 -4.14382 -0.601184 0.00442876 20.3962 29
 419.000000 -0.494817 1.48756 0.625695 1.90145 -0.601184 0.00442876 20.3962 29
 419.500000 -0.801842 1.13611 0.379174 -1.29114 -0.601184 0.00442876 20.3962 29
 420.000000 -0.901825 1.08144 0.298196 -3.25079 -0.607009 0.00442959 20.4141 29
 420.500000 -0.722891 1.12367 0.386958 -1.03587 -0.607009 0.00442959 20.4141 29
 421.000000 -0.821715 1.22899 0.433642 0.339543 -0.607009 0.00442959 20.4141 29
 421.500000 -0.796072 1.00872 0.302891 -3.00982 -0.607009 0.00442959 20.4141 29
 422.000000 -0.568825 1.43691 0.591291 1.8989 -0.607009 0.00442959 20.4141 29
 422.500000 -0.540022 1.37108 0.548607 1.73811 -0.550062 0.00443453 21.3219 29
 423.000000 -0.783083 1.37676 0.537373 1.78342 -0.550062 0.00443453 21.3219 29
 423.500000 -0.451678 1.61601 0.71193 0.866348 -0.550062 0.00443453 21.3219 29
 424.000000 -0.853848 0.990008 0.266417 -3.36922 -0.550062 0.00443453 21.3219 29
 424.500000 -0.914519 1.09558 0.299936 -3.09772 -0.550062 0.00443453 21.3219 29
 425.000000 -0.780082 1.1348 0.383892 -1.19346 -0.552995 0.00440698 21.4551 29
 425.500000 -0.929896 1.11076 0.300396 -2.90157 -0.552995 0.00440698 21.4551 29
 426.000000 -0.920894 1.10974 0.305832 -2.81765 -0.552995 0.00440698 21.4551 29
 426.500000 -0.979986 1.13528 0.280426 -3.1657 -0.552995 0.00440698 21.4551 29
 427.000000 -0.908498 1.0471 0.270025 -3.28305 -0.552995 0.00440698 21.4551 29
 427.500000 -0.845517 1.16588 0.384139 -1.02603 -0.55531 0.00439319 21.612 29
 428.000000 -0.453947 1.52857 0.653586 1.71119 -0.55531 0.00439319 21.612 29
 428.500000 -0.493972 1.54893 0.666308 1.58736 -0.55531 0.00439319 21.612 29
 429.000000 -0.679464 1.2505 0.46882 1.07667 -0.55531 0.00439319 21.612 29
 429.500000 -0.785457 1.09895 0.360336 -1.42107 -0.55531 0.00439319 21.612 29
 430.000000 -0.906518 1.12007 0.322478 -2.25895 -0.56031 0.00438931 21.6592 29
 430.500000 -0.801229 1.16642 0.398655 -0.523526 -0.56031 0.00438931 21.6592 29
 431.000000 -0.653587 1.33053 0.52058 1.68877 -0.56031 0.00438931 21.6592 29
 431.500000 -0.763986 1.26355 0.468212 1.06579 -0.56031 0.00438931 21.6592 29
 432.000000 -0.424922 1.60183 0.703303 1.03802 -0.56031 0.00438931 21.6592 29
 432.500000 -0.449052 1.61543 0.711635 0.874326 -0.541113 0.00435652 22.4582 29
 433.000000 -0.238244 2.01333 0.986442 -10.1976 -0.541113 0.00435652 22.4582 29
 433.500000 -0.333415 1.62481 0.721051 0.808457 -0.541113 0.00435652 22.4582 29
 434.000000 -0.550195 1.2654 0.479928 1.24012 -0.541113 0.00435652 22.4582 29
 434.500000 -0.638904 1.4351 0.587775 1.90732 -0.541113 0.00435652 22.4582 29
 435.000000 -0.819204 0.999212 0.288575 -2.71696 -0.546468 0.00435801 22.4886 29
 435.500000 -0.481315 1.57732 0.685395 1.38919 -0.546468 0.00435801 22.4886 29
 436.000000 -0.387627 1.63911 0.72944 0.633063 -0.546468 0.00435801 22.4886 29
 436.500000 -0.490249 1.53833 0.659403 1.67015 -0.546468 0.00435801 22.4886 29
 437.000000 -0.658169 1.31924 0.51322 1.61639 -0.546468 0.00435801 22.4886 29
 437.500000 -0.737314 1.31192 0.502463 1.51946 -0.506024 0.00434897 23.4853 29
 438.000000 -0.531376 1.42478 0.58388 1.8773 -0.506024 0.00434897 23.4853 29
 438.500000 -0.741634 1.2423 0.457997 0.961844 -0.506024 0.00434897 23.4853 29
 439.000000 -0.485387 1.50513 0.637491 1.77797 -0.506024 0.00434897 23.4853 29
 439.500000 -0.680254 1.30655 0.504029 1.61181 -0.506024 0.00434897 23.4853 29
 440.000000 -0.615233 1.30929 0.508223 1.64539 -0.461796 0.00434365 24.4487 29
 440.500000 -0.844681 1.16722 0.385349 -0.858575 -0.461796 0.00434365 24.4487 29
 441.000000 -0.682865 1.39896 0.562313 1.85253 -0.461796 0.00434365 24.4487 29
 441.500000 -0.422673 1.47093 0.614749 1.81698 -0.461796 0.00434365 24.4487 29
 442.000000 -0.670427 1.38067 0.551518 1.84654 -0.461796 0.00434365 24.4487 29
 442.500000 -0.85686 1.07972 0.322076 -2.14792 -0.466629 0.00434245 24.5014 29
 443.000000 -0.941479 1.05944 0.254562 -2.97648 -0.466629 0.00434245 24.5014 29
 443.500000 -0.606239 1.43768 0.59076 1.84909 -0.466629 0.00434245 24.5014 29
 444.000000 -0.487468 1.46119 0.608224 1.8295 -0.466629 0.00434245 24.5014 29
 444.500000 -0.618374 1.44689 0.596208 1.84504 -0.466629 0.00434245 24.5014 29
 445.000000 -0.53374 1.47417 0.61627 1.81252 -0.416337 0.00435465 25.3511 29
 445.500000 -0.448466 1.55326 0.67022 1.50719 -0.416337 0.00435465 25.3511 29
 446.000000 -0.50927 1.53558 0.65712 1.64514 -0.416337 0.00435465 25.3511 29
 446.500000 -0.545068 1.52389 0.648439 1.719 -0.416337 0.00435465 25.3511 29
 447.000000 -0.484035 1.5281 0.652762 1.68399 -0.416337 0.00435465 25.3511 29
 447.500000 -0.537173 1.43772 0.592322 1.88878 -0.364903 0.00434972 26.1375 29
 448.000000 -0.424975 1.48863 0.626814 1.87177 -0.364903 0.00434972 26.1375 29
 448.500000 -0.625617 1.40792 0.570998 1.90976 -0.364903 0.00434972 26.1375 29
 449.000000 -0.475827 1.49821 0.633003 1.838 -0.364903 0.00434972 26.1375 29
 449.500000 -0.531262 1.4867 0.624528 1.88249 -0.364903 0.00434972 26.1375 29
 450.000000 -0.507924 1.4799 0.620458 1.89931 -0.315982 0.00435281 26.9429 29
 450.500000 -0.498594 1.57696 0.684608 1.30546 -0.315982 0.00435281 26.9429 29
 451.000000 -0.348667 1.58323 0.692121 1.1798 -0.315982 0.00435281 26.9429 29
 451.500000 -0.193157 1.79203 0.841045 -4.14477 -0.315982 0.00435281 26.9429 29
 452.000000 -0.353135 1.71606 0.782505 -1.17236 -0.315982 0.00435281 26.9429 29
 452.500000 -0.46921 1.56127 0.675107 1.45125 -0.288307 0.00442735 27.9351 29
 453.000000 -0.633395 1.34527 0.53072 1.68589 -0.288307 0.00442735 27.9351 29
 453.500000 -0.629764 1.41726 0.5768 1.88751 -0.288307 0.00442735 27.9351 29
 454.000000 -0.409756 1.59125 0.696566 1.18977 -0.288307 0.00442735 27.9351 29
 454.500000 -0.279922 1.86213 0.884027 -6.72847 -0.288307 0.00442735 27.9351 29
 455.000000 -0.249466 1.82817 0.863129 -5.5435 -0.294041 0.00442734 27.9367 29
 455.500000 -0.313993 1.68801 0.764979 -0.484146 -0.294041 0.00442734 27.9367 29
 456.000000 -0.635647 1.30815 0.507021 1.52924 -0.294041 0.00442734 27.9367 29
 456.500000 -0.473497 1.50277 0.636077 1.86724 -0.294041 0.00442734 27.9367 29
 457.000000 -0.536294 1.44249 0.595462 1.93554 -0.294041 0.00442734 27.9367 29
 457.500000 -0.518863 1.43951 0.593668 1.93256 -0.247876 0.00443062 28.7259 29
 458.000000 -0.617902 1.39104 0.560462 1.85361 -0.247876 0.00443062 28.7259 29
 458.500000 -0.607641 1.3946 0.563049 1.86679 -0.247876 0.00443062 28.7259 29
 459.000000 -0.646851 1.35743 0.537959 1.72552 -0.247876 0.00443062 28.7259 29
 459.500000 -0.543195 1.43764 0.592197 1.97237 -0.247876 0.00443062 28.7259 29
 460.000000 -0.530483 1.57226 0.68039 1.41134 -0.223986 0.00445224 29.7058 29
 460.500000 -0.693437 1.32179 0.512774 1.51671 -0.223986 0.00445224 29.7058 29
 461.000000 -0.626371 1.29326 0.4978 1.37508 -0.223986 0.00445224 29.7058 29
 461.500000 -0.602895 1.34521 0.531428 1.65218 -0.223986 0.00445224 29.7058 29
 462.000000 -0.927077 1.03521 0.24844 -3.31143 -0.223986 0.00445224 29.7058 29
 462.500000 -0.765269 1.24548 0.456536 0.722501 -0.215118 0.00442815 30.385 29
 463.000000 -0.832114 1.13777 0.370551 -1.36583 -0.215118 0.00442815 30.385 29
 463.500000 -0.842322 1.08534 0.332371 -2.13001 -0.215118 0.00442815 30.385 29
 464.000000 -0.718797 1.32615 0.513398 1.52958 -0.215118 0.00442815 30.385 29
 464.500000 -0.640433 1.29815 0.500533 1.42181 -0.215118 0.00442815 30.385 29
 465.000000 -0.449684 1.62728 0.719465 0.791126 -0.205416 0.00439882 31.1022 29
 465.500000 -0.568333 1.37563 0.551496 1.75933 -0.205416 0.00439882 31.1022 29
 466.000000 -0.804711 1.28267 0.47282 1.07711 -0.205416 0.00439882 31.1022 29
 466.500000 -0.3768 1.56632 0.68016 1.49138 -0.205416 0.00439882 31.1022 29
 467.000000 -0.487747 1.48692 0.625353 1.91284 -0.205416 0.00439882 31.1022 29
 467.500000 -0.599616 1.53507 0.653464 1.75511 -0.171889 0.00439205 32.0506 29
 468.000000 -0.376512 1.57641 0.687077 1.46155 -0.171889 0.00439205 32.0506 29
 468.500000 -0.666727 1.31231 0.508424 1.44683 -0.171889 0.00439205 32.0506 29
 469.000000 -0.561595 1.42639 0.584585 1.89748 -0.171889 0.00439205 32.0506 29
 469.500000 -0.61059 1.36701 0.545261 1.69163 -0.171889 0.00439205 32.0506 29
 470.000000 -0.692173 1.30636 0.503127 1.40168 -0.150868 0.00438295 33.0309 29
 470.500000 -0.585847 1.43173 0.587543 1.89169 -0.150868 0.00438295 33.0309 29
 471.000000 -0.28215 1.8171 0.853861 -4.75585 -0.150868 0.00438295 33.0309 29
 471.500000 -0.377966 1.73363 0.793065 -1.39471 -0.150868 0.00438295 33.0309 29
 472.000000 -0.489884 1.44737 0.599003 1.92144 -0.150868 0.00438295 33.0309 29
 472.500000 -0.491285 1.60465 0.70302 1.19853 -0.135217 0.00436309 33.9439 29
 473.000000 -0.576754 1.44971 0.5994 1.90782 -0.135217 0.00436309 33.9439 29
 473.500000 -0.604903 1.39678 0.564524 1.78204 -0.135217 0.00436309 33.9439 29
 474.000000 -0.729121 1.44351 0.586538 1.87313 -0.135217 0.00436309 33.9439 29
 474.500000 -0.956996 1.17071 0.325929 -2.31416 -0.135217 0.00436309 33.9439 29
 475.000000 -0.800839 1.11535 0.366338 -1.53796 -0.139369 0.0043537 34.0335 29
 475.500000 -0.709242 1.25244 0.467866 1.0174 -0.139369 0.0043537 34.0335 29
 476.000000 -0.727859 1.19579 0.430605 0.221063 -0.139369 0.0043537 34.0335 29
 476.500000 -0.873627 1.17616 0.379371 -1.13075 -0.139369 0.0043537 34.0335 29
 477.000000 -0.592287 1.36867 0.546699 1.69857 -0.139369 0.0043537 34.0335 29
 477.500000 -0.678756 1.39459 0.559824 1.76081 -0.108765 0.00433858 34.9772 29
 478.000000 -0.504806 1.60943 0.705605 1.19532 -0.108765 0.00433858 34.9772 29
 478.500000 -0.577243 1.42694 0.584646 1.90372 -0.108765 0.00433858 34.9772 29
 479.000000 -0.334179 1.72987 0.792623 -1.29416 -0.108765 0.00433858 34.9772 29
 479.500000 -0.360074 1.66727 0.749348 0.251887 -0.108765 0.00433858 34.9772 29
 480.000000 -0.646996 1.27462 0.485435 1.26882 -0.092778 0.00404364 35.9173 28
 480.500000 -0.817784 1.11642 0.361734 -1.51896 -0.092778 0.00404364 35.9173 28
 481.000000 -0.806519 1.15901 0.392473 -0.724111 -0.092778 0.00404364 35.9173 28
 481.500000 -0.682991 1.41524 0.572606 1.92755 -0.092778 0.00404364 35.9173 28
 482.000000 -0.701932 1.37915 0.548365 1.8393 -0.092778 0.00404364 35.9173 28
 482.500000 -0.676676 1.25353 0.470873 1.28051 -0.0769668 0.00400891 36.8635 28
 483.000000 -0.635208 1.37274 0.548168 1.83849 -0.0769668 0.00400891 36.8635 28
 483.500000 -0.549227 1.40657 0.57181 1.9156 -0.0769668 0.00400891 36.8635 28
 484.000000 -0.607369 1.42347 0.581603 1.94184 -0.0769668 0.00400891 36.8635 28
 484.500000 -0.163106 1.86004 0.889333 -6.5765 -0.0769668 0.00400891 36.8635 28
 485.000000 -0.318719 1.66975 0.752323 0.201149 -0.0752444 0.00401002 37.3194 28
 485.500000 -0.39566 1.56411 0.678413 1.58404 -0.0752444 0.00401002 37.3194 28
 486.000000 -0.583474 1.48581 0.622515 1.94073 -0.0752444 0.00401002 37.3194 28
 486.500000 -0.651957 1.37881 0.551322 1.84208 -0.0752444 0.00401002 37.3194 28
 487.000000 -0.341171 1.67603 0.755918 0.18647 -0.0752444 0.00401002 37.3194 28
 487.500000 -0.633903 1.43234 0.58625 1.9449 -0.0408719 0.00401087 38.0799 28
 488.000000 -0.502583 1.49284 0.629086 1.93127 -0.0408719 0.00401087 38.0799 28
 488.500000 -0.38919 1.53077 0.655671 1.76788 -0.0408719 0.00401087 38.0799 28
 489.000000 -0.500485 1.56339 0.675636 1.58535 -0.0408719 0.00401087 38.0799 28
 489.500000 -0.467239 1.44646 0.598379 1.99868 -0.0408719 0.00401087 38.0799 28
 490.000000 -0.276988 1.79251 0.837593 -3.25156 -0.0459896 0.00401332 38.0961 28
 490.500000 -0.466086 1.65646 0.738002 0.594923 -0.0459896 0.00401332 38.0961 28
 491.000000 -0.268515 1.80694 0.847775 -3.6642 -0.0459896 0.00401332 38.0961 28
 491.500000 -0.564606 1.35837 0.540306 1.81837 -0.0459896 0.00401332 38.0961 28
 492.000000 -0.51418 1.42527 0.584288 1.98332 -0.0459896 0.00401332 38.0961 28
 492.500000 -0.526279 1.3702 0.54797 1.85279 -0.0163909 0.00400944 38.9821 28
 493.000000 -0.590165 1.32208 0.516719 1.75279 -0.0163909 0.00400944 38.9821 28
 493.500000 -0.58707 1.37789 0.552737 1.93233 -0.0163909 0.00400944 38.9821 28
 494.000000 -0.481801 1.59726 0.698515 1.27401 -0.0163909 0.00400944 38.9821 28
 494.500000 -0.45397 1.69163 0.761591 -0.0432261 -0.0163909 0.00400944 38.9821 28
 495.000000 -0.447288 1.48198 0.622294 1.94455 0.0152403 0.00403155 39.7833 28
 495.500000 -0.592552 1.37898 0.553345 1.91361 0.0152403 0.00403155 39.7833 28
 496.000000 -0.332763 1.76446 0.815895 -2.14294 0.0152403 0.00403155 39.7833 28
 496.500000 -0.638944 1.44717 0.595458 2.02906 0.0152403 0.00403155 39.7833 28
 497.000000 -0.578653 1.47098 0.613105 2.01011 0.0152403 0.00403155 39.7833 28
 497.500000 -0.525737 1.43736 0.592202 2.0276 0.0486089 0.00404795 40.4895 28
 498.000000 -0.583169 1.49382 0.62769 1.97245 0.0486089 0.00404795 40.4895 28
 498.500000 -0.536761 1.45053 0.600727 2.06082 0.0486089 0.00404795 40.4895 28
 499.000000 -0.562388 1.47512 0.616249 2.02494 0.0486089 0.00404795 40.4895 28
 499.500000 -0.572679 1.23377 0.4601 1.0566 0.0486089 0.00404795 40.4895 28
 500.000000 -0.549627 1.47595 0.617105 2.02176 0.0803563 0.0040812 41.2363 28
