#! FIELDS time p.x p.y cv.node-0 opes.bias opes.rct opes.zed opes.neff opes.nker
 0.000000 -0.536925 1.48531 -0.485034 -16 -16 1 1 0
 0.500000 -0.78783 1.18343 -0.151085 -16 -16 1 1 0
 1.000000 -0.650213 1.38546 -0.359449 -16 -16 1 1 0
 1.500000 -0.485263 1.55966 -0.555731 -16 -16 1 1 0
 2.000000 -0.415574 1.50747 -0.570646 -16 -16 1 1 0
 2.500000 -0.516923 1.54634 -0.529732 -16 -16 1 1 0
 3.000000 -0.599669 1.44877 -0.426512 -16 -16 1 1 0
 3.500000 -0.655368 1.33647 -0.328114 -16 -16 1 1 0
 4.000000 -0.52221 1.50723 -0.505759 -16 -16 1 1 0
 4.500000 -0.648828 1.38303 -0.358935 -16 -16 1 1 0
 5.000000 -0.442094 1.54229 -0.572629 -16 -16 1 1 0
 5.500000 -0.597741 1.40179 -0.401572 -16 -16 1 1 0
 6.000000 -0.499025 1.45761 -0.493381 -16 -16 1 1 0
 6.500000 -0.610286 1.37887 -0.380829 -16 -16 1 1 0
 7.000000 -0.72339 1.27349 -0.247587 -16 -16 1 1 0
 7.500000 -0.565332 1.41789 -0.430734 -16 -16 1 1 0
 8.000000 -0.568188 1.41414 -0.426885 -16 -16 1 1 0
 8.500000 -0.557128 1.36723 -0.407776 -16 -16 1 1 0
 9.000000 -0.489691 1.58119 -0.564304 -16 -16 1 1 0
 9.500000 -0.536371 1.56333 -0.527047 -16 -16 1 1 0
 10.000000 -0.573924 1.47443 -0.456473 -16 -16 1 1 0
 10.500000 -0.560815 1.30948 -0.373011 -16 -16 1 1 0
 11.000000 -0.609283 1.39845 -0.392477 -16 -16 1 1 0
 11.500000 -0.413306 1.56208 -0.600081 -16 -16 1 1 0
 12.000000 -0.582509 1.34702 -0.380403 -16 -16 1 1 0
 12.500000 -0.76915 1.25027 -0.203997 -16 -16 1 1 0
 13.000000 -0.445026 1.63036 -0.616023 -16 -16 1 1 0
 13.500000 -0.613023 1.47788 -0.434382 -16 -16 1 1 0
 14.000000 -0.552932 1.42363 -0.441609 -16 -16 1 1 0
 14.500000 -0.537974 1.38541 -0.429901 -16 -16 1 1 0
 15.000000 -0.517857 1.42605 -0.464708 -16 -16 1 1 0
 15.500000 -0.460554 1.45309 -0.514648 -16 -16 1 1 0
 16.000000 -0.480625 1.47703 -0.515038 -16 -16 1 1 0
 16.500000 -0.624622 1.27539 -0.312508 -16 -16 1 1 0
 17.000000 -0.644759 1.42607 -0.385874 -16 -16 1 1 0
 17.500000 -0.623668 1.43921 -0.406344 -16 -16 1 1 0
 18.000000 -0.470451 1.55783 -0.563657 -16 -16 1 1 0
 18.500000 -0.612148 1.46544 -0.428043 -16 -16 1 1 0
 19.000000 -0.656231 1.44084 -0.387069 -16 -16 1 1 0
 19.500000 -0.464779 1.52488 -0.549891 -16 -16 1 1 0
 20.000000 -0.681669 1.16143 -0.207848 -16 -16 1 1 0
 20.500000 -0.757759 1.19776 -0.179634 -16 -16 1 1 0
 21.000000 -0.43974 1.57439 -0.590579 -16 -16 1 1 0
 21.500000 -0.620657 1.28365 -0.319843 -16 -16 1 1 0
 22.000000 -0.62194 1.38447 -0.37666 -16 -16 1 1 0
 22.500000 -0.606933 1.42067 -0.406384 -16 -16 1 1 0
 23.000000 -0.556514 1.42188 -0.438417 -16 -16 1 1 0
 23.500000 -0.672126 1.27342 -0.280682 -16 -16 1 1 0
 24.000000 -0.410616 1.56622 -0.603804 -16 -16 1 1 0
 24.500000 -0.68822 1.30538 -0.289056 -16 -16 1 1 0
 25.000000 -0.513804 1.49766 -0.505768 -16 -16 0.472044 1 1
 25.500000 -0.486135 1.43788 -0.490745 -0.0069719 -16 0.472044 1 1
 26.000000 -0.596182 1.31228 -0.351993 -0.730413 -16 0.472044 1 1
 26.500000 -0.792907 1.24781 -0.187046 -3.13776 -16 0.472044 1 1
 27.000000 -1.13315 0.870358 0.283012 -16 -16 0.472044 1 1
 27.500000 -1.08522 0.873396 0.248319 -16 -16 0.317356 1 2
 28.000000 -0.604911 1.43545 -0.415877 -0.257482 -16 0.317356 1 2
 28.500000 -0.822898 1.21581 -0.147913 -3.69715 -16 0.317356 1 2
 29.000000 -0.775146 1.0891 -0.101255 -3.65816 -16 0.317356 1 2
 29.500000 -0.572842 1.50089 -0.471544 -0.0440717 -16 0.317356 1 2
 30.000000 -0.840327 1.18493 -0.117396 -3.79431 -5.18059 0.335785 1.04497 3
 30.500000 -0.255561 1.68846 -0.755628 -12.0255 -5.18059 0.335785 1.04497 3
 31.000000 -0.395002 1.59535 -0.627883 -7.90294 -5.18059 0.335785 1.04497 3
 31.500000 -0.290439 1.65256 -0.717931 -10.9497 -5.18059 0.335785 1.04497 3
 32.000000 -0.281514 1.725 -0.757962 -12.0861 -5.18059 0.335785 1.04497 3
 32.500000 -0.527817 1.54689 -0.523469 -4.6481 -5.04901 0.336915 1.06455 3
 33.000000 -0.668906 1.40393 -0.358248 -0.538154 -5.04901 0.336915 1.06455 3
 33.500000 -0.477361 1.58846 -0.575414 -0.190217 -5.04901 0.336915 1.06455 3
 34.000000 -0.559842 1.3277 -0.383914 -0.509713 -5.04901 0.336915 1.06455 3
 34.500000 -0.493921 1.50945 -0.524123 -0.0889351 -5.04901 0.336915 1.06455 3
 35.000000 -0.441752 1.47724 -0.538936 -0.0993253 -1.85627 0.399796 2.06215 3
 35.500000 -0.717371 1.2815 -0.256226 -2.48912 -1.85627 0.399796 2.06215 3
 36.000000 -0.59404 1.47667 -0.44536 0.572979 -1.85627 0.399796 2.06215 3
 36.500000 -0.689826 1.3042 -0.287335 -1.987 -1.85627 0.399796 2.06215 3
 37.000000 -0.718103 1.35881 -0.301219 -1.7165 -1.85627 0.399796 2.06215 3
 37.500000 -0.866349 1.14299 -0.0740352 -2.70509 -1.94153 0.401098 2.20153 3
 38.000000 -0.748661 1.34844 -0.275732 -2.08509 -1.94153 0.401098 2.20153 3
 38.500000 -0.470414 1.66377 -0.61812 0.627246 -1.94153 0.401098 2.20153 3
 39.000000 -0.73035 1.28869 -0.252118 -2.19233 -1.94153 0.401098 2.20153 3
 39.500000 -0.667788 1.31431 -0.307358 -1.62687 -1.94153 0.401098 2.20153 3
 40.000000 -0.617561 1.33403 -0.350772 -0.81586 -1.71019 0.352542 2.96268 4
 40.500000 -0.709227 1.25256 -0.244319 -0.450921 -1.71019 0.352542 2.96268 4
 41.000000 -0.424035 1.55865 -0.591899 0.590978 -1.71019 0.352542 2.96268 4
 41.500000 -0.677404 1.28412 -0.283555 -0.0359178 -1.71019 0.352542 2.96268 4
 42.000000 -0.777397 1.21502 -0.177249 -1.18616 -1.71019 0.352542 2.96268 4
 42.500000 -0.783045 1.24387 -0.191076 -1.0642 -1.61409 0.332315 3.64255 5
 43.000000 -0.505739 1.47406 -0.498078 0.611047 -1.61409 0.332315 3.64255 5
 43.500000 -0.297788 1.67508 -0.72452 -1.15494 -1.61409 0.332315 3.64255 5
 44.000000 -0.516141 1.3645 -0.432091 0.473781 -1.61409 0.332315 3.64255 5
 44.500000 -0.914916 1.1908 -0.071902 -0.734234 -1.61409 0.332315 3.64255 5
 45.000000 -0.601678 1.30022 -0.341575 0.308762 -1.15411 0.344327 4.3193 5
 45.500000 -0.552721 1.46217 -0.462812 0.389105 -1.15411 0.344327 4.3193 5
 46.000000 -0.601827 1.37036 -0.381354 0.864013 -1.15411 0.344327 4.3193 5
 46.500000 -0.5508 1.41319 -0.437195 0.548366 -1.15411 0.344327 4.3193 5
 47.000000 -0.585861 1.43303 -0.426347 0.619354 -1.15411 0.344327 4.3193 5
 47.500000 -0.356975 1.56259 -0.634079 -0.438772 -1.06336 0.334359 5.22102 5
 48.000000 -0.63902 1.3622 -0.353248 0.767246 -1.06336 0.334359 5.22102 5
 48.500000 -0.841275 1.1684 -0.106513 -1.04708 -1.06336 0.334359 5.22102 5
 49.000000 -0.884832 1.19569 -0.0947713 -1.17235 -1.06336 0.334359 5.22102 5
 49.500000 -0.639582 1.34484 -0.342958 0.770897 -1.06336 0.334359 5.22102 5
 50.000000 -0.705193 1.27622 -0.260967 0.382664 -0.823939 0.420736 5.98271 5
 50.500000 -0.884819 1.05349 -0.00511623 -2.97932 -0.823939 0.420736 5.98271 5
 51.000000 -0.540284 1.54079 -0.512725 -0.14699 -0.823939 0.420736 5.98271 5
 51.500000 -0.560416 1.53693 -0.498524 -0.178011 -0.823939 0.420736 5.98271 5
 52.000000 -0.712335 1.35219 -0.301019 0.715248 -0.823939 0.420736 5.98271 5
 52.500000 -0.614331 1.43552 -0.410077 0.149396 -0.704669 0.402371 6.97287 5
 53.000000 -0.430142 1.51223 -0.56427 -0.0810883 -0.704669 0.402371 6.97287 5
 53.500000 -0.605954 1.49533 -0.448313 0.393813 -0.704669 0.402371 6.97287 5
 54.000000 -0.502935 1.39183 -0.455374 0.346204 -0.704669 0.402371 6.97287 5
 54.500000 -0.422508 1.59047 -0.609067 -0.170078 -0.704669 0.402371 6.97287 5
 55.000000 -0.863006 1.09325 -0.0449788 -2.55622 -0.766773 0.397707 7.11395 5
 55.500000 -0.536212 1.42561 -0.453075 0.361396 -0.766773 0.397707 7.11395 5
 56.000000 -0.613502 1.45885 -0.423562 0.549734 -0.766773 0.397707 7.11395 5
 56.500000 -0.560933 1.3862 -0.415938 0.591885 -0.766773 0.397707 7.11395 5
 57.000000 -0.397429 1.46247 -0.55838 -0.0740122 -0.766773 0.397707 7.11395 5
 57.500000 -0.621143 1.50953 -0.446855 0.403213 -0.628639 0.398873 7.97712 5
 58.000000 -0.542302 1.47162 -0.474345 0.62903 -0.628639 0.398873 7.97712 5
 58.500000 -0.577623 1.42257 -0.425676 0.870445 -0.628639 0.398873 7.97712 5
 59.000000 -0.473253 1.49751 -0.53038 0.207394 -0.628639 0.398873 7.97712 5
 59.500000 -0.494197 1.5705 -0.556044 0.0290031 -0.628639 0.398873 7.97712 5
 60.000000 -0.522469 1.50638 -0.50515 0.401122 -0.522007 0.448248 8.89116 5
 60.500000 -0.586882 1.42992 -0.423993 0.773381 -0.522007 0.448248 8.89116 5
 61.000000 -0.810039 1.23622 -0.168824 -0.743147 -0.522007 0.448248 8.89116 5
 61.500000 -1.382 0.615453 0.625242 -15.9952 -0.522007 0.448248 8.89116 5
 62.000000 -1.21421 0.771911 0.404369 -15.6617 -0.522007 0.448248 8.89116 5
 62.500000 -1.23273 0.732489 0.44367 -15.8459 -0.582632 0.37354 8.89116 6
 63.000000 -1.0681 0.622942 0.404427 -14.9661 -0.582632 0.37354 8.89116 6
 63.500000 -1.10289 0.845063 0.279244 -10.4054 -0.582632 0.37354 8.89116 6
 64.000000 -1.17736 0.868685 0.314219 -12.0947 -0.582632 0.37354 8.89116 6
 64.500000 -1.17023 0.789052 0.362778 -14.3396 -0.582632 0.37354 8.89116 6
 65.000000 -1.17996 0.824364 0.345698 -13.6403 -0.63979 0.373536 8.89116 6
 65.500000 -1.12146 0.742725 0.360504 -13.1047 -0.63979 0.373536 8.89116 6
 66.000000 -1.23645 0.889452 0.340407 -12.7442 -0.63979 0.373536 8.89116 6
 66.500000 -1.23538 0.659048 0.495304 -14.749 -0.63979 0.373536 8.89116 6
 67.000000 -1.15835 0.844112 0.317725 -12.0364 -0.63979 0.373536 8.89116 6
 67.500000 -1.17063 0.827465 0.337251 -12.6658 -0.693857 0.373536 8.89117 6
 68.000000 -1.18877 0.769056 0.388912 -12.41 -0.693857 0.373536 8.89117 6
 68.500000 -1.16256 0.86748 0.30496 -11.2716 -0.693857 0.373536 8.89117 6
 69.000000 -1.08435 0.80025 0.296458 -10.9868 -0.693857 0.373536 8.89117 6
 69.500000 -1.3839 0.680007 0.582411 -15.8218 -0.693857 0.373536 8.89117 6
 70.000000 -1.10061 0.691032 0.380958 -12.3316 -0.74515 0.373536 8.89118 6
 70.500000 -1.34601 0.657477 0.571996 -15.1815 -0.74515 0.373536 8.89118 6
 71.000000 -1.38543 0.756336 0.531423 -14.123 -0.74515 0.373536 8.89118 6
 71.500000 -1.25396 0.521526 0.601905 -15.708 -0.74515 0.373536 8.89118 6
 72.000000 -1.07723 0.453868 0.52574 -13.9694 -0.74515 0.373536 8.89118 6
 72.500000 -1.23844 0.479727 0.619867 -15.8694 -0.79394 0.320174 8.89118 7
 73.000000 -1.17139 0.571791 0.51065 -13.4066 -0.79394 0.320174 8.89118 7
 73.500000 -1.1839 0.52968 0.548022 -14.2839 -0.79394 0.320174 8.89118 7
 74.000000 -1.09033 0.74896 0.33491 -11.3148 -0.79394 0.320174 8.89118 7
 74.500000 -1.22014 0.780898 0.402355 -11.5749 -0.79394 0.320174 8.89118 7
 75.000000 -1.17733 0.686851 0.436601 -11.9472 -0.840459 0.320174 8.89119 7
 75.500000 -1.01364 0.862584 0.206542 -7.24129 -0.840459 0.320174 8.89119 7
 76.000000 -1.16736 0.829122 0.333909 -11.1299 -0.840459 0.320174 8.89119 7
 76.500000 -1.10618 0.832456 0.289903 -10.4881 -0.840459 0.320174 8.89119 7
 77.000000 -1.10146 0.795097 0.311642 -10.992 -0.840459 0.320174 8.89119 7
 77.500000 -1.12078 0.836739 0.297017 -10.6962 -0.884908 0.320174 8.89123 7
 78.000000 -1.11396 0.764536 0.340696 -10.2145 -0.884908 0.320174 8.89123 7
 78.500000 -0.962815 0.722972 0.264135 -9.27196 -0.884908 0.320174 8.89123 7
 79.000000 -1.12171 0.722694 0.374161 -10.3876 -0.884908 0.320174 8.89123 7
 79.500000 -1.07109 0.836687 0.263073 -9.24013 -0.884908 0.320174 8.89123 7
 80.000000 -1.10506 0.855065 0.274053 -9.54183 -0.92746 0.320174 8.89135 7
 80.500000 -1.10477 0.909275 0.237809 -8.15364 -0.92746 0.320174 8.89135 7
 81.000000 -1.29305 0.358581 0.740895 -15.6748 -0.92746 0.320174 8.89135 7
 81.500000 -1.70014 0.446192 0.957395 -16 -0.92746 0.320174 8.89135 7
 82.000000 -1.21834 0.715549 0.445295 -10.8522 -0.92746 0.320174 8.89135 7
 82.500000 -1.24614 0.694933 0.478298 -11.4261 -0.968281 0.320174 8.89137 7
 83.000000 -0.960281 1.11892 0.00369514 -2.58342 -0.968281 0.320174 8.89137 7
 83.500000 -0.483789 1.51303 -0.532163 0.809497 -0.968281 0.320174 8.89137 7
 84.000000 -0.571174 1.36385 -0.397031 1.06411 -0.968281 0.320174 8.89137 7
 84.500000 -0.54273 1.40341 -0.436844 1.08423 -0.968281 0.320174 8.89137 7
 85.000000 -0.579278 1.49323 -0.463456 1.04563 -0.745366 0.340872 8.68773 7
 85.500000 -0.399671 1.56001 -0.607195 0.14032 -0.745366 0.340872 8.68773 7
 86.000000 -0.179172 1.84053 -0.870758 -6.69434 -0.745366 0.340872 8.68773 7
 86.500000 -0.548673 1.49893 -0.485205 1.10844 -0.745366 0.340872 8.68773 7
 87.000000 -0.783902 1.29639 -0.222206 -0.162975 -0.745366 0.340872 8.68773 7
 87.500000 -0.569862 1.47214 -0.457715 1.17759 -0.549521 0.347402 8.86761 7
 88.000000 -0.452926 1.56287 -0.576764 0.422967 -0.549521 0.347402 8.86761 7
 88.500000 -0.526519 1.51748 -0.508616 1.04284 -0.549521 0.347402 8.86761 7
 89.000000 -0.454225 1.61472 -0.602631 0.0985435 -0.549521 0.347402 8.86761 7
 89.500000 -0.38787 1.64387 -0.656423 -0.73207 -0.549521 0.347402 8.86761 7
 90.000000 -0.308332 1.67964 -0.720564 -2.05141 -0.577674 0.308034 9.00082 8
 90.500000 -0.388277 1.62721 -0.647865 -0.440221 -0.577674 0.308034 9.00082 8
 91.000000 -0.340212 1.65694 -0.690848 -1.1506 -0.577674 0.308034 9.00082 8
 91.500000 -0.436338 1.53244 -0.571001 0.59646 -0.577674 0.308034 9.00082 8
 92.000000 -0.731961 1.19291 -0.193658 -0.586974 -0.577674 0.308034 9.00082 8
 92.500000 -0.531135 1.50519 -0.499247 1.20305 -0.420549 0.330489 9.53701 8
 93.000000 -0.408885 1.52522 -0.583854 0.521165 -0.420549 0.330489 9.53701 8
 93.500000 -0.730563 1.2389 -0.222276 -0.553099 -0.420549 0.330489 9.53701 8
 94.000000 -0.712267 1.29019 -0.26466 -0.199501 -0.420549 0.330489 9.53701 8
 94.500000 -0.936365 1.03572 0.040997 -3.72635 -0.420549 0.330489 9.53701 8
 95.000000 -1.13168 0.891116 0.268175 -9.4637 -0.454446 0.330489 9.53709 8
 95.500000 -0.947486 0.860309 0.162638 -6.43697 -0.454446 0.330489 9.53709 8
 96.000000 -1.04813 0.897432 0.207088 -7.82063 -0.454446 0.330489 9.53709 8
 96.500000 -0.724063 1.36156 -0.299046 0.121717 -0.454446 0.330489 9.53709 8
 97.000000 -0.533952 1.39204 -0.436072 1.25766 -0.454446 0.330489 9.53709 8
 97.500000 -0.490887 1.46087 -0.500132 1.21426 -0.3244 0.252319 10.2512 7
 98.000000 -0.336071 1.6679 -0.69864 -1.24349 -0.3244 0.252319 10.2512 7
 98.500000 -0.577754 1.39211 -0.408678 1.45193 -0.3244 0.252319 10.2512 7
 99.000000 -0.882836 1.18426 -0.0889507 -2.20924 -0.3244 0.252319 10.2512 7
 99.500000 -0.522817 1.52836 -0.516647 1.55448 -0.3244 0.252319 10.2512 7
 100.000000 -0.550763 1.45451 -0.459847 1.66813 -0.143797 0.249347 10.1063 7
 100.500000 -0.703987 1.30047 -0.276048 -0.103621 -0.143797 0.249347 10.1063 7
 101.000000 -0.639813 1.3778 -0.361636 1.01062 -0.143797 0.249347 10.1063 7
 101.500000 -0.849116 1.24074 -0.146094 -1.5389 -0.143797 0.249347 10.1063 7
 102.000000 -0.380838 1.53929 -0.607969 0.474396 -0.143797 0.249347 10.1063 7
 102.500000 -0.52458 1.43598 -0.465935 1.70474 0.00646302 0.247699 10.4675 7
 103.000000 -0.736861 1.26083 -0.231314 -0.716239 0.00646302 0.247699 10.4675 7
 103.500000 -0.741634 1.23751 -0.214229 -0.878645 0.00646302 0.247699 10.4675 7
 104.000000 -0.759638 1.22107 -0.192544 -1.10283 0.00646302 0.247699 10.4675 7
 104.500000 -0.720059 1.34804 -0.293685 -0.0115238 0.00646302 0.247699 10.4675 7
 105.000000 -0.905107 1.21983 -0.0965202 -2.45873 -0.0208177 0.248044 10.5192 7
 105.500000 -0.638494 1.35254 -0.348059 0.79362 -0.0208177 0.248044 10.5192 7
 106.000000 -0.795792 1.14117 -0.119777 -1.97183 -0.0208177 0.248044 10.5192 7
 106.500000 -0.744259 1.28547 -0.241237 -0.621205 -0.0208177 0.248044 10.5192 7
 107.000000 -0.938612 1.15936 -0.0364266 -2.82859 -0.0208177 0.248044 10.5192 7
 107.500000 -0.692407 1.2917 -0.27834 -0.219378 -0.0259764 0.250336 10.9544 7
 108.000000 -0.73771 1.15426 -0.166373 -1.23739 -0.0259764 0.250336 10.9544 7
 108.500000 -0.746854 1.18181 -0.177114 -1.08958 -0.0259764 0.250336 10.9544 7
 109.000000 -0.613014 1.41309 -0.398359 1.3731 -0.0259764 0.250336 10.9544 7
 109.500000 -0.794245 1.22438 -0.171918 -1.15995 -0.0259764 0.250336 10.9544 7
 110.000000 -0.725098 1.21407 -0.210935 -0.689506 -0.0395394 0.249042 11.2446 7
 110.500000 -0.732816 1.20616 -0.201104 -0.577632 -0.0395394 0.249042 11.2446 7
 111.000000 -0.640257 1.26303 -0.295209 0.16267 -0.0395394 0.249042 11.2446 7
 111.500000 -0.748988 1.2779 -0.233665 -0.313906 -0.0395394 0.249042 11.2446 7
 112.000000 -0.68406 1.38503 -0.337914 0.670151 -0.0395394 0.249042 11.2446 7
 112.500000 -0.607649 1.46 -0.427806 1.57529 0.063774 0.25159 12.0154 7
 113.000000 -0.887082 1.05546 -0.00484562 -3.30198 0.063774 0.25159 12.0154 7
 113.500000 -0.447653 1.59236 -0.595086 0.466647 0.063774 0.25159 12.0154 7
 114.000000 -0.254336 1.68461 -0.754508 -3.32047 0.063774 0.25159 12.0154 7
 114.500000 -0.403442 1.51038 -0.579508 0.738233 0.063774 0.25159 12.0154 7
 115.000000 -0.332753 1.58731 -0.660897 -1.02291 0.0461815 0.257562 12.2184 7
 115.500000 -0.158557 1.85873 -0.890838 -6.65676 0.0461815 0.257562 12.2184 7
 116.000000 -0.414988 1.58422 -0.61036 0.176672 0.0461815 0.257562 12.2184 7
 116.500000 -0.28614 1.60685 -0.698243 -1.65111 0.0461815 0.257562 12.2184 7
 117.000000 -0.514774 1.56309 -0.539854 1.25053 0.0461815 0.257562 12.2184 7
 117.500000 -0.355775 1.6531 -0.679835 -1.27731 0.027187 0.25719 12.3789 7
 118.000000 -0.151891 1.7379 -0.839295 -4.51611 0.027187 0.25719 12.3789 7
 118.500000 -0.328114 1.64803 -0.693579 -1.35087 0.027187 0.25719 12.3789 7
 119.000000 -0.354212 1.67472 -0.691381 -1.3142 0.027187 0.25719 12.3789 7
 119.500000 -0.44427 1.60678 -0.604467 0.300483 0.027187 0.25719 12.3789 7
 120.000000 -0.312905 1.60092 -0.679438 -1.10994 0.0100596 0.257053 12.5683 7
 120.500000 -0.678793 1.29853 -0.2911 0.0760844 0.0100596 0.257053 12.5683 7
 121.000000 -0.754884 1.29022 -0.237215 -0.421606 0.0100596 0.257053 12.5683 7
 121.500000 -0.575135 1.4286 -0.430556 1.58587 0.0100596 0.257053 12.5683 7
 122.000000 -0.611089 1.36248 -0.371056 1.10438 0.0100596 0.257053 12.5683 7
 122.500000 -0.496163 1.4543 -0.493367 1.58843 0.0997455 0.25804 13.3672 7
 123.000000 -0.712637 1.33605 -0.291393 -0.0617888 0.0997455 0.25804 13.3672 7
 123.500000 -0.271524 1.69048 -0.747271 -2.05936 0.0997455 0.25804 13.3672 7
 124.000000 -0.289948 1.65687 -0.720307 -1.6224 0.0997455 0.25804 13.3672 7
 124.500000 -0.4026 1.57275 -0.611918 0.213886 0.0997455 0.25804 13.3672 7
 125.000000 -0.629895 1.32635 -0.33852 0.593947 0.11485 0.288936 14.1442 8
 125.500000 -0.607298 1.39384 -0.391132 1.18045 0.11485 0.288936 14.1442 8
 126.000000 -0.610752 1.35493 -0.366993 0.93165 0.11485 0.288936 14.1442 8
 126.500000 -0.751417 1.28888 -0.238648 -0.567986 0.11485 0.288936 14.1442 8
 127.000000 -0.687743 1.29671 -0.284283 -0.0912981 0.11485 0.288936 14.1442 8
 127.500000 -0.568072 1.44501 -0.443968 1.50705 0.182806 0.290324 15.0491 8
 128.000000 -0.57911 1.46166 -0.446299 1.53827 0.182806 0.290324 15.0491 8
 128.500000 -0.415724 1.56799 -0.601654 0.167677 0.182806 0.290324 15.0491 8
 129.000000 -0.529651 1.37797 -0.43102 1.48584 0.182806 0.290324 15.0491 8
 129.500000 -0.443317 1.62263 -0.613105 -0.052187 0.182806 0.290324 15.0491 8
 130.000000 -0.411929 1.68393 -0.662319 -1.002 0.166903 0.290709 15.2487 8
 130.500000 -0.503702 1.50997 -0.518462 1.32224 0.166903 0.290709 15.2487 8
 131.000000 -0.457729 1.55015 -0.567299 0.753778 0.166903 0.290709 15.2487 8
 131.500000 -0.747843 1.32715 -0.263682 -0.397293 0.166903 0.290709 15.2487 8
 132.000000 -0.817567 1.30894 -0.208094 -0.972519 0.166903 0.290709 15.2487 8
 132.500000 -0.572792 1.41862 -0.426494 1.45627 0.223714 0.29555 16.1987 8
 133.000000 -0.473429 1.58257 -0.574704 0.56021 0.223714 0.29555 16.1987 8
 133.500000 -0.4571 1.58442 -0.585384 0.375893 0.223714 0.29555 16.1987 8
 134.000000 -0.431568 1.62158 -0.619499 -0.266117 0.223714 0.29555 16.1987 8
 134.500000 -0.543836 1.49144 -0.484115 1.51014 0.223714 0.29555 16.1987 8
 135.000000 -0.373414 1.65237 -0.66913 -1.12609 0.20748 0.295431 16.3742 8
 135.500000 -0.437946 1.62991 -0.619965 -0.246116 0.20748 0.295431 16.3742 8
 136.000000 -0.415893 1.67067 -0.6534 -0.800341 0.20748 0.295431 16.3742 8
 136.500000 -0.360216 1.58575 -0.643757 -0.653155 0.20748 0.295431 16.3742 8
 137.000000 -0.534025 1.41824 -0.450402 1.5464 0.20748 0.295431 16.3742 8
 137.500000 -0.704798 1.26555 -0.254901 -0.550962 0.196105 0.296123 16.6761 8
 138.000000 -0.891699 1.24261 -0.119459 -2.25141 0.196105 0.296123 16.6761 8
 138.500000 -1.16159 0.885038 0.292564 -10.2389 0.196105 0.296123 16.6761 8
 139.000000 -1.34272 0.617649 0.596954 -13.8797 0.196105 0.296123 16.6761 8
 139.500000 -0.971368 0.945782 0.123006 -6.40108 0.196105 0.296123 16.6761 8
 140.000000 -1.40232 0.60234 0.648068 -14.9353 0.175052 0.296123 16.6761 8
 140.500000 -1.38759 0.683864 0.582286 -13.5534 0.175052 0.296123 16.6761 8
 141.000000 -1.3305 0.413066 0.729057 -15.5879 0.175052 0.296123 16.6761 8
 141.500000 -1.05204 0.758896 0.301882 -10.278 0.175052 0.296123 16.6761 8
 142.000000 -1.44167 0.678018 0.622998 -14.2715 0.175052 0.296123 16.6761 8
 142.500000 -1.34356 0.229737 0.864907 -15.9979 0.154432 0.263221 16.6761 9
 143.000000 -1.21043 0.41893 0.642265 -14.4977 0.154432 0.263221 16.6761 9
 143.500000 -1.40855 0.534109 0.699135 -15.2399 0.154432 0.263221 16.6761 9
 144.000000 -1.10028 0.938112 0.215652 -9.32047 0.154432 0.263221 16.6761 9
 144.500000 -1.01217 0.965532 0.137828 -6.73805 0.154432 0.263221 16.6761 9
 145.000000 -1.2119 0.7668 0.406242 -11.2865 0.13423 0.263221 16.6761 9
 145.500000 -1.21 0.746756 0.418481 -11.1685 0.13423 0.263221 16.6761 9
 146.000000 -1.07413 0.913289 0.214311 -9.28255 0.13423 0.263221 16.6761 9
 146.500000 -1.11315 0.902007 0.248333 -9.91755 0.13423 0.263221 16.6761 9
 147.000000 -0.984527 1.00499 0.0933774 -5.49011 0.13423 0.263221 16.6761 9
 147.500000 -1.08238 0.945027 0.198939 -8.8058 0.11443 0.236901 16.6762 10
 148.000000 -1.00753 1.03734 0.087891 -5.256 0.11443 0.236901 16.6762 10
 148.500000 -1.27358 0.747827 0.461163 -11.4919 0.11443 0.236901 16.6762 10
 149.000000 -0.806239 1.27232 -0.193256 -0.891436 0.11443 0.236901 16.6762 10
 149.500000 -0.781541 1.18905 -0.158677 -1.37635 0.11443 0.236901 16.6762 10
 150.000000 -0.677053 1.36929 -0.333274 0.727738 0.130578 0.236617 17.5143 10
 150.500000 -0.412475 1.54214 -0.590376 0.457229 0.130578 0.236617 17.5143 10
 151.000000 -0.397667 1.5614 -0.609104 0.11723 0.130578 0.236617 17.5143 10
 151.500000 -0.437673 1.52186 -0.56471 0.885026 0.130578 0.236617 17.5143 10
 152.000000 -0.414688 1.63538 -0.636413 -0.368133 0.130578 0.236617 17.5143 10
 152.500000 -0.332745 1.72112 -0.726458 -1.58356 0.114988 0.23583 17.6303 10
 153.000000 -0.39998 1.66691 -0.660807 -0.69455 0.114988 0.23583 17.6303 10
 153.500000 -0.403251 1.61318 -0.631985 -0.276591 0.114988 0.23583 17.6303 10
 154.000000 -0.654771 1.3761 -0.351242 1.0252 0.114988 0.23583 17.6303 10
 154.500000 -0.596976 1.34639 -0.370876 1.23749 0.114988 0.23583 17.6303 10
 155.000000 -0.714091 1.32089 -0.281578 0.181586 0.116262 0.239711 18.2103 10
 155.500000 -0.55714 1.36423 -0.406095 1.51021 0.116262 0.239711 18.2103 10
 156.000000 -0.507368 1.51507 -0.518941 1.41421 0.116262 0.239711 18.2103 10
 156.500000 -0.735786 1.28032 -0.243634 -0.123294 0.116262 0.239711 18.2103 10
 157.000000 -1.39579 0.546428 0.681968 -15.093 0.116262 0.239711 18.2103 10
 157.500000 -1.14952 0.905977 0.270401 -9.67523 0.0979143 0.239711 18.2103 10
 158.000000 -1.07957 0.798182 0.294559 -9.62025 0.0979143 0.239711 18.2103 10
 158.500000 -1.04172 0.788671 0.274898 -9.49112 0.0979143 0.239711 18.2103 10
 159.000000 -1.07878 1.02213 0.145775 -6.93539 0.0979143 0.239711 18.2103 10
 159.500000 -1.11502 0.982458 0.196311 -8.47766 0.0979143 0.239711 18.2103 10
 160.000000 -1.06892 0.807987 0.280703 -9.52711 0.079897 0.239711 18.2103 10
 160.500000 -1.08342 0.958113 0.191006 -8.31097 0.079897 0.239711 18.2103 10
 161.000000 -0.960027 1.04868 0.0485875 -4.49085 0.079897 0.239711 18.2103 10
 161.500000 -0.394194 1.51146 -0.585672 0.508034 0.079897 0.239711 18.2103 10
 162.000000 -0.485818 1.62412 -0.588807 0.453367 0.079897 0.239711 18.2103 10
 162.500000 -0.459847 1.48053 -0.529603 1.30948 0.121473 0.237986 19.202 10
 163.000000 -0.669672 1.39357 -0.351851 0.982625 0.121473 0.237986 19.202 10
 163.500000 -0.625905 1.40558 -0.386091 1.32961 0.121473 0.237986 19.202 10
 164.000000 -0.606208 1.41117 -0.401526 1.45947 0.121473 0.237986 19.202 10
 164.500000 -0.91266 1.08617 -0.00722957 -3.71429 0.121473 0.237986 19.202 10
 165.000000 -0.781999 1.05985 -0.0783981 -2.87855 0.104955 0.237962 19.2348 10
 165.500000 -0.764611 1.18667 -0.168373 -1.19725 0.104955 0.237962 19.2348 10
 166.000000 -0.687775 1.35141 -0.316152 0.587292 0.104955 0.237962 19.2348 10
 166.500000 -0.527337 1.45899 -0.476705 1.69892 0.104955 0.237962 19.2348 10
 167.000000 -0.641009 1.431 -0.390983 1.37231 0.104955 0.237962 19.2348 10
 167.500000 -0.88036 1.15031 -0.0693269 -2.85662 0.0887518 0.237905 19.2683 10
 168.000000 -0.75271 1.25051 -0.214833 -0.509202 0.0887518 0.237905 19.2683 10
 168.500000 -0.58863 1.32955 -0.366634 1.13856 0.0887518 0.237905 19.2683 10
 169.000000 -0.542068 1.46428 -0.470511 1.70712 0.0887518 0.237905 19.2683 10
 169.500000 -0.649685 1.32066 -0.322612 0.657775 0.0887518 0.237905 19.2683 10
 170.000000 -0.606997 1.46583 -0.43143 1.6398 0.148849 0.240449 20.0298 10
 170.500000 -0.467981 1.58973 -0.581647 0.640794 0.148849 0.240449 20.0298 10
 171.000000 -0.224521 1.67361 -0.766747 -2.22331 0.148849 0.240449 20.0298 10
 171.500000 -0.327778 1.66418 -0.701678 -1.25693 0.148849 0.240449 20.0298 10
 172.000000 -0.278704 1.82627 -0.807489 -3.19867 0.148849 0.240449 20.0298 10
 172.500000 -0.336493 1.57756 -0.65382 -0.647568 0.139807 0.240797 20.3054 10
 173.000000 -0.669123 1.36224 -0.334229 0.782309 0.139807 0.240797 20.3054 10
 173.500000 -0.901577 1.17502 -0.0707927 -2.79694 0.139807 0.240797 20.3054 10
 174.000000 -0.556151 1.46966 -0.464784 1.71595 0.139807 0.240797 20.3054 10
 174.500000 -0.468665 1.60144 -0.587274 0.552266 0.139807 0.240797 20.3054 10
 175.000000 -0.158002 1.82353 -0.875098 -5.69943 0.123595 0.218955 20.3073 11
 175.500000 -0.418069 1.66431 -0.648945 -0.384994 0.123595 0.218955 20.3073 11
 176.000000 -0.460267 1.56014 -0.570956 0.908321 0.123595 0.218955 20.3073 11
 176.500000 -0.438176 1.5831 -0.595976 0.491418 0.123595 0.218955 20.3073 11
 177.000000 -0.301762 1.69022 -0.729512 -1.37461 0.123595 0.218955 20.3073 11
 177.500000 -0.44968 1.57488 -0.584897 0.681582 0.135384 0.238446 21.1203 12
 178.000000 -0.769745 1.31941 -0.245073 -0.25081 0.135384 0.238446 21.1203 12
 178.500000 -0.932647 1.00339 0.0593105 -4.68173 0.135384 0.238446 21.1203 12
 179.000000 -1.33893 0.524957 0.657865 -14.9193 0.135384 0.238446 21.1203 12
 179.500000 -1.35296 0.702888 0.545759 -12.8575 0.135384 0.238446 21.1203 12
 180.000000 -1.34311 0.542903 0.648406 -14.7944 0.119636 0.238446 21.1203 12
 180.500000 -1.23865 0.691294 0.475641 -11.8707 0.119636 0.238446 21.1203 12
 181.000000 -0.9455 0.908085 0.12997 -6.76994 0.119636 0.238446 21.1203 12
 181.500000 -1.13355 0.819948 0.316974 -9.73287 0.119636 0.238446 21.1203 12
 182.000000 -0.971492 0.982768 0.0989951 -5.75316 0.119636 0.238446 21.1203 12
 182.500000 -0.7311 1.20987 -0.20447 -0.747162 0.110678 0.237247 21.3758 12
 183.000000 -0.576809 1.49667 -0.466831 1.70032 0.110678 0.237247 21.3758 12
 183.500000 -0.672633 1.1973 -0.235304 -0.278228 0.110678 0.237247 21.3758 12
 184.000000 -0.824417 1.21791 -0.148205 -1.45108 0.110678 0.237247 21.3758 12
 184.500000 -0.930435 1.21909 -0.0794558 -2.5881 0.110678 0.237247 21.3758 12
 185.000000 -0.523453 1.4167 -0.456138 1.70072 0.168145 0.234787 22.0637 12
 185.500000 -0.674824 1.34088 -0.318284 0.545348 0.168145 0.234787 22.0637 12
 186.000000 -0.371901 1.60611 -0.646995 -0.361097 0.168145 0.234787 22.0637 12
 186.500000 -0.661513 1.37626 -0.347085 0.905028 0.168145 0.234787 22.0637 12
 187.000000 -0.504193 1.48484 -0.504785 1.59195 0.168145 0.234787 22.0637 12
 187.500000 -0.270336 1.69151 -0.748459 -1.83148 0.155156 0.219325 22.1512 13
 188.000000 -0.822771 1.24734 -0.167315 -1.13481 0.155156 0.219325 22.1512 13
 188.500000 -0.847335 1.02522 -0.012429 -3.38762 0.155156 0.219325 22.1512 13
 189.000000 -0.756831 1.18034 -0.169638 -1.09868 0.155156 0.219325 22.1512 13
 189.500000 -0.684733 1.28496 -0.279325 0.160068 0.155156 0.219325 22.1512 13
 190.000000 -0.619622 1.38137 -0.376365 1.30907 0.186578 0.232415 23.15 13
 190.500000 -0.637485 1.35913 -0.352462 1.06754 0.186578 0.232415 23.15 13
 191.000000 -0.58377 1.33766 -0.374316 1.29763 0.186578 0.232415 23.15 13
 191.500000 -0.471067 1.59741 -0.583775 0.635297 0.186578 0.232415 23.15 13
 192.000000 -0.350008 1.61018 -0.662 -0.607259 0.186578 0.232415 23.15 13
 192.500000 -0.758054 1.32715 -0.257156 -0.105498 0.1829 0.232093 23.5908 13
 193.000000 -0.762693 1.14539 -0.144367 -1.55195 0.1829 0.232093 23.5908 13
 193.500000 -0.61055 1.32159 -0.348135 1.01822 0.1829 0.232093 23.5908 13
 194.000000 -0.344981 1.63933 -0.679387 -0.843563 0.1829 0.232093 23.5908 13
 194.500000 -0.578817 1.47049 -0.451314 1.71315 0.1829 0.232093 23.5908 13
 195.000000 -0.898031 1.1128 -0.0339216 -3.25033 0.168979 0.232 23.6125 13
 195.500000 -0.820423 1.20446 -0.142559 -1.58029 0.168979 0.232 23.6125 13
 196.000000 -0.409508 1.6037 -0.623496 -0.0283403 0.168979 0.232 23.6125 13
 196.500000 -0.58613 1.48803 -0.456431 1.7152 0.168979 0.232 23.6125 13
 197.000000 -0.66393 1.41081 -0.36528 1.20246 0.168979 0.232 23.6125 13
 197.500000 -0.509958 1.57431 -0.548624 1.12835 0.191403 0.246291 24.5961 13
 198.000000 -0.408336 1.61051 -0.627627 -0.0530439 0.191403 0.246291 24.5961 13
 198.500000 -0.608526 1.42997 -0.410584 1.48709 0.191403 0.246291 24.5961 13
 199.000000 -0.646519 1.28175 -0.302077 0.385543 0.191403 0.246291 24.5961 13
 199.500000 -0.601748 1.48412 -0.444733 1.6244 0.191403 0.246291 24.5961 13
 200.000000 -0.650482 1.26624 -0.290468 0.251375 0.192261 0.247712 25.1932 13
 200.500000 -0.811812 1.21579 -0.155162 -1.43593 0.192261 0.247712 25.1932 13
 201.000000 -1.04004 0.811818 0.25832 -9.63499 0.192261 0.247712 25.1932 13
 201.500000 -1.07139 0.864168 0.245003 -9.60139 0.192261 0.247712 25.1932 13
 202.000000 -1.12521 0.83767 0.299426 -9.80857 0.192261 0.247712 25.1932 13
 202.500000 -1.14361 0.983523 0.214905 -9.4058 0.178468 0.247711 25.1933 13
 203.000000 -1.14817 0.825247 0.323415 -9.95855 0.178468 0.247711 25.1933 13
 203.500000 -1.0476 0.773361 0.289156 -9.6498 0.178468 0.247711 25.1933 13
 204.000000 -0.896687 1.05019 0.00497787 -3.69792 0.178468 0.247711 25.1933 13
 204.500000 -0.700521 1.21888 -0.229908 -0.286568 0.178468 0.247711 25.1933 13
 205.000000 -0.658938 1.37956 -0.350593 0.962329 0.19442 0.246244 26.1308 13
 205.500000 -0.827556 1.07427 -0.0567914 -3.06519 0.19442 0.246244 26.1308 13
 206.000000 -0.454435 1.43255 -0.507499 1.4515 0.19442 0.246244 26.1308 13
 206.500000 -0.428818 1.59892 -0.609616 0.215012 0.19442 0.246244 26.1308 13
 207.000000 -0.457723 1.50696 -0.54479 1.13464 0.19442 0.246244 26.1308 13
 207.500000 -0.624347 1.28684 -0.31931 0.705783 0.203282 0.24343 26.9586 13
 208.000000 -0.481927 1.53683 -0.545795 1.11354 0.203282 0.24343 26.9586 13
 208.500000 -0.377743 1.53254 -0.606402 0.258928 0.203282 0.24343 26.9586 13
 209.000000 -0.578991 1.39125 -0.407428 1.46409 0.203282 0.24343 26.9586 13
 209.500000 -0.662547 1.34349 -0.327594 0.867835 0.203282 0.24343 26.9586 13
 210.000000 -0.82677 1.1548 -0.107666 -2.40349 0.19102 0.243451 27.0104 13
 210.500000 -1.08496 0.915594 0.220153 -9.43406 0.19102 0.243451 27.0104 13
 211.000000 -1.14699 0.654607 0.437553 -11.6645 0.19102 0.243451 27.0104 13
 211.500000 -1.35818 0.705201 0.547734 -13.1216 0.19102 0.243451 27.0104 13
 212.000000 -1.18967 0.69635 0.438641 -11.6786 0.19102 0.243451 27.0104 13
 212.500000 -1.12723 0.720799 0.379229 -10.7755 0.177948 0.243451 27.0104 13
 213.000000 -0.932932 0.888358 0.134256 -7.22842 0.177948 0.243451 27.0104 13
 213.500000 -0.794285 1.2693 -0.199174 -0.655416 0.177948 0.243451 27.0104 13
 214.000000 -0.726325 1.18537 -0.192807 -0.756353 0.177948 0.243451 27.0104 13
 214.500000 -0.53971 1.45681 -0.467909 1.58767 0.177948 0.243451 27.0104 13
 215.000000 -0.581578 1.44661 -0.4365 1.57047 0.215997 0.243187 27.8636 13
 215.500000 -0.586027 1.47257 -0.448029 1.62205 0.215997 0.243187 27.8636 13
 216.000000 -0.482017 1.48597 -0.518933 1.36122 0.215997 0.243187 27.8636 13
 216.500000 -0.567888 1.42957 -0.435592 1.6019 0.215997 0.243187 27.8636 13
 217.000000 -0.670713 1.41897 -0.365683 1.20594 0.215997 0.243187 27.8636 13
 217.500000 -0.887817 1.22562 -0.111452 -2.28272 0.204311 0.243204 27.9209 13
 218.000000 -0.415853 1.54513 -0.589875 0.470737 0.204311 0.243204 27.9209 13
 218.500000 -0.377771 1.65839 -0.66956 -0.871895 0.204311 0.243204 27.9209 13
 219.000000 -0.431606 1.57372 -0.595093 0.3849 0.204311 0.243204 27.9209 13
 219.500000 -0.337697 1.45509 -0.59126 0.448167 0.204311 0.243204 27.9209 13
 220.000000 -0.677301 1.25875 -0.268705 0.211711 0.204404 0.24329 28.5034 13
 220.500000 -0.791415 1.1158 -0.10696 -2.27338 0.204404 0.24329 28.5034 13
 221.000000 -0.70972 1.32803 -0.28856 0.486199 0.204404 0.24329 28.5034 13
 221.500000 -0.57401 1.42788 -0.430855 1.57636 0.204404 0.24329 28.5034 13
 222.000000 -0.355645 1.62221 -0.664632 -0.810606 0.204404 0.24329 28.5034 13
 222.500000 -0.573096 1.3937 -0.412484 1.50611 0.236901 0.245149 29.4205 13
 223.000000 -0.602414 1.43013 -0.41447 1.54946 0.236901 0.245149 29.4205 13
 223.500000 -0.353635 1.59581 -0.652698 -0.69755 0.236901 0.245149 29.4205 13
 224.000000 -0.701777 1.35672 -0.310355 0.701628 0.236901 0.245149 29.4205 13
 224.500000 -0.7216 1.21509 -0.213839 -0.427602 0.236901 0.245149 29.4205 13
 225.000000 -0.765207 1.2252 -0.191405 -0.779763 0.229088 0.235296 29.6643 14
 225.500000 -1.18701 0.792055 0.37222 -10.5758 0.229088 0.235296 29.6643 14
 226.000000 -1.02395 0.96257 0.147761 -8.13277 0.229088 0.235296 29.6643 14
 226.500000 -1.46587 0.640799 0.664896 -15.0297 0.229088 0.235296 29.6643 14
 227.000000 -1.44528 0.822557 0.526864 -12.8197 0.229088 0.235296 29.6643 14
 227.500000 -1.63498 0.395771 0.948341 -15.9198 0.216967 0.219609 29.6643 15
 228.000000 -1.51899 0.530639 0.776612 -15.7829 0.216967 0.219609 29.6643 15
 228.500000 -1.44817 0.427146 0.799838 -15.8174 0.216967 0.219609 29.6643 15
 229.000000 -1.27917 0.595471 0.568646 -13.6969 0.216967 0.219609 29.6643 15
 229.500000 -1.34658 0.719813 0.529894 -12.8207 0.216967 0.219609 29.6643 15
 230.000000 -1.32623 0.593114 0.602466 -14.3949 0.204991 0.219609 29.6643 15
 230.500000 -1.14117 0.984061 0.212902 -9.48915 0.204991 0.219609 29.6643 15
 231.000000 -1.09373 0.941127 0.209216 -9.47927 0.204991 0.219609 29.6643 15
 231.500000 -0.980184 0.929766 0.139481 -7.73209 0.204991 0.219609 29.6643 15
 232.000000 -0.978276 1.05777 0.0549937 -4.74521 0.204991 0.219609 29.6643 15
 232.500000 -0.583255 1.48989 -0.459203 1.72732 0.246278 0.218045 30.3298 15
 233.000000 -0.305717 1.63928 -0.702483 -1.34415 0.246278 0.218045 30.3298 15
 233.500000 -0.410794 1.5819 -0.611681 0.0752523 0.246278 0.218045 30.3298 15
 234.000000 -0.423848 1.58591 -0.605945 0.180738 0.246278 0.218045 30.3298 15
 234.500000 -0.405784 1.56802 -0.607613 0.150143 0.246278 0.218045 30.3298 15
 235.000000 -0.420764 1.63485 -0.632573 -0.308713 0.241313 0.219084 30.6954 15
 235.500000 -0.367362 1.78099 -0.735546 -1.69116 0.241313 0.219084 30.6954 15
 236.000000 -0.483711 1.64625 -0.601409 0.294932 0.241313 0.219084 30.6954 15
 236.500000 -0.473694 1.5921 -0.579478 0.656403 0.241313 0.219084 30.6954 15
 237.000000 -0.346113 1.55604 -0.637306 -0.303187 0.241313 0.219084 30.6954 15
 237.500000 -0.271833 1.73398 -0.767843 -2.29799 0.230669 0.218784 30.7505 15
 238.000000 -0.402918 1.64487 -0.648088 -0.468298 0.230669 0.218784 30.7505 15
 238.500000 -0.286839 1.68742 -0.736863 -1.66693 0.230669 0.218784 30.7505 15
 239.000000 -0.81052 1.12543 -0.100206 -2.26786 0.230669 0.218784 30.7505 15
 239.500000 -1.01318 0.896698 0.183717 -9.27635 0.230669 0.218784 30.7505 15
 240.000000 -1.11803 0.949179 0.220351 -9.55348 0.219241 0.218784 30.7505 15
 240.500000 -1.01519 0.877719 0.197602 -9.33833 0.219241 0.218784 30.7505 15
 241.000000 -0.896002 1.21997 -0.102577 -2.23117 0.219241 0.218784 30.7505 15
 241.500000 -0.489941 1.45913 -0.499782 1.59435 0.219241 0.218784 30.7505 15
 242.000000 -0.554124 1.43807 -0.448789 1.75286 0.219241 0.218784 30.7505 15
 242.500000 -0.871404 1.22669 -0.122856 -1.88453 0.209327 0.21894 30.8333 15
 243.000000 -0.729672 1.29005 -0.253365 0.136601 0.209327 0.21894 30.8333 15
 243.500000 -0.521622 1.46665 -0.484353 1.67946 0.209327 0.21894 30.8333 15
 244.000000 -0.34578 1.68463 -0.701148 -1.17519 0.209327 0.21894 30.8333 15
 244.500000 -0.639006 1.24015 -0.28264 0.451234 0.209327 0.21894 30.8333 15
 245.000000 -0.626916 1.38585 -0.374317 1.38324 0.233853 0.222202 31.8215 15
 245.500000 -0.756579 1.2486 -0.211167 -0.415591 0.233853 0.222202 31.8215 15
 246.000000 -0.684632 1.33256 -0.307211 0.747217 0.233853 0.222202 31.8215 15
 246.500000 -0.790653 1.28085 -0.208499 -0.451755 0.233853 0.222202 31.8215 15
 247.000000 -0.494321 1.42901 -0.480904 1.65604 0.233853 0.222202 31.8215 15
 247.500000 -0.321608 1.63569 -0.691363 -1.09912 0.225729 0.221944 31.998 15
 248.000000 -0.732177 1.26786 -0.238546 -0.0688276 0.225729 0.221944 31.998 15
 248.500000 -0.71475 1.30306 -0.27066 0.314939 0.225729 0.221944 31.998 15
 249.000000 -0.710432 1.26093 -0.248514 0.0514324 0.225729 0.221944 31.998 15
 249.500000 -0.831884 1.21434 -0.141114 -1.53093 0.225729 0.221944 31.998 15
 250.000000 -0.684498 1.25121 -0.25958 0.183363 0.225278 0.222099 32.5562 15
 250.500000 -0.347197 1.59668 -0.65696 -0.609506 0.225278 0.222099 32.5562 15
 251.000000 -0.872913 1.05625 -0.0148858 -3.3035 0.225278 0.222099 32.5562 15
 251.500000 -0.768522 1.18276 -0.163404 -1.0891 0.225278 0.222099 32.5562 15
 252.000000 -0.880567 1.23642 -0.122892 -1.82747 0.225278 0.222099 32.5562 15
 252.500000 -0.742355 1.24071 -0.215678 -0.268346 0.22108 0.228311 32.9395 14
 253.000000 -0.62442 1.30676 -0.330759 0.985032 0.22108 0.228311 32.9395 14
 253.500000 -0.381736 1.6508 -0.663473 -0.724794 0.22108 0.228311 32.9395 14
 254.000000 -0.573348 1.36518 -0.396404 1.52119 0.22108 0.228311 32.9395 14
 254.500000 -0.889484 1.10247 -0.0330917 -3.03035 0.22108 0.228311 32.9395 14
 255.000000 -0.614548 1.36224 -0.368734 1.32908 0.242428 0.229422 33.9356 14
 255.500000 -0.31756 1.64809 -0.699815 -1.18786 0.242428 0.229422 33.9356 14
 256.000000 -0.39689 1.57584 -0.616896 -0.081268 0.242428 0.229422 33.9356 14
 256.500000 -0.470105 1.55883 -0.564379 0.760908 0.242428 0.229422 33.9356 14
 257.000000 -0.44052 1.53603 -0.570339 0.67226 0.242428 0.229422 33.9356 14
 257.500000 -0.4991 1.47737 -0.503911 1.44421 0.266618 0.230437 34.9006 14
 258.000000 -0.508954 1.43127 -0.473059 1.64018 0.266618 0.230437 34.9006 14
 258.500000 -0.230816 1.80783 -0.82615 -3.6552 0.266618 0.230437 34.9006 14
 259.000000 -0.424129 1.50221 -0.562722 0.834677 0.266618 0.230437 34.9006 14
 259.500000 -0.438629 1.57297 -0.590513 0.397728 0.266618 0.230437 34.9006 14
 260.000000 -0.437806 1.5432 -0.575678 0.638548 0.2713 0.22783 35.6802 14
 260.500000 -0.632568 1.47154 -0.41887 1.61654 0.2713 0.22783 35.6802 14
 261.000000 -0.704886 1.26436 -0.25414 0.164523 0.2713 0.22783 35.6802 14
 261.500000 -0.602188 1.46401 -0.433384 1.65557 0.2713 0.22783 35.6802 14
 262.000000 -0.393288 1.65062 -0.65661 -0.590931 0.2713 0.22783 35.6802 14
 262.500000 -0.581003 1.29416 -0.351376 1.18453 0.286568 0.22682 36.6738 14
 263.000000 -0.35772 1.52432 -0.614319 0.0719435 0.286568 0.22682 36.6738 14
 263.500000 -0.538551 1.48088 -0.481652 1.5922 0.286568 0.22682 36.6738 14
 264.000000 -0.807234 1.0903 -0.0804852 -2.48935 0.286568 0.22682 36.6738 14
 264.500000 -1.0952 0.85475 0.267535 -9.70156 0.286568 0.22682 36.6738 14
 265.000000 -0.955321 0.902702 0.140211 -8.30849 0.276313 0.2117 36.6739 15
 265.500000 -0.952552 0.936192 0.11644 -7.20104 0.276313 0.2117 36.6739 15
 266.000000 -0.791812 1.26866 -0.20039 -0.409127 0.276313 0.2117 36.6739 15
 266.500000 -0.62036 1.4782 -0.430061 1.70671 0.276313 0.2117 36.6739 15
 267.000000 -0.421025 1.57153 -0.600289 0.367771 0.276313 0.2117 36.6739 15
 267.500000 -0.327366 1.6312 -0.685768 -0.955191 0.269134 0.21152 36.8792 15
 268.000000 -0.450204 1.50292 -0.547242 1.12609 0.269134 0.21152 36.8792 15
 268.500000 -0.263543 1.68618 -0.749874 -1.77424 0.269134 0.21152 36.8792 15
 269.000000 -0.616896 1.38057 -0.377629 1.48759 0.269134 0.21152 36.8792 15
 269.500000 -0.443231 1.52889 -0.564999 0.899271 0.269134 0.21152 36.8792 15
 270.000000 -0.385653 1.5922 -0.631854 -0.132548 0.265821 0.212502 37.3137 15
 270.500000 -0.456321 1.54574 -0.565859 0.890124 0.265821 0.212502 37.3137 15
 271.000000 -0.431532 1.63221 -0.624906 0.0394762 0.265821 0.212502 37.3137 15
 271.500000 -0.380978 1.60606 -0.641593 -0.194486 0.265821 0.212502 37.3137 15
 272.000000 -0.743562 1.26052 -0.226779 -0.0831715 0.265821 0.212502 37.3137 15
 272.500000 -0.764063 1.28434 -0.227778 -0.0713065 0.262983 0.211643 37.7735 15
 273.000000 -0.714383 1.35318 -0.300297 0.776263 0.262983 0.211643 37.7735 15
 273.500000 -0.740675 1.33644 -0.273747 0.488819 0.262983 0.211643 37.7735 15
 274.000000 -0.293006 1.70016 -0.739397 -1.55456 0.262983 0.211643 37.7735 15
 274.500000 -0.387765 1.69775 -0.683193 -0.728749 0.262983 0.211643 37.7735 15
 275.000000 -0.509175 1.58685 -0.55565 1.01813 0.273981 0.213017 38.73 15
 275.500000 -0.388791 1.5253 -0.596036 0.531301 0.273981 0.213017 38.73 15
 276.000000 -0.546741 1.40372 -0.434514 1.6746 0.273981 0.213017 38.73 15
 276.500000 -0.820266 1.20642 -0.143867 -1.30266 0.273981 0.213017 38.73 15
 277.000000 -0.588033 1.43794 -0.427719 1.6622 0.273981 0.213017 38.73 15
 277.500000 -0.419563 1.59283 -0.612017 0.290609 0.274144 0.21541 39.3511 15
 278.000000 -0.523518 1.41853 -0.457097 1.66338 0.274144 0.21541 39.3511 15
 278.500000 -0.598563 1.48226 -0.445661 1.66565 0.274144 0.21541 39.3511 15
 279.000000 -0.885656 1.01979 0.0169627 -4.05003 0.274144 0.21541 39.3511 15
 279.500000 -1.27834 0.812911 0.420362 -11.3588 0.274144 0.21541 39.3511 15
 280.000000 -1.50052 0.607223 0.71142 -15.3562 0.264482 0.201947 39.3511 16
 280.500000 -1.21797 0.773136 0.406109 -11.1183 0.264482 0.201947 39.3511 16
 281.000000 -1.14076 0.947779 0.236672 -9.47194 0.264482 0.201947 39.3511 16
 281.500000 -0.922676 0.914488 0.110172 -6.95344 0.264482 0.201947 39.3511 16
 282.000000 -1.21516 0.93302 0.296822 -9.82373 0.264482 0.201947 39.3511 16
 282.500000 -1.25073 0.954036 0.306783 -9.91308 0.254913 0.201947 39.3511 16
 283.000000 -1.04451 0.817713 0.257473 -9.47791 0.254913 0.201947 39.3511 16
 283.500000 -1.01044 0.964655 0.137231 -8.01519 0.254913 0.201947 39.3511 16
 284.000000 -0.979822 1.0747 0.0451186 -4.71218 0.254913 0.201947 39.3511 16
 284.500000 -1.2115 0.692758 0.456048 -11.7162 0.254913 0.201947 39.3511 16
 285.000000 -1.20736 0.407167 0.648228 -14.6807 0.245434 0.201947 39.3511 16
 285.500000 -1.03787 1.04187 0.105354 -6.76486 0.245434 0.201947 39.3511 16
 286.000000 -0.996606 0.849882 0.203253 -9.33466 0.245434 0.201947 39.3511 16
 286.500000 -1.20682 0.758388 0.408452 -11.0408 0.245434 0.201947 39.3511 16
 287.000000 -1.40555 0.498333 0.72169 -15.088 0.245434 0.201947 39.3511 16
 287.500000 -1.00454 0.941673 0.148271 -8.40804 0.236046 0.201947 39.3512 16
 288.000000 -0.963089 0.847032 0.182102 -8.95374 0.236046 0.201947 39.3512 16
 288.500000 -0.782404 1.18475 -0.155471 -1.04119 0.236046 0.201947 39.3512 16
 289.000000 -0.833692 1.0728 -0.0517418 -2.78926 0.236046 0.201947 39.3512 16
 289.500000 -1.00904 0.922341 0.164017 -8.66649 0.236046 0.201947 39.3512 16
 290.000000 -0.952273 0.99761 0.0763403 -5.6917 0.226768 0.190095 39.3532 17
 290.500000 -1.20112 0.733517 0.421353 -11.1696 0.226768 0.190095 39.3532 17
 291.000000 -1.0507 0.983529 0.152143 -7.83139 0.226768 0.190095 39.3532 17
 291.500000 -1.01519 0.961514 0.142511 -7.56003 0.226768 0.190095 39.3532 17
 292.000000 -1.27067 0.560567 0.586666 -13.9766 0.226768 0.190095 39.3532 17
 292.500000 -1.25784 0.636251 0.526209 -12.8403 0.217552 0.179534 39.3532 18
 293.000000 -1.1624 1.00121 0.215857 -9.01724 0.217552 0.179534 39.3532 18
 293.500000 -1.18543 0.776798 0.381415 -10.5384 0.217552 0.179534 39.3532 18
 294.000000 -0.985583 0.796587 0.230949 -9.15102 0.217552 0.179534 39.3532 18
 294.500000 -1.18484 0.822019 0.350599 -10.1173 0.217552 0.179534 39.3532 18
 295.000000 -1.12821 0.794618 0.330292 -9.87728 0.20842 0.179534 39.3532 18
 295.500000 -1.00248 0.895636 0.177103 -8.39902 0.20842 0.179534 39.3532 18
 296.000000 -1.41579 0.524724 0.710522 -14.8904 0.20842 0.179534 39.3532 18
 296.500000 -1.3108 0.444288 0.694022 -14.7183 0.20842 0.179534 39.3532 18
 297.000000 -1.25657 0.738656 0.455773 -11.4777 0.20842 0.179534 39.3532 18
 297.500000 -1.24417 0.644865 0.510973 -12.34 0.19937 0.179534 39.3532 18
 298.000000 -1.02816 0.951679 0.157765 -7.93013 0.19937 0.179534 39.3532 18
 298.500000 -0.98941 0.992239 0.104974 -6.36358 0.19937 0.179534 39.3532 18
 299.000000 -0.692589 1.34657 -0.310291 1.00959 0.19937 0.179534 39.3532 18
 299.500000 -0.715609 1.27462 -0.253287 0.400294 0.19937 0.179534 39.3532 18
 300.000000 -0.504511 1.44224 -0.481732 1.78096 0.233277 0.179373 39.8822 18
 300.500000 -0.520989 1.5849 -0.547599 1.34368 0.233277 0.179373 39.8822 18
 301.000000 -0.638188 1.33167 -0.336288 1.22933 0.233277 0.179373 39.8822 18
 301.500000 -0.44379 1.4533 -0.525074 1.55993 0.233277 0.179373 39.8822 18
 302.000000 -0.521354 1.55434 -0.531292 1.50531 0.233277 0.179373 39.8822 18
 302.500000 -0.546945 1.37274 -0.417255 1.79434 0.266042 0.18065 40.4449 18
 303.000000 -0.875225 1.19961 -0.103535 -1.99912 0.266042 0.18065 40.4449 18
 303.500000 -0.770076 1.12366 -0.126069 -1.58288 0.266042 0.18065 40.4449 18
 304.000000 -0.454343 1.62652 -0.608582 0.494744 0.266042 0.18065 40.4449 18
 304.500000 -0.409539 1.63331 -0.638401 0.0670415 0.266042 0.18065 40.4449 18
 305.000000 -0.395459 1.51017 -0.584241 0.840693 0.272831 0.179021 41.3104 18
 305.500000 -0.319387 1.64952 -0.699438 -0.760209 0.272831 0.179021 41.3104 18
 306.000000 -0.355649 1.55522 -0.63117 0.263874 0.272831 0.179021 41.3104 18
 306.500000 -0.403296 1.60141 -0.626021 0.33843 0.272831 0.179021 41.3104 18
 307.000000 -0.406076 1.49032 -0.567545 1.11778 0.272831 0.179021 41.3104 18
 307.500000 -0.70815 1.30278 -0.274734 0.541334 0.275506 0.179367 42.0319 18
 308.000000 -0.556372 1.49409 -0.477898 1.82743 0.275506 0.179367 42.0319 18
 308.500000 -0.410156 1.5508 -0.596205 0.743253 0.275506 0.179367 42.0319 18
 309.000000 -0.491326 1.7523 -0.650793 -0.0354396 0.275506 0.179367 42.0319 18
 309.500000 -0.751253 1.35364 -0.277146 0.630804 0.275506 0.179367 42.0319 18
 310.000000 -0.562318 1.41564 -0.431372 1.85304 0.308098 0.179537 42.4961 18
 310.500000 -0.446804 1.50401 -0.549879 1.2738 0.308098 0.179537 42.4961 18
 311.000000 -0.53606 1.46755 -0.475976 1.85446 0.308098 0.179537 42.4961 18
 311.500000 -0.572922 1.34246 -0.383912 1.65694 0.308098 0.179537 42.4961 18
 312.000000 -0.515617 1.43198 -0.469312 1.87561 0.308098 0.179537 42.4961 18
 312.500000 -0.305082 1.66023 -0.713054 -1.04587 0.301738 0.180616 42.6754 18
 313.000000 -0.281191 1.62604 -0.710521 -0.927964 0.301738 0.180616 42.6754 18
 313.500000 -0.414844 1.61855 -0.62784 0.238999 0.301738 0.180616 42.6754 18
 314.000000 -0.548145 1.52329 -0.498624 1.73206 0.301738 0.180616 42.6754 18
 314.500000 -0.691871 1.35692 -0.31675 1.01605 0.301738 0.180616 42.6754 18
 315.000000 -0.730754 1.30196 -0.259726 0.413838 0.302742 0.180393 43.3233 18
 315.500000 -0.348079 1.68054 -0.69781 -0.746683 0.302742 0.180393 43.3233 18
 316.000000 -0.682992 1.51925 -0.414615 1.81603 0.302742 0.180393 43.3233 18
 316.500000 -0.48435 1.47999 -0.514332 1.60863 0.302742 0.180393 43.3233 18
 317.000000 -0.63084 1.38595 -0.371909 1.55167 0.302742 0.180393 43.3233 18
 317.500000 -0.493742 1.51681 -0.528121 1.48584 0.321593 0.185462 44.2879 18
 318.000000 -0.565535 1.43325 -0.439076 1.84139 0.321593 0.185462 44.2879 18
 318.500000 -0.37121 1.61912 -0.653902 -0.168076 0.321593 0.185462 44.2879 18
 319.000000 -0.376981 1.65816 -0.669906 -0.401153 0.321593 0.185462 44.2879 18
 319.500000 -0.517278 1.56143 -0.537479 1.42625 0.321593 0.185462 44.2879 18
 320.000000 -0.459676 1.51796 -0.549364 1.30564 0.335457 0.185745 45.2878 18
 320.500000 -1.07866 0.942155 0.198312 -9.02244 0.335457 0.185745 45.2878 18
 321.000000 -0.808099 1.18143 -0.13649 -1.51833 0.335457 0.185745 45.2878 18
 321.500000 -0.859233 1.12972 -0.0704435 -2.71383 0.335457 0.185745 45.2878 18
 322.000000 -0.737999 1.16883 -0.175064 -0.70539 0.335457 0.185745 45.2878 18
 322.500000 -0.678825 1.31767 -0.302249 0.809075 0.340451 0.187266 46.131 18
 323.000000 -0.429428 1.60305 -0.611356 0.513014 0.340451 0.187266 46.131 18
 323.500000 -0.787419 1.26851 -0.203147 -0.199074 0.340451 0.187266 46.131 18
 324.000000 -0.936597 1.16101 -0.0388013 -3.15109 0.340451 0.187266 46.131 18
 324.500000 -0.760862 1.31212 -0.246426 0.353641 0.340451 0.187266 46.131 18
 325.000000 -0.675716 1.35939 -0.328416 1.10369 0.349794 0.186057 47.0966 18
 325.500000 -0.846992 1.14585 -0.0886784 -2.51621 0.349794 0.186057 47.0966 18
 326.000000 -0.754103 1.30011 -0.243614 0.353565 0.349794 0.186057 47.0966 18
 326.500000 -0.824396 1.16792 -0.117378 -1.99628 0.349794 0.186057 47.0966 18
 327.000000 -0.802088 1.08718 -0.0819863 -2.61325 0.349794 0.186057 47.0966 18
 327.500000 -1.12851 0.868652 0.280991 -9.62133 0.341631 0.186057 47.0966 18
 328.000000 -1.05318 0.887592 0.21704 -9.23697 0.341631 0.186057 47.0966 18
 328.500000 -1.10231 0.835099 0.285489 -9.51486 0.341631 0.186057 47.0966 18
 329.000000 -1.07602 0.943854 0.195397 -8.99022 0.341631 0.186057 47.0966 18
 329.500000 -0.952179 0.961214 0.099893 -6.46747 0.341631 0.186057 47.0966 18
 330.000000 -1.11988 0.964623 0.211385 -9.187 0.333534 0.186057 47.0966 18
 330.500000 -1.02098 0.962328 0.145903 -7.85344 0.333534 0.186057 47.0966 18
 331.000000 -0.954342 1.12858 -0.00642499 -3.66658 0.333534 0.186057 47.0966 18
 331.500000 -0.971612 1.01778 0.0763563 -5.73626 0.333534 0.186057 47.0966 18
 332.000000 -1.06872 0.920689 0.205736 -9.0134 0.333534 0.186057 47.0966 18
 332.500000 -1.03039 0.901362 0.192387 -8.85409 0.325503 0.186057 47.0967 18
 333.000000 -1.01281 0.964486 0.138947 -7.63778 0.325503 0.186057 47.0967 18
 333.500000 -0.908498 1.02885 0.0265997 -4.36215 0.325503 0.186057 47.0967 18
 334.000000 -0.704555 1.14272 -0.181351 -0.584315 0.325503 0.186057 47.0967 18
 334.500000 -0.800367 1.21441 -0.161821 -0.992225 0.325503 0.186057 47.0967 18
 335.000000 -1.00238 1.07276 0.0614887 -5.29281 0.317564 0.186064 47.0994 18
 335.500000 -1.0054 0.894844 0.179623 -8.41183 0.317564 0.186064 47.0994 18
 336.000000 -1.08121 0.881952 0.239897 -9.11522 0.317564 0.186064 47.0994 18
 336.500000 -1.05496 0.733834 0.320678 -9.72311 0.317564 0.186064 47.0994 18
 337.000000 -1.23351 0.575944 0.55063 -13.008 0.317564 0.186064 47.0994 18
 337.500000 -1.22144 0.805447 0.386693 -10.6233 0.309659 0.186064 47.0995 18
 338.000000 -0.999653 0.91255 0.16405 -8.04482 0.309659 0.186064 47.0995 18
 338.500000 -1.10622 0.754795 0.341919 -9.91538 0.309659 0.186064 47.0995 18
 339.000000 -1.39378 0.423778 0.765029 -15.6046 0.309659 0.186064 47.0995 18
 339.500000 -1.1836 0.642948 0.470674 -11.749 0.309659 0.186064 47.0995 18
 340.000000 -1.3532 0.447493 0.720901 -15.1726 0.301816 0.186064 47.0995 18
 340.500000 -1.24915 0.470169 0.633811 -14.4203 0.301816 0.186064 47.0995 18
 341.000000 -1.25492 0.530367 0.596515 -13.9632 0.301816 0.186064 47.0995 18
 341.500000 -1.33976 0.526126 0.657628 -14.5797 0.301816 0.186064 47.0995 18
 342.000000 -1.368 0.602175 0.624794 -14.3384 0.301816 0.186064 47.0995 18
 342.500000 -1.01302 0.892489 0.186381 -8.54503 0.294035 0.186064 47.0996 18
 343.000000 -1.24175 0.713587 0.462638 -11.6225 0.294035 0.186064 47.0996 18
 343.500000 -1.1229 0.637866 0.432268 -11.1569 0.294035 0.186064 47.0996 18
 344.000000 -1.11975 0.946235 0.223467 -8.85023 0.294035 0.186064 47.0996 18
 344.500000 -0.884836 0.714685 0.21532 -8.77722 0.294035 0.186064 47.0996 18
 345.000000 -0.972354 0.740787 0.258887 -9.14513 0.286313 0.186064 47.0996 18
 345.500000 -1.1598 0.737139 0.390593 -10.5479 0.286313 0.186064 47.0996 18
 346.000000 -1.38817 0.613937 0.630484 -14.392 0.286313 0.186064 47.0996 18
 346.500000 -1.3571 0.604171 0.615989 -14.2416 0.286313 0.186064 47.0996 18
 347.000000 -1.32195 0.824841 0.441895 -11.3463 0.286313 0.186064 47.0996 18
 347.500000 -1.32117 0.69276 0.53101 -12.7633 0.27865 0.186064 47.0996 18
 348.000000 -1.28182 0.655978 0.529191 -12.582 0.27865 0.186064 47.0996 18
 348.500000 -1.24421 0.603629 0.53909 -12.7326 0.27865 0.186064 47.0996 18
 349.000000 -1.11645 0.817952 0.30662 -9.41377 0.27865 0.186064 47.0996 18
 349.500000 -0.845647 1.12211 -0.0747207 -2.71079 0.27865 0.186064 47.0996 18
 350.000000 -0.912779 1.16997 -0.060218 -2.89141 0.271366 0.186015 47.1294 18
 350.500000 -1.1853 1.01119 0.224646 -8.78598 0.271366 0.186015 47.1294 18
 351.000000 -0.877468 1.06398 -0.016734 -3.37479 0.271366 0.186015 47.1294 18
 351.500000 -0.665861 1.51578 -0.423103 1.75899 0.271366 0.186015 47.1294 18
 352.000000 -0.663416 1.37032 -0.34248 1.27945 0.271366 0.186015 47.1294 18
 352.500000 -0.572465 1.46402 -0.451677 1.80577 0.298356 0.185499 47.734 18
 353.000000 -0.353295 1.64076 -0.6752 -0.556338 0.298356 0.185499 47.734 18
 353.500000 -0.458093 1.48641 -0.533773 1.45934 0.298356 0.185499 47.734 18
 354.000000 -0.94176 1.12413 -0.0119653 -3.4825 0.298356 0.185499 47.734 18
 354.500000 -0.934195 0.871819 0.14595 -7.5216 0.298356 0.185499 47.734 18
 355.000000 -1.03245 0.752151 0.292878 -9.31526 0.290866 0.185499 47.7341 18
 355.500000 -1.23679 0.450886 0.638527 -14.3941 0.290866 0.185499 47.7341 18
 356.000000 -1.03336 0.601798 0.394572 -10.573 0.290866 0.185499 47.7341 18
 356.500000 -1.35844 0.761311 0.50973 -12.3334 0.290866 0.185499 47.7341 18
 357.000000 -1.17903 0.530639 0.544001 -12.8397 0.290866 0.185499 47.7341 18
 357.500000 -1.02691 0.886731 0.199666 -8.59095 0.283432 0.185499 47.7342 18
 358.000000 -1.06849 0.922277 0.204535 -8.52053 0.283432 0.185499 47.7342 18
 358.500000 -0.90706 1.04943 0.0124511 -3.94112 0.283432 0.185499 47.7342 18
 359.000000 -0.795719 1.15873 -0.130676 -1.72056 0.283432 0.185499 47.7342 18
 359.500000 -0.831732 1.20482 -0.135351 -1.61642 0.283432 0.185499 47.7342 18
 360.000000 -1.2341 0.69084 0.47283 -11.8166 0.276052 0.185499 47.7342 18
 360.500000 -1.17817 0.865595 0.316834 -9.40017 0.276052 0.185499 47.7342 18
 361.000000 -1.07947 0.75348 0.324402 -9.4877 0.276052 0.185499 47.7342 18
 361.500000 -1.10372 0.629655 0.424567 -11.0383 0.276052 0.185499 47.7342 18
 362.000000 -1.39179 0.678186 0.589018 -13.5413 0.276052 0.185499 47.7342 18
 362.500000 -1.13104 0.997003 0.197511 -8.45756 0.268727 0.185499 47.7343 18
 363.000000 -1.1379 0.888554 0.274114 -8.94337 0.268727 0.185499 47.7343 18
 363.500000 -0.818984 1.19528 -0.137851 -1.56009 0.268727 0.185499 47.7343 18
 364.000000 -0.553774 1.39423 -0.424876 1.7901 0.268727 0.185499 47.7343 18
 364.500000 -0.763265 1.25771 -0.212307 -0.0832644 0.268727 0.185499 47.7343 18
 365.000000 -0.867013 0.97621 0.0322455 -4.38339 0.261524 0.185527 47.7409 18
 365.500000 -1.07578 0.9771 0.173325 -7.9938 0.261524 0.185527 47.7409 18
 366.000000 -1.05615 1.03015 0.125294 -6.6984 0.261524 0.185527 47.7409 18
 366.500000 -1.05502 0.776537 0.292149 -9.11798 0.261524 0.185527 47.7409 18
 367.000000 -0.686276 1.35754 -0.320658 1.06759 0.261524 0.185527 47.7409 18
 367.500000 -0.859445 1.10988 -0.0578379 -2.85879 0.254624 0.185489 47.771 18
 368.000000 -1.10914 0.921753 0.232497 -8.59859 0.254624 0.185489 47.771 18
 368.500000 -1.05496 0.963962 0.167873 -7.87351 0.254624 0.185489 47.771 18
 369.000000 -1.25108 0.854341 0.373919 -10.2118 0.254624 0.185489 47.771 18
 369.500000 -0.853945 1.288 -0.171924 -0.803886 0.254624 0.185489 47.771 18
 370.000000 -0.723236 1.10941 -0.148566 -1.31192 0.248956 0.185672 47.9087 18
 370.500000 -0.453906 1.48842 -0.537384 1.42356 0.248956 0.185672 47.9087 18
 371.000000 -0.170975 1.79758 -0.855741 -4.86037 0.248956 0.185672 47.9087 18
 371.500000 -0.399555 1.59281 -0.623897 0.256704 0.248956 0.185672 47.9087 18
 372.000000 -0.423128 1.5856 -0.606214 0.543871 0.248956 0.185672 47.9087 18
 372.500000 -0.546164 1.44182 -0.455766 1.83317 0.276071 0.185138 48.4978 18
 373.000000 -0.344633 1.65539 -0.687492 -0.774161 0.276071 0.185138 48.4978 18
 373.500000 -0.190974 1.73464 -0.815038 -3.44946 0.276071 0.185138 48.4978 18
 374.000000 -0.655879 1.38816 -0.357426 1.37025 0.276071 0.185138 48.4978 18
 374.500000 -0.573071 1.43177 -0.433584 1.83714 0.276071 0.185138 48.4978 18
 375.000000 -0.724217 1.17991 -0.190894 -0.444811 0.272447 0.181502 48.8033 19
 375.500000 -0.620931 1.27873 -0.316819 1.01587 0.272447 0.181502 48.8033 19
 376.000000 -0.625244 1.37186 -0.36744 1.4699 0.272447 0.181502 48.8033 19
 376.500000 -0.446069 1.62868 -0.61456 0.389343 0.272447 0.181502 48.8033 19
 377.000000 -0.628754 1.4255 -0.395509 1.67721 0.272447 0.181502 48.8033 19
 377.500000 -0.335831 1.57193 -0.651409 -0.216647 0.269738 0.181473 49.1792 19
 378.000000 -0.653058 1.26996 -0.290981 0.770734 0.269738 0.181473 49.1792 19
 378.500000 -0.323962 1.6585 -0.70114 -0.871857 0.269738 0.181473 49.1792 19
 379.000000 -0.50879 1.53466 -0.528458 1.51935 0.269738 0.181473 49.1792 19
 379.500000 -0.711041 1.23716 -0.233959 0.212265 0.269738 0.181473 49.1792 19
 380.000000 -0.713028 1.32265 -0.28329 0.699346 0.273458 0.182092 49.9554 19
 380.500000 -0.900243 1.19648 -0.0851266 -2.29736 0.273458 0.182092 49.9554 19
 381.000000 -0.879317 1.21498 -0.11041 -1.91307 0.273458 0.182092 49.9554 19
 381.500000 -1.00537 1.10374 0.043498 -4.57147 0.273458 0.182092 49.9554 19
 382.000000 -0.994418 1.04606 0.0734169 -5.33161 0.273458 0.182092 49.9554 19
 382.500000 -0.994465 0.910027 0.162166 -7.82113 0.26654 0.192204 49.9556 18
 383.000000 -1.26797 0.57656 0.573881 -13.3036 0.26654 0.192204 49.9556 18
 383.500000 -1.53264 0.375387 0.893119 -15.7911 0.26654 0.192204 49.9556 18
 384.000000 -1.49221 0.550977 0.744445 -15.2779 0.26654 0.192204 49.9556 18
 384.500000 -1.09138 0.633129 0.413671 -10.9565 0.26654 0.192204 49.9556 18
 385.000000 -1.25422 0.900623 0.344941 -9.83153 0.259667 0.192204 49.9557 18
 385.500000 -1.03022 0.844273 0.230025 -8.50937 0.259667 0.192204 49.9557 18
 386.000000 -1.12308 0.859707 0.283259 -9.04459 0.259667 0.192204 49.9557 18
 386.500000 -1.04194 0.942496 0.173159 -7.91254 0.259667 0.192204 49.9557 18
 387.000000 -1.03419 0.792862 0.26692 -8.87975 0.259667 0.192204 49.9557 18
 387.500000 -1.29028 0.685091 0.515157 -12.3441 0.252841 0.192204 49.9557 18
 388.000000 -1.06379 0.500653 0.484433 -11.8003 0.252841 0.192204 49.9557 18
 388.500000 -1.09648 0.95524 0.201752 -8.24868 0.252841 0.192204 49.9557 18
 389.000000 -1.11453 0.810743 0.310122 -9.3133 0.252841 0.192204 49.9557 18
 389.500000 -1.06482 0.915869 0.206268 -8.29058 0.252841 0.192204 49.9557 18
 390.000000 -1.1498 0.760436 0.368044 -10.0128 0.246062 0.192204 49.9557 18
 390.500000 -0.911682 0.973096 0.0646477 -5.15308 0.246062 0.192204 49.9557 18
 391.000000 -1.07417 0.908432 0.21755 -8.39319 0.246062 0.192204 49.9557 18
 391.500000 -1.09353 0.79757 0.304547 -9.232 0.246062 0.192204 49.9557 18
 392.000000 -0.923166 1.16812 -0.0521832 -2.77565 0.246062 0.192204 49.9557 18
 392.500000 -0.891731 1.16733 -0.0724781 -2.51327 0.239756 0.192139 49.9978 18
 393.000000 -1.0226 1.04601 0.0923958 -5.84346 0.239756 0.192139 49.9978 18
 393.500000 -1.2064 0.607125 0.51072 -12.1679 0.239756 0.192139 49.9978 18
 394.000000 -1.31715 0.514146 0.650364 -14.531 0.239756 0.192139 49.9978 18
 394.500000 -1.48959 0.45553 0.808443 -15.7699 0.239756 0.192139 49.9978 18
 395.000000 -0.800434 0.371379 0.386243 -10.1393 0.233067 0.192139 49.9978 18
 395.500000 -0.312794 0.441656 -0.0167 -3.22462 0.233067 0.192139 49.9978 18
 396.000000 -0.0434845 0.587883 -0.307225 0.902247 0.233067 0.192139 49.9978 18
 396.500000 -0.138508 0.411253 -0.126162 -1.65007 0.233067 0.192139 49.9978 18
 397.000000 -0.0179396 0.520178 -0.284207 0.706773 0.233067 0.192139 49.9978 18
 397.500000 -0.0775795 0.478969 -0.214611 -0.0229802 0.23157 0.195295 50.446 17
 398.000000 -0.047262 0.534374 -0.271559 0.617123 0.23157 0.195295 50.446 17
 398.500000 -0.314379 0.425294 -0.00479208 -3.46108 0.23157 0.195295 50.446 17
 399.000000 -0.518851 0.445279 0.132469 -7.00798 0.23157 0.195295 50.446 17
 399.500000 -0.303809 0.387487 0.0122877 -3.81837 0.23157 0.195295 50.446 17
 400.000000 0.100943 0.502178 -0.359935 1.33029 0.244644 0.195379 51.446 17
 400.500000 -0.0493072 0.484689 -0.239042 0.320855 0.244644 0.195379 51.446 17
 401.000000 -0.282893 0.490859 -0.0708034 -2.45058 0.244644 0.195379 51.446 17
 401.500000 0.0777641 0.574433 -0.386816 1.5536 0.244644 0.195379 51.446 17
 402.000000 -0.126374 0.533665 -0.213193 0.0194437 0.244644 0.195379 51.446 17
 402.500000 -0.234324 0.434756 -0.0702833 -2.45742 0.238528 0.195306 51.4906 17
 403.000000 0.101172 0.475236 -0.343601 1.23718 0.238528 0.195306 51.4906 17
 403.500000 -0.432755 0.501205 0.0325215 -4.21844 0.238528 0.195306 51.4906 17
 404.000000 -0.835467 0.577617 0.271936 -8.96208 0.238528 0.195306 51.4906 17
 404.500000 -0.472443 0.582757 0.00822484 -3.65253 0.238528 0.195306 51.4906 17
 405.000000 0.0828917 0.418292 -0.294807 0.819776 0.243633 0.196341 52.3307 17
 405.500000 -0.0133351 0.493988 -0.271306 0.675858 0.243633 0.196341 52.3307 17
 406.000000 -0.140626 0.347862 -0.0832626 -2.26555 0.243633 0.196341 52.3307 17
 406.500000 0.0826181 0.623459 -0.419432 1.70253 0.243633 0.196341 52.3307 17
 407.000000 -0.0465325 0.382242 -0.175876 -0.577324 0.243633 0.196341 52.3307 17
 407.500000 0.0716132 0.443616 -0.302334 0.924283 0.249905 0.197749 53.2213 17
 408.000000 -0.0632002 0.477615 -0.224355 0.241406 0.249905 0.197749 53.2213 17
 408.500000 0.0291723 0.442314 -0.27025 0.722679 0.249905 0.197749 53.2213 17
 409.000000 -0.0805068 0.476027 -0.210591 0.0427811 0.249905 0.197749 53.2213 17
 409.500000 -0.258059 0.499403 -0.0946071 -2.16805 0.249905 0.197749 53.2213 17
 410.000000 -0.38102 0.448695 0.0290299 -4.16828 0.243552 0.197765 53.2295 17
 410.500000 -0.664764 0.477225 0.21714 -8.47227 0.243552 0.197765 53.2295 17
 411.000000 -0.729222 0.502111 0.246837 -8.75012 0.243552 0.197765 53.2295 17
 411.500000 -0.709795 0.49345 0.238698 -8.6708 0.243552 0.197765 53.2295 17
 412.000000 -0.169464 0.440263 -0.121934 -1.73682 0.243552 0.197765 53.2295 17
 412.500000 -0.198373 0.530263 -0.158226 -0.969986 0.239065 0.198067 53.4213 17
 413.000000 0.199702 0.560013 -0.465865 1.7267 0.239065 0.198067 53.4213 17
 413.500000 0.0380377 0.475869 -0.297739 0.930907 0.239065 0.198067 53.4213 17
 414.000000 -0.314728 0.463122 -0.0293086 -2.94203 0.239065 0.198067 53.4213 17
 414.500000 0.0889812 0.513003 -0.357828 1.34985 0.239065 0.198067 53.4213 17
 415.000000 0.0513016 0.445824 -0.288761 0.865068 0.244557 0.198593 54.2877 17
 415.500000 -0.0544823 0.478709 -0.231469 0.381562 0.244557 0.198593 54.2877 17
 416.000000 -0.144374 0.489783 -0.172223 -0.627253 0.244557 0.198593 54.2877 17
 416.500000 -0.183127 0.353417 -0.0551454 -2.54896 0.244557 0.198593 54.2877 17
 417.000000 -0.35703 0.448124 0.0117208 -3.79733 0.244557 0.198593 54.2877 17
 417.500000 -0.223834 0.472444 -0.102469 -1.93181 0.238965 0.198521 54.3638 17
 418.000000 -0.133724 0.513404 -0.195037 -0.177947 0.238965 0.198521 54.3638 17
 418.500000 -0.141406 0.445659 -0.146202 -1.15135 0.238965 0.198521 54.3638 17
 419.000000 -0.133093 0.48629 -0.178319 -0.497159 0.238965 0.198521 54.3638 17
 419.500000 -0.250011 0.505232 -0.104281 -1.8434 0.238965 0.198521 54.3638 17
 420.000000 -0.233107 0.466791 -0.0919675 -1.9988 0.233367 0.19844 54.4351 17
 420.500000 -0.0927673 0.358194 -0.125794 -1.48928 0.233367 0.19844 54.4351 17
 421.000000 -0.275755 0.556415 -0.118156 -1.6035 0.233367 0.19844 54.4351 17
 421.500000 -0.140926 0.364169 -0.0937212 -1.91204 0.233367 0.19844 54.4351 17
 422.000000 0.241416 0.456827 -0.434484 1.70987 0.233367 0.19844 54.4351 17
 422.500000 -0.0202911 0.445584 -0.235791 0.433507 0.234742 0.197742 55.0923 17
 423.000000 -0.247443 0.605799 -0.170066 -0.581686 0.234742 0.197742 55.0923 17
 423.500000 -0.255423 0.441481 -0.0590319 -2.33171 0.234742 0.197742 55.0923 17
 424.000000 -0.538124 0.45248 0.141751 -7.30752 0.234742 0.197742 55.0923 17
 424.500000 -0.561639 0.401202 0.19321 -8.2847 0.234742 0.197742 55.0923 17
 425.000000 -0.511726 0.425527 0.14042 -7.26913 0.228553 0.197742 55.0926 17
 425.500000 -0.484053 0.458708 0.0980919 -5.98018 0.228553 0.197742 55.0926 17
 426.000000 -0.636033 0.489291 0.188323 -8.03798 0.228553 0.197742 55.0926 17
 426.500000 -0.697462 0.547957 0.193445 -8.09771 0.228553 0.197742 55.0926 17
 427.000000 -1.35243 0.605247 0.612068 -14.0749 0.228553 0.197742 55.0926 17
 427.500000 -1.20441 0.565657 0.53761 -12.6518 0.2224 0.197742 55.0926 17
 428.000000 -0.925445 1.08266 0.00357209 -3.50939 0.2224 0.197742 55.0926 17
 428.500000 -0.749319 1.28659 -0.238638 0.522624 0.2224 0.197742 55.0926 17
 429.000000 -1.03695 0.915883 0.187288 -8.02558 0.2224 0.197742 55.0926 17
 429.500000 -1.07482 0.666833 0.379447 -10.037 0.2224 0.197742 55.0926 17
 430.000000 -1.51628 0.587254 0.735816 -15.25 0.216283 0.197742 55.0926 17
 430.500000 -1.35027 0.65903 0.573835 -13.1111 0.216283 0.197742 55.0926 17
 431.000000 -1.20912 0.628247 0.498213 -11.944 0.216283 0.197742 55.0926 17
 431.500000 -1.3207 0.549385 0.628626 -14.1961 0.216283 0.197742 55.0926 17
 432.000000 -0.963891 1.02816 0.0644334 -5.06537 0.216283 0.197742 55.0926 17
 432.500000 -1.06824 1.04162 0.125928 -6.77301 0.21021 0.197743 55.0933 17
 433.000000 -0.63033 1.51335 -0.443367 1.7183 0.21021 0.197743 55.0933 17
 433.500000 -0.342337 1.59151 -0.657276 -0.400012 0.21021 0.197743 55.0933 17
 434.000000 -0.545901 1.28051 -0.366176 1.39616 0.21021 0.197743 55.0933 17
 434.500000 -0.66175 1.40634 -0.364101 1.38362 0.21021 0.197743 55.0933 17
 435.000000 -0.908367 0.86396 0.13333 -6.85337 0.204173 0.197744 55.0938 17
 435.500000 -0.793972 1.25451 -0.190419 -0.185193 0.204173 0.197744 55.0938 17
 436.000000 -0.491598 1.49892 -0.519955 1.43355 0.204173 0.197744 55.0938 17
 436.500000 -0.443066 1.56285 -0.582657 0.731615 0.204173 0.197744 55.0938 17
 437.000000 -0.641242 1.35461 -0.347501 1.28222 0.204173 0.197744 55.0938 17
 437.500000 -0.842861 1.21725 -0.135713 -1.26713 0.199549 0.197781 55.2398 17
 438.000000 -0.762049 1.15929 -0.153325 -0.884402 0.199549 0.197781 55.2398 17
 438.500000 -1.02187 0.994769 0.125285 -6.62844 0.199549 0.197781 55.2398 17
 439.000000 -0.932952 1.05946 0.0234541 -4.06545 0.199549 0.197781 55.2398 17
 439.500000 -1.1999 0.850161 0.34196 -9.67012 0.199549 0.197781 55.2398 17
 440.000000 -1.10796 0.914553 0.236476 -8.49765 0.19358 0.197781 55.2399 17
 440.500000 -1.27801 0.654651 0.527484 -12.3658 0.19358 0.197781 55.2399 17
 441.000000 -1.21225 0.805931 0.380098 -10.063 0.19358 0.197781 55.2399 17
 441.500000 -0.885638 0.942278 0.0668086 -5.21721 0.19358 0.197781 55.2399 17
 442.000000 -1.15818 0.84498 0.317026 -9.35172 0.19358 0.197781 55.2399 17
 442.500000 -1.38071 0.63583 0.610427 -13.8547 0.187645 0.197781 55.2399 17
 443.000000 -1.39211 0.582968 0.654387 -14.3455 0.187645 0.197781 55.2399 17
 443.500000 -0.976746 0.7798 0.235986 -8.37661 0.187645 0.197781 55.2399 17
 444.000000 -0.939449 0.857114 0.159209 -7.25309 0.187645 0.197781 55.2399 17
 444.500000 -1.02736 0.910126 0.184548 -7.61266 0.187645 0.197781 55.2399 17
 445.000000 -1.00414 0.989835 0.11651 -6.43132 0.181753 0.197782 55.2408 17
 445.500000 -0.919124 1.05601 0.0163635 -3.87492 0.181753 0.197782 55.2408 17
 446.000000 -1.01794 1.07105 0.0730277 -5.3549 0.181753 0.197782 55.2408 17
 446.500000 -1.04855 1.03375 0.117832 -6.36282 0.181753 0.197782 55.2408 17
 447.000000 -0.919485 1.07307 0.0056981 -3.59644 0.181753 0.197782 55.2408 17
 447.500000 -0.819949 1.16355 -0.117615 -1.48652 0.176997 0.197731 55.3591 17
 448.000000 -0.573176 1.33045 -0.376978 1.45803 0.176997 0.197731 55.3591 17
 448.500000 -0.684637 1.35901 -0.322546 1.12924 0.176997 0.197731 55.3591 17
 449.000000 -0.480208 1.49068 -0.522533 1.4099 0.176997 0.197731 55.3591 17
 449.500000 -0.459546 1.53793 -0.559858 1.02679 0.176997 0.197731 55.3591 17
 450.000000 -0.426382 1.55252 -0.587347 0.66285 0.180627 0.196566 56.1334 17
 450.500000 -0.397575 1.67281 -0.665144 -0.461425 0.180627 0.196566 56.1334 17
 451.000000 -0.368488 1.55312 -0.622404 0.204174 0.180627 0.196566 56.1334 17
 451.500000 -0.252139 1.65534 -0.7418 -1.72623 0.180627 0.196566 56.1334 17
 452.000000 -0.444987 1.5493 -0.574513 0.8885 0.180627 0.196566 56.1334 17
 452.500000 -0.475791 1.55665 -0.559838 1.06251 0.188776 0.19629 57.0874 17
 453.000000 -0.63583 1.34073 -0.34299 1.23725 0.188776 0.19629 57.0874 17
 453.500000 -0.674349 1.37783 -0.339889 1.21837 0.188776 0.19629 57.0874 17
 454.000000 -0.403968 1.59022 -0.619965 0.286974 0.188776 0.19629 57.0874 17
 454.500000 -0.282671 1.77782 -0.782393 -2.67789 0.188776 0.19629 57.0874 17
 455.000000 -0.39134 1.61235 -0.638612 -0.0194373 0.187695 0.196622 57.5503 17
 455.500000 -0.408875 1.54689 -0.594973 0.680859 0.187695 0.196622 57.5503 17
 456.000000 -0.657647 1.2921 -0.300942 0.980335 0.187695 0.196622 57.5503 17
 456.500000 -0.473163 1.50232 -0.532968 1.35065 0.187695 0.196622 57.5503 17
 457.000000 -0.5043 1.47998 -0.502124 1.55981 0.187695 0.196622 57.5503 17
 457.500000 -0.450692 1.49925 -0.545023 1.24719 0.198408 0.197175 58.5478 17
 458.000000 -0.606899 1.395 -0.392034 1.50273 0.198408 0.197175 58.5478 17
 458.500000 -0.644121 1.3508 -0.343494 1.2163 0.198408 0.197175 58.5478 17
 459.000000 -0.689795 1.32179 -0.297638 0.942489 0.198408 0.197175 58.5478 17
 459.500000 -0.573691 1.40971 -0.421005 1.63008 0.198408 0.197175 58.5478 17
 460.000000 -0.55292 1.54067 -0.505046 1.55214 0.214594 0.198332 59.4664 17
 460.500000 -0.690719 1.33887 -0.306999 0.966847 0.214594 0.198332 59.4664 17
 461.000000 -0.70197 1.23042 -0.235854 0.424892 0.214594 0.198332 59.4664 17
 461.500000 -0.623996 1.33779 -0.348826 1.21905 0.214594 0.198332 59.4664 17
 462.000000 -1.04377 0.906839 0.197901 -7.7516 0.214594 0.198332 59.4664 17
 462.500000 -0.985347 0.951086 0.129055 -6.66378 0.208934 0.198332 59.4671 17
 463.000000 -1.00817 0.803465 0.241953 -8.51164 0.208934 0.198332 59.4671 17
 463.500000 -1.31198 0.550202 0.622098 -13.9644 0.208934 0.198332 59.4671 17
 464.000000 -1.08668 0.756966 0.327033 -9.5349 0.208934 0.198332 59.4671 17
 464.500000 -1.0616 0.834096 0.258295 -8.79407 0.208934 0.198332 59.4671 17
 465.000000 -0.816062 1.2545 -0.176047 -0.498691 0.20608 0.198824 59.7699 17
 465.500000 -0.81486 1.07226 -0.0640631 -2.11088 0.20608 0.198824 59.7699 17
 466.000000 -1.20285 0.888297 0.318401 -9.45728 0.20608 0.198824 59.7699 17
 466.500000 -0.806698 1.13265 -0.107238 -1.48849 0.20608 0.198824 59.7699 17
 467.000000 -0.722849 1.24907 -0.233383 0.405177 0.20608 0.198824 59.7699 17
 467.500000 -0.73071 1.40819 -0.321979 1.05035 0.213462 0.198366 60.7209 17
 468.000000 -0.376626 1.56121 -0.621612 0.299806 0.213462 0.198366 60.7209 17
 468.500000 -0.627114 1.37498 -0.368032 1.35632 0.213462 0.198366 60.7209 17
 469.000000 -0.560111 1.44169 -0.447065 1.68217 0.213462 0.198366 60.7209 17
 469.500000 -0.643286 1.33968 -0.337647 1.18516 0.213462 0.198366 60.7209 17
 470.000000 -0.745209 1.26022 -0.225534 0.32197 0.214099 0.197831 61.333 17
 470.500000 -0.699424 1.32752 -0.294837 0.949002 0.214099 0.197831 61.333 17
 471.000000 -0.322169 1.7074 -0.725945 -1.45858 0.214099 0.197831 61.333 17
 471.500000 -0.483543 1.54275 -0.547923 1.26581 0.214099 0.197831 61.333 17
 472.000000 -0.546617 1.39238 -0.428331 1.63876 0.214099 0.197831 61.333 17
 472.500000 -0.492818 1.5786 -0.561088 1.1366 0.222437 0.19748 62.3117 17
 473.000000 -0.466734 1.57046 -0.57243 1.05334 0.222437 0.19748 62.3117 17
 473.500000 -0.546894 1.46193 -0.46627 1.6731 0.222437 0.19748 62.3117 17
 474.000000 -0.716532 1.45712 -0.358957 1.29051 0.222437 0.19748 62.3117 17
 474.500000 -0.924662 1.21874 -0.0830199 -1.82423 0.222437 0.19748 62.3117 17
 475.000000 -0.775162 1.16299 -0.146907 -0.879486 0.218762 0.197539 62.5267 17
 475.500000 -0.645116 1.32303 -0.326901 1.11236 0.218762 0.197539 62.5267 17
 476.000000 -0.936437 0.941166 0.102209 -6.17806 0.218762 0.197539 62.5267 17
 476.500000 -1.32352 0.758041 0.488227 -11.8928 0.218762 0.197539 62.5267 17
 477.000000 -1.08341 0.843138 0.267209 -8.95604 0.218762 0.197539 62.5267 17
 477.500000 -1.19659 0.942678 0.27782 -9.08924 0.213283 0.197539 62.5267 17
 478.000000 -0.975427 1.11997 0.0131115 -4.01656 0.213283 0.197539 62.5267 17
 478.500000 -1.00692 0.975504 0.127752 -6.61084 0.213283 0.197539 62.5267 17
 479.000000 -0.627817 1.39778 -0.380492 1.40796 0.213283 0.197539 62.5267 17
 479.500000 -0.46231 1.50089 -0.538816 1.36735 0.213283 0.197539 62.5267 17
 480.000000 -0.69043 1.23806 -0.247922 0.603685 0.215875 0.197121 63.2803 17
 480.500000 -0.872863 1.07126 -0.0244519 -2.95281 0.215875 0.197121 63.2803 17
 481.000000 -1.04282 0.967141 0.157555 -7.05568 0.215875 0.197121 63.2803 17
 481.500000 -0.879587 1.24876 -0.131167 -1.0478 0.215875 0.197121 63.2803 17
 482.000000 -1.00372 1.0549 0.0739405 -5.63216 0.215875 0.197121 63.2803 17
 482.500000 -1.12117 0.835159 0.298342 -9.19722 0.210455 0.197121 63.2804 17
 483.000000 -0.974682 0.700439 0.287423 -9.00366 0.210455 0.197121 63.2804 17
 483.500000 -1.15827 0.65389 0.445817 -11.1577 0.210455 0.197121 63.2804 17
 484.000000 -1.22917 0.634147 0.507976 -12.1944 0.210455 0.197121 63.2804 17
 484.500000 -0.717074 1.24352 -0.233826 0.515541 0.210455 0.197121 63.2804 17
 485.000000 -0.456949 1.45691 -0.518892 1.49229 0.224354 0.199954 64.23 17
 485.500000 -0.446392 1.50006 -0.548064 1.32041 0.224354 0.199954 64.23 17
 486.000000 -0.490797 1.56939 -0.557494 1.23392 0.224354 0.199954 64.23 17
 486.500000 -0.641472 1.3889 -0.366903 1.29616 0.224354 0.199954 64.23 17
 487.000000 -0.322938 1.63904 -0.692222 -0.914194 0.224354 0.199954 64.23 17
 487.500000 -0.616806 1.45046 -0.416864 1.55234 0.239077 0.200415 65.1438 17
 488.000000 -0.514854 1.48144 -0.496451 1.61119 0.239077 0.200415 65.1438 17
 488.500000 -0.325342 1.57474 -0.659081 -0.384011 0.239077 0.200415 65.1438 17
 489.000000 -0.374254 1.68025 -0.682415 -0.776796 0.239077 0.200415 65.1438 17
 489.500000 -0.375605 1.53383 -0.608347 0.517397 0.239077 0.200415 65.1438 17
 490.000000 -0.209112 1.75868 -0.815732 -3.86103 0.233832 0.189465 65.1552 18
 490.500000 -0.48778 1.6095 -0.58011 0.998563 0.233832 0.189465 65.1552 18
 491.000000 -0.274627 1.76307 -0.780026 -2.7167 0.233832 0.189465 65.1552 18
 491.500000 -0.61266 1.31325 -0.342014 1.22186 0.233832 0.189465 65.1552 18
 492.000000 -0.55575 1.3857 -0.41891 1.64351 0.233832 0.189465 65.1552 18
 492.500000 -0.578289 1.32285 -0.369423 1.38308 0.245174 0.189941 66.1474 18
 493.000000 -0.649524 1.26508 -0.290414 0.944445 0.245174 0.189941 66.1474 18
 493.500000 -0.641809 1.32532 -0.330327 1.1874 0.245174 0.189941 66.1474 18
 494.000000 -0.512033 1.54684 -0.532937 1.45432 0.245174 0.189941 66.1474 18
 494.500000 -0.350079 1.7695 -0.739858 -1.77793 0.245174 0.189941 66.1474 18
 495.000000 -0.410707 1.50853 -0.574145 1.05738 0.251746 0.189224 67.1017 18
 495.500000 -0.556395 1.41416 -0.434245 1.68208 0.251746 0.189224 67.1017 18
 496.000000 -0.292632 1.72807 -0.752994 -2.07207 0.251746 0.189224 67.1017 18
 496.500000 -0.652873 1.44079 -0.389127 1.51187 0.251746 0.189224 67.1017 18
 497.000000 -0.625491 1.4303 -0.400229 1.56457 0.251746 0.189224 67.1017 18
 497.500000 -0.538888 1.42545 -0.451329 1.70696 0.268801 0.188917 67.8528 18
 498.000000 -0.592256 1.4842 -0.450584 1.73397 0.268801 0.188917 67.8528 18
 498.500000 -0.580843 1.41214 -0.417891 1.65687 0.268801 0.188917 67.8528 18
 499.000000 -0.599707 1.44365 -0.423653 1.67754 0.268801 0.188917 67.8528 18
 499.500000 -0.621856 1.19413 -0.266789 0.756643 0.268801 0.188917 67.8528 18
 500.000000 -0.59128 1.43247 -0.422679 1.67424 0.284701 0.189217 68.6627 18
