#! FIELDS time cv.node-0 sigma_cv.node-0 height logweight
#! SET action OPES_METAD_kernels
#! SET biasfactor                      16
#! SET epsilon   3.872940653519386e-08
#! SET kernel_cutoff       5.842373946721771
#! SET compression_threshold                       1
                     25    -0.5057682991027832     0.1231892108143822  1.062430625987056e-07                    -16
                   27.5     0.2483188211917877     0.1211412274054035  1.080391813452416e-07                    -16
                     30    -0.1173958256840706     0.1167643675137362    0.02240911950976096     -3.794314479051025
                   32.5    -0.5234687924385071     0.1139475427838317   0.009777664760662698     -4.648101557245758
                     35    -0.5389364957809448    0.09643383301805319      1.091991074892565   -0.09932533916943627
                   37.5    -0.0740351527929306    0.09262805216089733    0.08395289347837211     -2.705092542731383
                     40    -0.3507720530033112     0.0847838140079028     0.6066644790305293    -0.8158598897922081
                   42.5    -0.1910764425992966    0.07933216707722235     0.5057757867393325     -1.064203281163073
                     45    -0.3415752053260803     0.0753435347760647      2.101998610583483     0.3087615820308837
                   47.5    -0.6340787410736084    0.07071831619438189      1.060466579382233     -0.438771559159929
                     50    -0.2609674036502838    0.06751548119177281      2.525633554721361     0.3826637183419836
                   52.5    -0.4100771546363831    0.06432178241630063      2.099465695058031       0.14939606937083
                     55   -0.04497880861163139    0.06279416991779392     0.1437181412155471     -2.556224164977042
                   57.5    -0.4468554258346558    0.06032196036468191      2.885510666630779     0.4032129661361222
                     60    -0.5051501393318176    0.05797154421457335      2.996229323447547     0.4011217308531662
                   62.5     0.4436704814434052    0.06027051300930623  2.533263519461629e-07     -15.84592941975436
                     65     0.3456976115703583    0.06352857298913583  2.181190261455561e-06     -13.64033521388665
                   67.5     0.3372509479522705    0.06583759917229398  5.577334807974773e-06     -12.66579358576955
                     70     0.3809577524662018    0.06734284717079385  7.615989904274653e-06      -12.3316490409463
                   72.5     0.6198671460151672    0.07002018180126829  2.129983436686387e-07     -15.86938308377223
                     75     0.4366010427474976     0.0707113863676372  1.065352571096051e-05     -11.94719820435494
                   77.5     0.2970167100429535    0.07030681942655213  3.743760757333524e-05     -10.69615115816807
                     80     0.2740532159805298    0.06985400047289279  0.0001195170204597933      -9.54182955795066
                   82.5     0.4782978594303131    0.07069506669217764  1.794384940114083e-05     -11.42607250931692
                     85    -0.4634563326835632    0.07117024159433694      4.649422196683407      1.045632580771636
                   87.5    -0.4577152729034424    0.07173570338958761      5.263430553918697       1.17758644137202
                     90    -0.7205638289451599    0.07236115656348086     0.2066167212036259     -2.051405294793763
                   92.5    -0.4992467164993286    0.07195254769389936       5.38288692483298      1.203046527072515
                     95     0.2681747674942017    0.07138522707501639  0.0001264576821431203     -9.463697038293695
                   97.5    -0.5001317858695984    0.06998982730467812      5.596247081083526      1.214260968014704
                    100    -0.4598472714424133    0.06989691543101985       8.82239815837211      1.668130104813538
                  102.5    -0.4659354686737061    0.06889060390353707      9.285018861059232       1.70473687367309
                    105   -0.09652015566825867    0.06805369927196177     0.1461902166187766     -2.458734711234667
                  107.5    -0.2783397436141968    0.06676737379470275      1.398768503489207    -0.2193783941164111
                    110    -0.2109351605176926    0.06574090175186897     0.8877702722504619     -0.689506135038041
                  112.5    -0.4278062283992767    0.06425855622729927      8.745693202001958      1.575291111229209
                    115    -0.6608968377113342    0.06400353897593417     0.6533345935262309     -1.022912656474742
                  117.5    -0.6798346638679504    0.06401559133715985     0.5064895958122002     -1.277309976752738
                    120    -0.6794377565383911    0.06387093990798866     0.6001223095617613      -1.10994246009523
                  122.5    -0.4933670461177826    0.06253671848340331      9.105357119209222      1.588431666453842
                    125    -0.3385202884674072    0.06152594007970167      3.423534512349116     0.5939472280957256
                  127.5    -0.4439679682254791    0.06019431672300132      8.720351556607742       1.50705234625276
                    130    -0.6623190641403198    0.05963540802650608     0.7160075110732146      -1.00200027792297
                  132.5    -0.4264944195747375    0.05847614524910421      8.532115171991883      1.456271048657255
                    135    -0.6691303849220276    0.05799100490447485     0.6503821185852326     -1.126092451655162
                  137.5    -0.2549014389514923    0.05742621000228759      1.167334281781581    -0.5509615712020139
                    140     0.6480680108070374    0.05835609031582185  6.503876368744457e-07     -14.93531870675452
                  142.5     0.8649073243141174    0.06061482077804742  2.163729983832822e-07     -15.99790779195233
                    145     0.4062416255474091    0.06168473829947408  2.364466285599932e-05     -11.28652174180519
                  147.5     0.1989394277334213    0.06172097014382156  0.0002823850655221313     -8.805800340276711
                    150     -0.333273857831955    0.06085492281110061      3.956779529800287      0.727738013023868
                  152.5    -0.7264584898948669    0.06089440383051276     0.3919902407954499     -1.583562204306266
                    155     -0.281577855348587    0.06035447375608216      2.310665920062296     0.1815856868007482
                  157.5     0.2704009115695953    0.06047193347790777  0.0001208180428106252     -9.675230722903979
                    160       0.28070268034935    0.06049577650010076  0.0001400521160251929     -9.527107542862176
                  162.5    -0.5296030044555664    0.05979905982064303      7.204277455537142      1.309479731193053
                    165   -0.07839807122945786    0.05941756780939587     0.1100349901442518     -2.878552082784749
                  167.5   -0.06932689249515533    0.05907905382957137     0.1131193783265063     -2.856620278328542
                    170    -0.4314297139644623    0.05826553870044813      10.28792051750893        1.6397961091521
                  172.5    -0.6538195013999939    0.05826181923157515       1.04463761658358    -0.6475681242309859
                    175    -0.8750975728034973    0.05801930049102898   0.006710931839912537     -5.699426890295476
                  177.5    -0.5848971605300903     0.0575961505712265       3.99207795415012     0.6815824727154924
                    180     0.6484060287475586    0.05832761483078101  7.491971250110834e-07     -14.79437320306168
                  182.5    -0.2044704705476761    0.05851648074499571     0.9414955476828322    -0.7471623714029879
                    185    -0.4561375081539154     0.0578207424827565      11.01828135175026      1.700718263911841
                  187.5    -0.7484585046768188    0.05766937096918284     0.3230253173422853     -1.831483525060775
                    190    -0.3763645887374878    0.05683350670992834       7.57711683249483      1.309073672612559
                  192.5    -0.2571562230587006    0.05639471213834342      1.855791982892982    -0.1054982006473514
                    195   -0.03392158821225166     0.0561597050221945    0.08027112505641476     -3.250330952029123
                  197.5    -0.5486240386962891     0.0554444536164726      6.482822469198283      1.128352517365971
                    200    -0.2904682159423828    0.05493281928489787       2.72222343521931     0.2513748086470519
                  202.5     0.2149045616388321     0.0550084271821875  0.0001738880845346872     -9.405797411270205
                    205    -0.3505927324295044    0.05462358843246362      5.573639779928686      0.962328965698667
                  207.5    -0.3193104267120361    0.05410621158261133      4.353668150800835     0.7057825905220491
                    210    -0.1076659262180328    0.05389115154229934     0.1950945476374489     -2.403489826386672
                  212.5     0.3792292475700378    0.05433037039411971  4.474888043960359e-05     -10.77554590188138
                    215    -0.4364996552467346    0.05383731938219125      10.38835942398202      1.570467640384161
                  217.5    -0.1114522069692612    0.05357710604054831     0.2214274504261015     -2.282723578249255
                    220    -0.2687045037746429    0.05333735335945991      2.694624877646036     0.2117107536760587
                  222.5    -0.4124841094017029    0.05281938383138201      9.928580708829639      1.506110631333019
                    225     -0.191404789686203    0.05252446523146664      1.015257883924904    -0.7797634297284612
                  227.5     0.9483409523963928    0.05325354228253667  2.662877495237009e-07     -15.91980917185317
                    230     0.6024664640426636    0.05426838063926245  1.200684457540384e-06     -14.39486218207282
                  232.5    -0.4592032432556152    0.05390059710500288      12.13825602333284      1.727318527527529
                    235    -0.6325728297233582    0.05392340832411054      1.583926779861087    -0.3087134053900026
                  237.5    -0.7678425908088684    0.05408213631879895     0.2160367524937171     -2.297987949690907
                    240     0.2203512340784073    0.05407166813399798  0.0001526132174263767      -9.55347862196092
                  242.5    -0.1228557303547859    0.05385677198041765     0.3280227476682124      -1.88452931653577
                    245    -0.3743172883987427    0.05335169861375691      8.693012744556887      1.383240238222467
                  247.5    -0.6913630962371826    0.05308773951679732     0.7298734524776516     -1.099123253515649
                    250     -0.259580135345459    0.05267082670700787      2.652456655363414     0.1833628314254129
                  252.5    -0.2156775891780853    0.05233449240011707      1.699244151146324    -0.2683459488178626
                    255     -0.368734210729599    0.05185704174250771      8.472056844560917      1.329078905069445
                  257.5    -0.5039107799530029    0.05147726298201728      9.575912033919224      1.444205848558142
                    260    -0.5756779909133911    0.05121262001150469       4.30056649661921      0.638547595451032
                  262.5    -0.3513755798339844    0.05074715896508369      7.492208924337242      1.184534157644341
                    265     0.1402112990617752    0.05067065958015505  0.0005655835050809636     -8.308490719051621
                  267.5    -0.6857678890228271    0.05053824513319755     0.8853818911940672    -0.9551909807980574
                    270    -0.6318536996841431    0.05030695215108627      2.024845773495431     -0.132548330528118
                  272.5    -0.2277780622243881    0.05005512094444153      2.163557534638064   -0.07130645749952449
                    275     -0.555649995803833    0.04965953668023981      6.482638724117693      1.018132939943142
                  277.5    -0.6120168566703796     0.0493433770014623      3.151854140693919     0.2906092997629066
                    280      0.711420476436615    0.04952865467470033  5.030684134213596e-07     -15.35617342915689
                  282.5     0.3067831695079803    0.04982954242275699  0.0001155854504935919     -9.913077589188047
                    285     0.6482281684875488    0.05009255153724443  9.773537882165493e-07     -14.68072995666372
                  287.5     0.1482711136341095    0.05031501785686851  0.0005156083231587249     -8.408044694320273
                    290    0.07634034007787704     0.0502130902672038   0.007814383122321454     -5.691698646551586
                  292.5      0.526208758354187    0.05033865675572068  6.126393694425834e-06     -12.84031612780092
                    295     0.3302915692329407    0.05039062673299836  0.0001184640616280418     -9.877280888769711
                  297.5     0.5109731554985046     0.0505553459595675  1.006051225571107e-05     -12.34000892703056
                    300    -0.4817319512367249    0.05033251355307099      13.71501385167693      1.780957247099938
                  302.5    -0.4172551929950714    0.05024789109996349      13.92317673756271      1.794338272429649
                    305    -0.5842407941818237    0.05000269226421036      5.391378770326121     0.8406928547730255
                  307.5    -0.2747341990470886     0.0499210991721587      4.003124325390005     0.5413337318301955
                    310     -0.431372195482254    0.04973755868214851       14.9164331012538      1.853038705259401
                  312.5    -0.7130540609359741    0.04962121934782802     0.8235722256417972     -1.045870624078168
                    315    -0.2597256600856781    0.04944860494716677       3.55761187439103     0.4138381960072299
                  317.5    -0.5281213521957397    0.04912558707460669      10.46085571694934      1.485835136296822
                    320    -0.5493635535240173    0.04885887833242949      8.783631335935127      1.305640874490361
                  322.5    -0.3022489547729492     0.0485545446079394      5.379377252758869     0.8090752640660206
                    325    -0.3284161984920502    0.04820749409743675      7.274370207276132      1.103686579790748
                  327.5     0.2809909284114838     0.0480949312499764  0.0001603224204789998     -9.621331998486774
                    330     0.2113852649927139     0.0481583862283809  0.0002472009411192743     -9.186998881622673
                  332.5     0.1923865377902985    0.04810521838846897  0.0003452315869344686     -8.854089586266671
                    335    0.06148872524499893    0.04799529859863426    0.01218279246162321     -5.292812864829362
                  337.5     0.3866925537586212    0.04805976257423913  5.890903215576839e-05     -10.62325598990903
                    340     0.7209008932113647    0.04824791046753132  6.204866618012046e-07     -15.17259435619015
                  342.5     0.1863814294338226     0.0485171024074303  0.0004662646090266341     -8.545026039965359
                    345     0.2588866651058197      0.048466838127476  0.0002561306835425954     -9.145128095261201
                  347.5     0.5310103893280029    0.04853488271058051  6.862748887191839e-06     -12.76330486174869
                    350   -0.06021801009774208    0.04851412712436802     0.1330435615982022     -2.891408785372874
                  352.5    -0.4516774415969849    0.04835369118248511      14.63499714524849      1.805773138789757
                    355     0.2928780913352966    0.04839983624685379  0.0002163586817012142     -9.315261681915928
                  357.5     0.1996660083532333    0.04845044997916754  0.0004459468210818705     -8.590954370750101
                    360     0.4728302955627441    0.04831989068478888   1.77658299413141e-05     -11.81657546874304
                  362.5     0.1975113898515701    0.04829564427845344  0.0005112163440241257     -8.457561455755892
                    365    0.03224553167819977    0.04823414927104978    0.03009887952285622      -4.38338522002235
                  367.5   -0.05783787742257118    0.04811169144662123     0.1386044487922636     -2.858791029922489
                    370    -0.1485658884048462    0.04796483044101095     0.6529869435482785     -1.311915249508437
                  372.5    -0.4557657837867737    0.04806998824449208      15.13033263846976      1.833174402029137
                    375    -0.1908939927816391    0.04813247201606367      1.548701689205241    -0.4448111449522954
                  377.5    -0.6514092087745667    0.04807482214610358      1.947954602782356    -0.2166466558624743
                    380    -0.2832904756069183    0.04793125079284064      4.883016991614799     0.6993458256510684
                  382.5     0.1621655523777008    0.04779869391160048  0.0009761028821698882     -7.821129398192049
                    385     0.3449408113956451    0.04807956198089513  0.0001299711099436236       -9.8315263316812
                  387.5     0.5151571035385132    0.04800048142053019  1.055322692659913e-05     -12.34405298278276
                    390      0.368043839931488    0.04798222697488534  0.0001086447839242553     -10.01278133773425
                  392.5   -0.07247812300920486     0.0478416046487648     0.1969149582415837     -2.513272824674047
                    395     0.3862433135509491    0.04790826517376116  9.588162080616704e-05     -10.13929335212429
                  397.5    -0.2146106064319611    0.04773681278366358      2.380955937148319   -0.02298023022348673
                    400    -0.3599350452423096    0.04745390608932607      9.269363548750212       1.33028841366435
                  402.5   -0.07028330862522125    0.04737011046370134     0.2102986059090824     -2.457420524730594
                    405    -0.2948066592216492     0.0471322083124148      5.601330023759131      0.819775521147817
                  407.5     -0.302334189414978    0.04689366662860502      6.250022315632381      0.924282512431104
                    410    0.02902987040579319    0.04680251103413369    0.03846401292370421     -4.168280496258619
                  412.5    -0.1582255363464355    0.04666674675495613     0.9447518219990304    -0.9699863063292703
                    415    -0.2887612879276276    0.04644430757328251       5.94766874377017     0.8650680949648279
                  417.5    -0.1024689897894859    0.04631447086712822     0.3638250044139019     -1.931812974308278
                    420   -0.09196750819683075     0.0461744928831128     0.3412843619287442     -1.998796847973253
                  422.5    -0.2357912659645081    0.04597092790897073      3.902755457766307      0.433506877763874
                    425     0.1404201984405518    0.04586889741340545    0.00176653390326592     -7.269133776139338
                  427.5     0.5376096367835999    0.04588028532417128  8.115903583144304e-06     -12.65183465299966
                    430     0.7358162999153137    0.04585411551329084  6.042667135987735e-07     -15.24997035086527
                  432.5     0.1259276121854782    0.04596964196913166   0.002894908724658086      -6.77300562388476
                    435     0.1333303153514862    0.04598009628956217   0.002670763612721505     -6.853367384934458
                  437.5     -0.135712668299675    0.04594542043013693     0.7129124610230364     -1.267127610275215
                    440     0.2364760786294937    0.04585348022994593  0.0005172878750166803     -8.497645067941345
                  442.5     0.6104270219802856    0.04587505321437779   2.43785499310531e-06      -13.8546556883648
                    445     0.1165100708603859     0.0458484833279378   0.004084840719526646     -6.431315572064765
                  447.5    -0.1176147237420082    0.04571116923814347     0.5754066810295513     -1.486520693572317
                    450    -0.5873473286628723    0.04563207701558795      4.945233855359036     0.6628500195329434
                  452.5    -0.5598381161689758    0.04567052495883449      7.368675130727781      1.062505898372741
                    455    -0.6386117339134216    0.04568078666429383      2.496950076152254   -0.01943734428050187
                  457.5    -0.5450230240821838     0.0455392114649961      8.888846040743275      1.247185833934143
                    460    -0.5050456523895264    0.04531569400809603      12.11775011708613      1.552139599846784
                  462.5     0.1290547251701355    0.04525264029712368   0.003280170894940526     -6.663783886519667
                    465    -0.1760470867156982    0.04527043726312338      1.560240884652947    -0.4986907052582182
                  467.5    -0.3219794034957886    0.04502643411021005      7.383791688596247      1.050351879347344
                    470    -0.2255339473485947    0.04488249292464483      3.575507295082162     0.3219697246786722
                  472.5    -0.5610878467559814    0.04471736746245941       8.10453710440836       1.13660085295915
                    475     -0.146907240152359    0.04462877338228998       1.08146882879203    -0.8794862103355452
                  477.5     0.2778195142745972    0.04463478386940489  0.0002941068777328266     -9.089239012784692
                    480    -0.2479223757982254    0.04448212422407034      4.781633654897623     0.6036845143151365
                  482.5     0.2983424663543701    0.04440445872444284  0.0002653733882987852      -9.19721797338217
                    485    -0.5188919305801392    0.04433473962762361      11.66633638698209      1.492290874463989
                  487.5    -0.4168635904788971    0.04421048411261518      12.42319889249923      1.552342412956181
                    490    -0.8157320022583008    0.04424953823138702    0.05531615028512912     -3.861030576829164
                  492.5    -0.3694227337837219      0.044104095258574      10.51399904015259      1.383075104008721
                    495    -0.5741449594497681     0.0439247098104816      7.622364437210543      1.057378494494881
                  497.5    -0.4513294398784637    0.04376427817435835      14.64830414674332      1.706957340448803
                    500    -0.4226793646812439    0.04356231817142309      14.24246277204735      1.674235204803478
