#! FIELDS time p.x p.y cv.node-0 opes.bias opes.rct opes.zed opes.neff opes.nker
 0.000000 -0.535068 1.48956 0.917996 -16 -16 1 1 0
 0.500000 -0.787814 1.1834 0.866441 -16 -16 1 1 0
 1.000000 -0.650214 1.38544 0.898837 -16 -16 1 1 0
 1.500000 -0.485261 1.55966 0.928292 -16 -16 1 1 0
 2.000000 -0.415574 1.50747 0.924945 -16 -16 1 1 0
 2.500000 -0.516923 1.54634 0.92427 -16 -16 1 1 0
 3.000000 -0.599669 1.44877 0.908859 -16 -16 1 1 0
 3.500000 -0.655368 1.33647 0.893264 -16 -16 1 1 0
 4.000000 -0.52221 1.50723 0.92066 -16 -16 1 1 0
 4.500000 -0.648828 1.38303 0.898733 -16 -16 1 1 0
 5.000000 -0.442094 1.54229 0.929463 -16 -16 1 1 0
 5.500000 -0.597741 1.40179 0.90442 -16 -16 1 1 0
 6.000000 -0.499025 1.45761 0.916048 -16 -16 1 1 0
 6.500000 -0.610286 1.37887 0.900968 -16 -16 1 1 0
 7.000000 -0.72339 1.27349 0.881584 -16 -16 1 1 0
 7.500000 -0.565332 1.41789 0.908145 -16 -16 1 1 0
 8.000000 -0.568188 1.41414 0.907532 -16 -16 1 1 0
 8.500000 -0.557128 1.36723 0.900837 -16 -16 1 1 0
 9.000000 -0.489691 1.58119 0.92939 -16 -16 1 1 0
 9.500000 -0.536371 1.56333 0.923016 -16 -16 1 1 0
 10.000000 -0.573924 1.47443 0.913346 -16 -16 1 1 0
 10.500000 -0.560815 1.30948 0.889751 -16 -16 1 1 0
 11.000000 -0.609283 1.39845 0.903302 -16 -16 1 1 0
 11.500000 -0.413306 1.56208 0.933158 -16 -16 1 1 0
 12.000000 -0.582509 1.34702 0.897242 -16 -16 1 1 0
 12.500000 -0.76915 1.25027 0.875752 -16 -16 1 1 0
 13.000000 -0.445026 1.63036 0.937145 -16 -16 1 1 0
 13.500000 -0.613023 1.47788 0.90936 -16 -16 1 1 0
 14.000000 -0.552932 1.42363 0.909457 -16 -16 1 1 0
 14.500000 -0.537974 1.38541 0.904023 -16 -16 1 1 0
 15.000000 -0.517857 1.42605 0.910882 -16 -16 1 1 0
 15.500000 -0.460554 1.45309 0.915683 -16 -16 1 1 0
 16.000000 -0.480625 1.47703 0.919352 -16 -16 1 1 0
 16.500000 -0.624622 1.27539 0.884458 -16 -16 1 1 0
 17.000000 -0.644759 1.42607 0.90258 -16 -16 1 1 0
 17.500000 -0.623668 1.43921 0.905746 -16 -16 1 1 0
 18.000000 -0.470451 1.55783 0.929373 -16 -16 1 1 0
 18.500000 -0.612148 1.46544 0.908748 -16 -16 1 1 0
 19.000000 -0.656231 1.44084 0.902099 -16 -16 1 1 0
 19.500000 -0.464779 1.52488 0.926268 -16 -16 1 1 0
 20.000000 -0.681669 1.16143 0.862002 -16 -16 1 1 0
 20.500000 -0.757759 1.19776 0.86972 -16 -16 1 1 0
 21.000000 -0.43974 1.57439 0.933183 -16 -16 1 1 0
 21.500000 -0.620657 1.28365 0.88598 -16 -16 1 1 0
 22.000000 -0.62194 1.38447 0.900916 -16 -16 1 1 0
 22.500000 -0.606933 1.42067 0.905749 -16 -16 1 1 0
 23.000000 -0.556514 1.42188 0.909069 -16 -16 1 1 0
 23.500000 -0.672126 1.27342 0.883816 -16 -16 1 1 0
 24.000000 -0.410616 1.56622 0.933794 -16 -16 1 1 0
 24.500000 -0.68822 1.30538 0.887567 -16 -16 1 1 0
 25.000000 -0.513804 1.49766 0.92034 -16 -16 0.472044 1 1
 25.500000 -0.505335 1.42545 0.910942 -0.11352 -16 0.472044 1 1
 26.000000 -0.679936 1.28041 0.884636 -1.6384 -16 0.472044 1 1
 26.500000 -0.834157 1.22436 0.867416 -3.59984 -16 0.472044 1 1
 27.000000 -1.14065 0.845642 0.801718 -16 -16 0.472044 1 1
 27.500000 -0.952356 0.884951 0.810383 -15.5388 -15.8216 0.343735 1 2
 28.000000 -0.590877 1.46468 0.910953 -0.363281 -15.8216 0.343735 1 2
 28.500000 -0.772017 1.25697 0.8762 -2.70771 -15.8216 0.343735 1 2
 29.000000 -0.784109 1.13748 0.859339 -2.88223 -15.8216 0.343735 1 2
 29.500000 -0.563457 1.50598 0.916696 -0.267097 -15.8216 0.343735 1 2
 30.000000 -0.823463 1.2086 0.86703 -3.32781 -4.71409 0.341595 1.07165 3
 30.500000 -0.277947 1.7216 0.958072 -10.9438 -4.71409 0.341595 1.07165 3
 31.000000 -0.396854 1.62408 0.940982 -6.95904 -4.71409 0.341595 1.07165 3
 31.500000 -0.254753 1.69988 0.956152 -10.4758 -4.71409 0.341595 1.07165 3
 32.000000 -0.239628 1.74842 0.962835 -12.0942 -4.71409 0.341595 1.07165 3
 32.500000 -0.508038 1.53553 0.92431 -3.77396 -4.44249 0.342217 1.1191 3
 33.000000 -0.67634 1.39484 0.897001 -0.222535 -4.44249 0.342217 1.1191 3
 33.500000 -0.484053 1.58553 0.930259 0.103153 -4.44249 0.342217 1.1191 3
 34.000000 -0.558276 1.32773 0.893476 -0.151956 -4.44249 0.342217 1.1191 3
 34.500000 -0.492992 1.50998 0.922993 0.162921 -4.44249 0.342217 1.1191 3
 35.000000 -0.463888 1.44973 0.915108 0.0679693 -1.67028 0.40428 2.11106 3
 35.500000 -0.701286 1.31289 0.887552 -0.545294 -1.67028 0.40428 2.11106 3
 36.000000 -0.556728 1.52 0.918316 0.979975 -1.67028 0.40428 2.11106 3
 36.500000 -0.773765 1.23309 0.873531 -1.89629 -1.67028 0.40428 2.11106 3
 37.000000 -0.7549 1.30767 0.882248 -1.10843 -1.67028 0.40428 2.11106 3
 37.500000 -0.816445 0.897672 0.800426 -8.84721 -1.8243 0.40422 2.11135 3
 38.000000 -0.19288 0.547727 0.286753 -16 -1.8243 0.40422 2.11135 3
 38.500000 0.407655 0.575639 -0.0982097 -16 -1.8243 0.40422 2.11135 3
 39.000000 -0.100649 0.542256 0.221805 -16 -1.8243 0.40422 2.11135 3
 39.500000 0.133893 0.469744 0.00645609 -16 -1.8243 0.40422 2.11135 3
 40.000000 0.224402 0.462691 -0.0609669 -16 -1.95784 0.303165 2.11135 4
 40.500000 -0.0708879 0.535377 0.196603 -16 -1.95784 0.303165 2.11135 4
 41.000000 0.0835836 0.48714 0.054416 -15.8923 -1.95784 0.303165 2.11135 4
 41.500000 0.0125419 0.418086 0.0486055 -15.8537 -1.95784 0.303165 2.11135 4
 42.000000 -0.127471 0.534307 0.233383 -16 -1.95784 0.303165 2.11135 4
 42.500000 -0.0832046 0.525716 0.197262 -16 -2.07562 0.242532 2.11135 5
 43.000000 0.0974536 0.497115 0.0528158 -15.7452 -2.07562 0.242532 2.11135 5
 43.500000 0.157711 0.556006 0.058183 -15.7507 -2.07562 0.242532 2.11135 5
 44.000000 -0.05062 0.365859 0.0507345 -15.7394 -2.07562 0.242532 2.11135 5
 44.500000 -0.217033 0.59142 0.336017 -15.8407 -2.07562 0.242532 2.11135 5
 45.000000 0.162238 0.475826 -0.00813668 -14.9292 -2.18098 0.20211 2.11135 6
 45.500000 -0.0555983 0.493392 0.153484 -14.5966 -2.18098 0.20211 2.11135 6
 46.000000 -0.127573 0.435648 0.156666 -14.5827 -2.18098 0.20211 2.11135 6
 46.500000 -0.136966 0.471792 0.191024 -14.4819 -2.18098 0.20211 2.11135 6
 47.000000 -0.250575 0.503182 0.289951 -15.3056 -2.18098 0.20211 2.11135 6
 47.500000 0.128081 0.445765 -0.0083621 -13.5394 -2.27629 0.20211 2.11135 6
 48.000000 -0.116301 0.504417 0.202677 -14.4227 -2.27629 0.20211 2.11135 6
 48.500000 -0.17988 0.525858 0.261343 -14.9188 -2.27629 0.20211 2.11135 6
 49.000000 -0.170565 0.482892 0.22192 -14.5298 -2.27629 0.20211 2.11135 6
 49.500000 -0.0316956 0.487498 0.132791 -13.941 -2.27629 0.20211 2.11135 6
 50.000000 -0.0350638 0.468786 0.120411 -13.751 -2.3633 0.173237 2.11135 7
 50.500000 -0.145397 0.496013 0.215451 -13.1725 -2.3633 0.173237 2.11135 7
 51.000000 0.0580784 0.551302 0.122314 -12.3789 -2.3633 0.173237 2.11135 7
 51.500000 -0.0203966 0.572987 0.192351 -12.8829 -2.3633 0.173237 2.11135 7
 52.000000 -0.0193891 0.520957 0.150752 -12.5297 -2.3633 0.173237 2.11135 7
 52.500000 -0.361809 0.525499 0.377676 -15.9163 -2.44334 0.151582 2.11135 8
 53.000000 0.0466288 0.562806 0.139159 -12.3387 -2.44334 0.151582 2.11135 8
 53.500000 0.255443 0.444411 -0.0964935 -12.6682 -2.44334 0.151582 2.11135 8
 54.000000 0.296403 0.431427 -0.134629 -13.477 -2.44334 0.151582 2.11135 8
 54.500000 0.435473 0.495247 -0.180386 -14.7067 -2.44334 0.151582 2.11135 8
 55.000000 -0.0595182 0.491054 0.154287 -12.4295 -2.51744 0.173236 2.11136 7
 55.500000 0.387353 0.423271 -0.203147 -15.3324 -2.51744 0.173236 2.11136 7
 56.000000 0.31019 0.524882 -0.0710463 -12.3843 -2.51744 0.173236 2.11136 7
 56.500000 0.377335 0.410104 -0.206443 -15.3978 -2.51744 0.173236 2.11136 7
 57.000000 0.435812 0.399142 -0.254743 -15.9207 -2.51744 0.173236 2.11136 7
 57.500000 -0.031785 0.598444 0.220011 -11.6133 -2.58643 0.173235 2.11138 7
 58.000000 0.140226 0.465019 -0.00157411 -11.7358 -2.58643 0.173235 2.11138 7
 58.500000 0.300448 0.460543 -0.114751 -13.1136 -2.58643 0.173235 2.11138 7
 59.000000 0.133974 0.483095 0.0168825 -11.5956 -2.58643 0.173235 2.11138 7
 59.500000 0.411953 0.523761 -0.14196 -13.761 -2.58643 0.173235 2.11138 7
 60.000000 0.377906 0.479647 -0.152999 -14.0523 -2.65097 0.151581 2.11138 8
 60.500000 0.0607863 0.420749 0.0179278 -11.4415 -2.65097 0.151581 2.11138 8
 61.000000 0.107457 0.488404 0.0391469 -11.268 -2.65097 0.151581 2.11138 8
 61.500000 -0.0530343 0.468668 0.132421 -10.3921 -2.65097 0.151581 2.11138 8
 62.000000 0.144761 0.47941 0.00662117 -11.5199 -2.65097 0.151581 2.11138 8
 62.500000 0.140341 0.488168 0.0165217 -11.4517 -2.71158 0.15158 2.1114 8
 63.000000 0.198283 0.40935 -0.0846904 -10.9038 -2.71158 0.15158 2.1114 8
 63.500000 0.0258201 0.574309 0.162307 -10.1016 -2.71158 0.15158 2.1114 8
 64.000000 0.0370766 0.518139 0.110395 -10.1472 -2.71158 0.15158 2.1114 8
 64.500000 0.163321 0.53136 0.0348522 -10.1762 -2.71158 0.15158 2.1114 8
 65.000000 0.0580434 0.484489 0.0697012 -10.1634 -2.76871 0.151576 2.11148 8
 65.500000 0.472698 0.506802 -0.196975 -12.4576 -2.76871 0.151576 2.11148 8
 66.000000 0.258484 0.514901 -0.043367 -9.63164 -2.76871 0.151576 2.11148 8
 66.500000 0.23829 0.447145 -0.082619 -10.2152 -2.76871 0.151576 2.11148 8
 67.000000 0.277264 0.500972 -0.0672124 -9.96594 -2.76871 0.151576 2.11148 8
 67.500000 0.0900576 0.543056 0.0940794 -8.97286 -2.82266 0.151564 2.11173 8
 68.000000 0.308484 0.479009 -0.105849 -10.1381 -2.82266 0.151564 2.11173 8
 68.500000 0.398777 0.489443 -0.1597 -11.4745 -2.82266 0.151564 2.11173 8
 69.000000 0.152369 0.441158 -0.0285429 -8.65985 -2.82266 0.151564 2.11173 8
 69.500000 0.226316 0.467551 -0.0584746 -9.14955 -2.82266 0.151564 2.11173 8
 70.000000 0.34977 0.390452 -0.202739 -12.4802 -2.87395 0.151564 2.11174 8
 70.500000 -0.191831 0.574218 0.306522 -10.4016 -2.87395 0.151564 2.11174 8
 71.000000 -0.301815 0.631819 0.420048 -13.0886 -2.87395 0.151564 2.11174 8
 71.500000 -0.165589 0.483653 0.21922 -8.83179 -2.87395 0.151564 2.11174 8
 72.000000 0.0432345 0.533051 0.117972 -7.88136 -2.87395 0.151564 2.11174 8
 72.500000 0.142628 0.427561 -0.0325107 -8.71243 -2.9226 0.151549 2.11206 8
 73.000000 0.234716 0.458471 -0.0713293 -7.82633 -2.9226 0.151549 2.11206 8
 73.500000 0.298448 0.498606 -0.0836171 -7.93327 -2.9226 0.151549 2.11206 8
 74.000000 0.680427 0.457062 -0.377175 -13.4062 -2.9226 0.151549 2.11206 8
 74.500000 -0.268693 0.583226 0.362696 -11.6672 -2.9226 0.151549 2.11206 8
 75.000000 -0.129663 0.512517 0.217863 -8.79229 -2.96898 0.151533 2.11236 8
 75.500000 0.209199 0.519027 -0.00630042 -7.48592 -2.96898 0.151533 2.11236 8
 76.000000 -0.0307452 0.480453 0.126633 -7.45735 -2.96898 0.151533 2.11236 8
 76.500000 -0.100088 0.524082 0.207234 -7.61482 -2.96898 0.151533 2.11236 8
 77.000000 0.0786964 0.460129 0.0365419 -7.41984 -2.96898 0.151533 2.11236 8
 77.500000 0.0977616 0.575143 0.114231 -7.44585 -3.01292 0.151479 2.11352 8
 78.000000 0.101887 0.41897 -0.0114334 -7.01353 -3.01292 0.151479 2.11352 8
 78.500000 0.300868 0.51336 -0.0736978 -7.67403 -3.01292 0.151479 2.11352 8
 79.000000 0.198485 0.417544 -0.078458 -7.7311 -3.01292 0.151479 2.11352 8
 79.500000 -0.0532023 0.486462 0.146451 -6.42048 -3.01292 0.151479 2.11352 8
 80.000000 -0.422528 0.595826 0.466483 -12.2544 -3.05547 0.134647 2.11353 9
 80.500000 -0.305539 0.585913 0.387904 -9.64578 -3.05547 0.134647 2.11353 9
 81.000000 0.0345877 0.437582 0.0488733 -6.43057 -3.05547 0.134647 2.11353 9
 81.500000 -0.507076 0.463317 0.420806 -10.2788 -3.05547 0.134647 2.11353 9
 82.000000 -0.168018 0.536828 0.262061 -7.34302 -3.05547 0.134647 2.11353 9
 82.500000 -0.0508251 0.523646 0.173984 -6.44845 -3.0949 0.1513 2.11667 8
 83.000000 0.0937787 0.539924 0.0890733 -5.60324 -3.0949 0.1513 2.11667 8
 83.500000 0.520414 0.411542 -0.302894 -11.8051 -3.0949 0.1513 2.11667 8
 84.000000 0.183854 0.513433 0.00665367 -6.54382 -3.0949 0.1513 2.11667 8
 84.500000 0.467736 0.421794 -0.259175 -10.9278 -3.0949 0.1513 2.11667 8
 85.000000 0.131169 0.502085 0.0337344 -6.18212 -3.13229 0.151109 2.12077 8
 85.500000 0.135667 0.502519 0.0310049 -5.13541 -3.13229 0.151109 2.12077 8
 86.000000 0.373309 0.501885 -0.132491 -7.33132 -3.13229 0.151109 2.12077 8
 86.500000 0.0314595 0.578382 0.16172 -5.15295 -3.13229 0.151109 2.12077 8
 87.000000 -0.35205 0.595656 0.423945 -9.66117 -3.13229 0.151109 2.12077 8
 87.500000 -0.209096 0.563841 0.309707 -6.80477 -3.16906 0.151008 2.12297 8
 88.000000 0.025544 0.544245 0.138769 -5.05039 -3.16906 0.151008 2.12297 8
 88.500000 0.273733 0.521954 -0.048289 -5.78794 -3.16906 0.151008 2.12297 8
 89.000000 0.357869 0.432379 -0.175953 -8.48619 -3.16906 0.151008 2.12297 8
 89.500000 0.623946 0.551543 -0.266246 -11.0976 -3.16906 0.151008 2.12297 8
 90.000000 0.336093 0.49048 -0.115836 -6.95128 -3.20458 0.15092 2.12488 8
 90.500000 0.466195 0.462589 -0.226761 -7.15315 -3.20458 0.15092 2.12488 8
 91.000000 0.159752 0.459969 -0.0188697 -5.29306 -3.20458 0.15092 2.12488 8
 91.500000 0.239159 0.555338 0.00182952 -5.19503 -3.20458 0.15092 2.12488 8
 92.000000 -0.113179 0.469532 0.173411 -5.13333 -3.20458 0.15092 2.12488 8
 92.500000 0.0866347 0.483951 0.0498324 -5.0444 -3.23401 0.150319 2.13768 8
 93.000000 0.235642 0.456108 -0.0738098 -4.98167 -3.23401 0.150319 2.13768 8
 93.500000 -0.0310718 0.553689 0.184327 -4.81006 -3.23401 0.150319 2.13768 8
 94.000000 -0.0819498 0.552511 0.217394 -5.10137 -3.23401 0.150319 2.13768 8
 94.500000 -0.0847148 0.467234 0.152576 -4.52262 -3.23401 0.150319 2.13768 8
 95.000000 0.0187337 0.514567 0.120001 -4.26648 -3.25571 0.149148 2.16557 8
 95.500000 0.0485237 0.529523 0.111606 -3.26216 -3.25571 0.149148 2.16557 8
 96.000000 0.238962 0.400248 -0.119535 -5.53786 -3.25571 0.149148 2.16557 8
 96.500000 0.461352 0.574974 -0.135823 -5.76606 -3.25571 0.149148 2.16557 8
 97.000000 0.204513 0.396124 -0.099209 -5.2392 -3.25571 0.149148 2.16557 8
 97.500000 0.0711498 0.502684 0.0751005 -3.2976 -3.25703 0.165886 2.23903 7
 98.000000 0.234484 0.448785 -0.0787345 -4.27323 -3.25703 0.165886 2.23903 7
 98.500000 0.0751786 0.473019 0.0490452 -2.50435 -3.25703 0.165886 2.23903 7
 99.000000 -0.079686 0.490647 0.16749 -2.92158 -3.25703 0.165886 2.23903 7
 99.500000 0.438272 0.52705 -0.157506 -5.94369 -3.25703 0.165886 2.23903 7
 100.000000 0.592504 0.302022 -0.433755 -14.2176 -3.28878 0.14515 2.23903 8
 100.500000 0.242453 0.474407 -0.0641627 -3.84865 -3.28878 0.14515 2.23903 8
 101.000000 0.311729 0.464245 -0.119599 -5.03701 -3.28878 0.14515 2.23903 8
 101.500000 0.355661 0.5242 -0.102868 -4.67051 -3.28878 0.14515 2.23903 8
 102.000000 0.324177 0.38043 -0.192985 -6.47482 -3.28878 0.14515 2.23903 8
 102.500000 0.254961 0.405588 -0.126327 -5.18216 -3.31486 0.144601 2.25048 8
 103.000000 0.0621734 0.485979 0.0680656 -2.30659 -3.31486 0.144601 2.25048 8
 103.500000 0.0238665 0.436921 0.0556316 -2.34552 -3.31486 0.144601 2.25048 8
 104.000000 -0.210847 0.559134 0.307216 -5.37237 -3.31486 0.144601 2.25048 8
 104.500000 -0.0813532 0.631033 0.278471 -4.81887 -3.31486 0.144601 2.25048 8
 105.000000 -0.362508 0.570468 0.411651 -6.88585 -3.34386 0.144523 2.25257 8
 105.500000 -0.0699132 0.456193 0.134026 -2.47264 -3.34386 0.144523 2.25257 8
 106.000000 -0.290565 0.523549 0.331234 -5.46054 -3.34386 0.144523 2.25257 8
 106.500000 -0.130057 0.552189 0.249021 -4.18798 -3.34386 0.144523 2.25257 8
 107.000000 -0.202006 0.57464 0.313437 -5.30699 -3.34386 0.144523 2.25257 8
 107.500000 0.232324 0.497637 -0.0389944 -3.25406 -3.34118 0.126443 2.33072 9
 108.000000 0.130846 0.466585 0.00605841 -2.04479 -3.34118 0.126443 2.33072 9
 108.500000 0.0207375 0.447587 0.0660932 -2.02811 -3.34118 0.126443 2.33072 9
 109.000000 0.238645 0.518895 -0.0266025 -2.13364 -3.34118 0.126443 2.33072 9
 109.500000 -0.166135 0.468695 0.207981 -3.29696 -3.34118 0.126443 2.33072 9
 110.000000 -0.194154 0.5461 0.286326 -4.82381 -3.36289 0.125874 2.34741 9
 110.500000 0.0596871 0.407799 0.00857732 -2.04216 -3.36289 0.125874 2.34741 9
 111.000000 0.0261148 0.45873 0.0711692 -2.03745 -3.36289 0.125874 2.34741 9
 111.500000 0.201706 0.437918 -0.0647878 -2.33558 -3.36289 0.125874 2.34741 9
 112.000000 0.0991831 0.537708 0.0836435 -2.06631 -3.36289 0.125874 2.34741 9
 112.500000 -0.106893 0.536313 0.22131 -3.24258 -3.35944 0.12326 2.42802 9
 113.000000 0.106703 0.445479 0.00599255 -2.05006 -3.35944 0.12326 2.42802 9
 113.500000 0.519579 0.440079 -0.280551 -6.26007 -3.35944 0.12326 2.42802 9
 114.000000 0.747183 0.369826 -0.487365 -13.0685 -3.35944 0.12326 2.42802 9
 114.500000 0.970363 -0.0285352 -0.91075 -16 -3.35944 0.12326 2.42802 9
 115.000000 0.992267 -0.0430496 -0.934111 -16 -3.3861 0.110934 2.42802 10
 115.500000 0.976779 0.118396 -0.815987 -15.218 -3.3861 0.110934 2.42802 10
 116.000000 0.968197 -0.00480638 -0.893598 -14.4213 -3.3861 0.110934 2.42802 10
 116.500000 0.970062 -0.0440007 -0.920814 -14.3096 -3.3861 0.110934 2.42802 10
 117.000000 0.919341 0.0559184 -0.821796 -15.146 -3.3861 0.110934 2.42802 10
 117.500000 0.947803 0.0473109 -0.845728 -14.8562 -3.41208 0.100849 2.42802 11
 118.000000 0.958093 -0.0356455 -0.907756 -13.2767 -3.41208 0.100849 2.42802 11
 118.500000 0.922979 0.00900487 -0.855775 -13.1607 -3.41208 0.100849 2.42802 11
 119.000000 1.00244 0.0890059 -0.852309 -13.1645 -3.41208 0.100849 2.42802 11
 119.500000 0.963673 0.0549481 -0.850658 -13.1668 -3.41208 0.100849 2.42802 11
 120.000000 0.97519 -0.0282205 -0.913575 -13.3089 -3.4374 0.110934 2.42802 10
 120.500000 0.973125 0.0364426 -0.869108 -11.8629 -3.4374 0.110934 2.42802 10
 121.000000 0.896129 0.0147248 -0.834896 -12.1002 -3.4374 0.110934 2.42802 10
 121.500000 0.891189 0.009452 -0.835317 -12.0963 -3.4374 0.110934 2.42802 10
 122.000000 1.01208 0.0207041 -0.904261 -11.7842 -3.4374 0.110934 2.42802 10
 122.500000 0.979248 -0.0139306 -0.906635 -11.785 -3.46208 0.110933 2.42804 10
 123.000000 0.952455 0.0854582 -0.822862 -10.8766 -3.46208 0.110933 2.42804 10
 123.500000 0.968825 0.043407 -0.861703 -10.5325 -3.46208 0.110933 2.42804 10
 124.000000 0.994107 -0.0218102 -0.92121 -10.413 -3.46208 0.110933 2.42804 10
 124.500000 0.941941 -0.0128134 -0.88238 -10.4349 -3.46208 0.110933 2.42804 10
 125.000000 1.01128 0.0141519 -0.90812 -10.3969 -3.48616 0.110931 2.4281 10
 125.500000 0.961592 0.0157756 -0.875671 -9.15832 -3.48616 0.110931 2.4281 10
 126.000000 0.998132 0.0134344 -0.900311 -9.09267 -3.48616 0.110931 2.4281 10
 126.500000 0.96862 0.0650753 -0.846966 -9.33901 -3.48616 0.110931 2.4281 10
 127.000000 0.905101 -0.0017857 -0.851703 -9.30147 -3.48616 0.110931 2.4281 10
 127.500000 0.963196 0.0243618 -0.87093 -9.18043 -3.50961 0.110924 2.42832 10
 128.000000 0.989296 0.0843763 -0.847075 -7.98882 -3.50961 0.110924 2.42832 10
 128.500000 0.957925 -9.63288e-05 -0.883972 -7.91405 -3.50961 0.110924 2.42832 10
 129.000000 0.967274 -0.0139628 -0.899117 -7.93373 -3.50961 0.110924 2.42832 10
 129.500000 0.959478 0.0726587 -0.83602 -8.0451 -3.50961 0.110924 2.42832 10
 130.000000 0.955184 0.0977848 -0.816222 -8.18491 -3.53238 0.110905 2.42892 10
 130.500000 0.975386 0.0526204 -0.859663 -6.93546 -3.53238 0.110905 2.42892 10
 131.000000 0.936405 0.0330829 -0.848085 -6.91529 -3.53238 0.110905 2.42892 10
 131.500000 0.965447 0.0646148 -0.845259 -6.91268 -3.53238 0.110905 2.42892 10
 132.000000 0.917865 0.0726412 -0.809496 -6.95817 -3.53238 0.110905 2.42892 10
 132.500000 0.939536 -0.0486959 -0.904756 -7.15934 -3.55425 0.11085 2.43057 10
 133.000000 0.914019 0.0786341 -0.802957 -6.26963 -3.55425 0.11085 2.43057 10
 133.500000 0.957093 0.0337765 -0.860741 -5.9604 -3.55425 0.11085 2.43057 10
 134.000000 0.940142 0.0842281 -0.815838 -6.1694 -3.55425 0.11085 2.43057 10
 134.500000 0.98321 0.0426298 -0.871343 -5.94289 -3.55425 0.11085 2.43057 10
 135.000000 0.952977 0.024037 -0.864678 -5.95248 -3.57421 0.110669 2.43609 10
 135.500000 0.909015 0.0803214 -0.798608 -5.16517 -3.57421 0.110669 2.43609 10
 136.000000 0.953151 0.0904857 -0.819889 -5.01067 -3.57421 0.110669 2.43609 10
 136.500000 0.969588 0.0152512 -0.881076 -4.86823 -3.57421 0.110669 2.43609 10
 137.000000 1.03368 0.014749 -0.921831 -5.0218 -3.57421 0.110669 2.43609 10
 137.500000 0.945427 -0.0123574 -0.884274 -4.8731 -3.5898 0.110141 2.45233 10
 138.000000 0.943749 0.0786322 -0.821943 -4.03377 -3.5898 0.110141 2.45233 10
 138.500000 0.901694 0.0168548 -0.836992 -3.94038 -3.5898 0.110141 2.45233 10
 139.000000 0.972063 0.122395 -0.810242 -4.12577 -3.5898 0.110141 2.45233 10
 139.500000 0.96942 0.0140794 -0.881754 -3.82859 -3.5898 0.110141 2.45233 10
 140.000000 0.927391 0.0376831 -0.839258 -3.92876 -3.59581 0.108811 2.49405 10
 140.500000 0.972233 0.00341528 -0.890657 -2.97199 -3.59581 0.108811 2.49405 10
 141.000000 0.958523 -0.02337 -0.899868 -3.01785 -3.59581 0.108811 2.49405 10
 141.500000 0.919622 -0.0159513 -0.870386 -2.90714 -3.59581 0.108811 2.49405 10
 142.000000 0.949244 0.0499991 -0.844829 -2.8961 -3.59581 0.108811 2.49405 10
 142.500000 0.983544 -0.0122126 -0.908197 -3.06814 -3.58173 0.105828 2.59257 10
 143.000000 0.917553 -0.00713502 -0.863174 -2.06583 -3.58173 0.105828 2.59257 10
 143.500000 0.984521 0.027988 -0.88199 -2.03521 -3.58173 0.105828 2.59257 10
 144.000000 0.976944 0.0529917 -0.860402 -2.07381 -3.58173 0.105828 2.59257 10
 144.500000 0.957411 0.0187501 -0.871032 -2.04805 -3.58173 0.105828 2.59257 10
 145.000000 0.955051 0.00749669 -0.877079 -2.03924 -3.51078 0.0985106 2.86339 10
 145.500000 0.953032 0.00909464 -0.874733 -1.11498 -3.51078 0.0985106 2.86339 10
 146.000000 0.946658 0.0867097 -0.818311 -1.36158 -3.51078 0.0985106 2.86339 10
 146.500000 0.987409 -0.0318564 -0.92366 -1.23181 -3.51078 0.0985106 2.86339 10
 147.000000 0.943132 0.173578 -0.756468 -2.10109 -3.51078 0.0985106 2.86339 10
 147.500000 0.97121 0.0555179 -0.855061 -1.15458 -3.33912 0.0853189 3.47406 10
 148.000000 0.951214 -0.0299801 -0.899664 -0.344715 -3.33912 0.0853189 3.47406 10
 148.500000 0.971679 0.0219696 -0.8779 -0.273102 -3.33912 0.0853189 3.47406 10
 149.000000 0.94863 0.10721 -0.805606 -0.503172 -3.33912 0.0853189 3.47406 10
 149.500000 0.958298 0.00059518 -0.883746 -0.285933 -3.33912 0.0853189 3.47406 10
 150.000000 0.962478 0.0492932 -0.853712 -0.270004 -3.00646 0.0671517 4.47158 10
 150.500000 0.994888 0.0388224 -0.88129 0.478421 -3.00646 0.0671517 4.47158 10
 151.000000 0.930972 -0.00889549 -0.872835 0.503146 -3.00646 0.0671517 4.47158 10
 151.500000 0.981248 0.00949853 -0.892286 0.42983 -3.00646 0.0671517 4.47158 10
 152.000000 0.944419 0.0574569 -0.836722 0.485002 -3.00646 0.0671517 4.47158 10
 152.500000 0.952819 0.0565742 -0.842662 0.501765 -2.52954 0.0505424 4.88901 10
 153.000000 0.964947 0.0814922 -0.833519 1.10423 -2.52954 0.0505424 4.88901 10
 153.500000 0.950805 0.0512392 -0.844984 1.12292 -2.52954 0.0505424 4.88901 10
 154.000000 0.991799 0.0599536 -0.865142 1.10352 -2.52954 0.0505424 4.88901 10
 154.500000 1.0208 0.0172859 -0.912034 0.800701 -2.52954 0.0505424 4.88901 10
 155.000000 0.941634 0.0331138 -0.851383 1.12398 -2.00098 0.0395638 4.57845 10
 155.500000 0.963075 -0.0332373 -0.909289 1.22743 -2.00098 0.0395638 4.57845 10
 156.000000 0.999842 0.0746174 -0.860371 1.51178 -2.00098 0.0395638 4.57845 10
 156.500000 0.941061 0.0231635 -0.857715 1.51568 -2.00098 0.0395638 4.57845 10
 157.000000 0.941493 0.0735551 -0.823951 1.46171 -2.00098 0.0395638 4.57845 10
 157.500000 0.896754 -0.013034 -0.853973 1.51917 -1.53337 0.0338347 4.61076 10
 158.000000 0.925452 -0.0652411 -0.906884 1.48828 -1.53337 0.0338347 4.61076 10
 158.500000 0.99004 -0.0129721 -0.912788 1.42965 -1.53337 0.0338347 4.61076 10
 159.000000 0.903627 0.105244 -0.778109 1.28045 -1.53337 0.0338347 4.61076 10
 159.500000 0.923427 0.0536068 -0.825966 1.68957 -1.53337 0.0338347 4.61076 10
 160.000000 0.938326 0.031828 -0.85015 1.74699 -1.15707 0.0310434 5.02937 10
 160.500000 0.970342 0.0153307 -0.8815 1.79487 -1.15707 0.0310434 5.02937 10
 161.000000 0.928873 -0.00246977 -0.867205 1.85284 -1.15707 0.0310434 5.02937 10
 161.500000 0.996238 0.000724989 -0.907583 1.59656 -1.15707 0.0310434 5.02937 10
 162.000000 0.940675 0.105042 -0.801994 1.66168 -1.15707 0.0310434 5.02937 10
 162.500000 0.978645 0.000267011 -0.896802 1.69303 -0.905707 0.0299087 5.87526 10
 163.000000 0.967119 0.0668891 -0.844786 1.91287 -0.905707 0.0299087 5.87526 10
 163.500000 0.95139 0.0123284 -0.871529 1.93535 -0.905707 0.0299087 5.87526 10
 164.000000 0.966234 0.0733417 -0.839859 1.8956 -0.905707 0.0299087 5.87526 10
 164.500000 0.960174 0.0288499 -0.866004 1.94057 -0.905707 0.0299087 5.87526 10
 165.000000 0.992446 -0.0652663 -0.94887 1.32351 -0.772072 0.0379434 6.86938 11
 165.500000 0.968933 -0.0228732 -0.906089 1.5762 -0.772072 0.0379434 6.86938 11
 166.000000 1.00401 0.0621433 -0.871415 1.65592 -0.772072 0.0379434 6.86938 11
 166.500000 0.955967 -0.0100607 -0.88939 1.63579 -0.772072 0.0379434 6.86938 11
 167.000000 0.935427 0.0286179 -0.850473 1.62025 -0.772072 0.0379434 6.86938 11
 167.500000 0.967037 0.0399068 -0.862923 1.64923 -0.611734 0.0376876 7.80359 11
 168.000000 0.930343 0.00946234 -0.860132 1.69305 -0.611734 0.0376876 7.80359 11
 168.500000 0.948677 0.00289697 -0.876129 1.6979 -0.611734 0.0376876 7.80359 11
 169.000000 0.941021 0.00520288 -0.869746 1.70083 -0.611734 0.0376876 7.80359 11
 169.500000 0.950183 -0.00224526 -0.88052 1.69216 -0.611734 0.0376876 7.80359 11
 170.000000 0.896698 0.091936 -0.782785 1.07552 -0.540894 0.0436729 8.71491 12
 170.500000 0.969782 0.0402712 -0.864418 1.52257 -0.540894 0.0436729 8.71491 12
 171.000000 0.9612 -0.0151322 -0.89607 1.44898 -0.540894 0.0436729 8.71491 12
 171.500000 0.999046 0.0767125 -0.858452 1.52041 -0.540894 0.0436729 8.71491 12
 172.000000 0.926433 0.120701 -0.782146 1.03663 -0.540894 0.0436729 8.71491 12
 172.500000 0.986324 0.0103257 -0.894936 1.45408 -0.441835 0.0441794 9.71362 12
 173.000000 0.962596 0.0318737 -0.865507 1.54608 -0.441835 0.0441794 9.71362 12
 173.500000 0.932342 0.138697 -0.773579 0.856278 -0.441835 0.0441794 9.71362 12
 174.000000 0.972096 0.0580865 -0.853892 1.52933 -0.441835 0.0441794 9.71362 12
 174.500000 0.933212 0.0288172 -0.848933 1.51595 -0.441835 0.0441794 9.71362 12
 175.000000 0.962826 0.0311221 -0.866158 1.54642 -0.34502 0.0443432 10.6978 12
 175.500000 0.912319 0.0849276 -0.797578 1.16287 -0.34502 0.0443432 10.6978 12
 176.000000 0.972432 0.0650504 -0.849407 1.54549 -0.34502 0.0443432 10.6978 12
 176.500000 0.943615 0.0196021 -0.861726 1.57203 -0.34502 0.0443432 10.6978 12
 177.000000 0.935749 0.0322239 -0.848248 1.54171 -0.34502 0.0443432 10.6978 12
 177.500000 0.979291 0.0303951 -0.87707 1.57014 -0.257125 0.0445341 11.679 12
 178.000000 0.906117 0.060801 -0.810049 1.28903 -0.257125 0.0445341 11.679 12
 178.500000 0.955984 -0.020742 -0.89652 1.5382 -0.257125 0.0445341 11.679 12
 179.000000 0.989679 0.0628886 -0.86182 1.59522 -0.257125 0.0445341 11.679 12
 179.500000 0.934095 0.0253609 -0.851821 1.57237 -0.257125 0.0445341 11.679 12
 180.000000 0.978974 0.0268101 -0.879271 1.59299 -0.17669 0.0447244 12.6573 12
 180.500000 0.977852 0.0514429 -0.862021 1.61531 -0.17669 0.0447244 12.6573 12
 181.000000 0.960548 -0.00139355 -0.886495 1.60055 -0.17669 0.0447244 12.6573 12
 181.500000 0.958245 0.00520736 -0.880629 1.61425 -0.17669 0.0447244 12.6573 12
 182.000000 0.970879 0.0403367 -0.86507 1.61955 -0.17669 0.0447244 12.6573 12
 182.500000 0.974436 -0.0210606 -0.908346 1.49342 -0.112448 0.0453469 13.6564 12
 183.000000 0.952675 0.068108 -0.834769 1.47911 -0.112448 0.0453469 13.6564 12
 183.500000 0.978288 -0.0411409 -0.924082 1.40377 -0.112448 0.0453469 13.6564 12
 184.000000 0.918576 0.0278348 -0.840305 1.51801 -0.112448 0.0453469 13.6564 12
 184.500000 0.997014 0.122715 -0.825986 1.40584 -0.112448 0.0453469 13.6564 12
 185.000000 0.999654 -0.0553226 -0.946831 1.1456 -0.0749985 0.0452372 14.5845 12
 185.500000 0.959174 0.0361726 -0.860449 1.5837 -0.0749985 0.0452372 14.5845 12
 186.000000 0.96401 -0.00417 -0.890532 1.6008 -0.0749985 0.0452372 14.5845 12
 186.500000 0.972882 0.0244019 -0.877032 1.61311 -0.0749985 0.0452372 14.5845 12
 187.000000 0.954045 0.0458885 -0.850653 1.54322 -0.0749985 0.0452372 14.5845 12
 187.500000 0.978142 -0.0164023 -0.907582 1.53903 -0.0166874 0.0458537 15.5767 12
 188.000000 0.944047 0.021126 -0.860977 1.5862 -0.0166874 0.0458537 15.5767 12
 188.500000 1.02685 -0.0550679 -0.96366 1.00698 -0.0166874 0.0458537 15.5767 12
 189.000000 0.97447 -0.0468615 -0.925472 1.44859 -0.0166874 0.0458537 15.5767 12
 189.500000 0.966974 -0.0184803 -0.901935 1.58779 -0.0166874 0.0458537 15.5767 12
 190.000000 0.951862 0.01467 -0.870257 1.61378 0.041946 0.04599 16.5503 12
 190.500000 0.996847 0.121078 -0.826993 1.36721 0.041946 0.04599 16.5503 12
 191.000000 1.00848 -0.0131259 -0.924485 1.45545 0.041946 0.04599 16.5503 12
 191.500000 0.902279 0.0322381 -0.826973 1.367 0.041946 0.04599 16.5503 12
 192.000000 0.97094 -0.00370673 -0.894593 1.62456 0.041946 0.04599 16.5503 12
 192.500000 0.974638 0.0791538 -0.841276 1.49553 0.088365 0.0463285 17.5496 12
 193.000000 0.952319 -0.0151471 -0.890483 1.63548 0.088365 0.0463285 17.5496 12
 193.500000 1.00316 0.00840949 -0.906827 1.56557 0.088365 0.0463285 17.5496 12
 194.000000 0.951454 0.0245433 -0.863373 1.63538 0.088365 0.0463285 17.5496 12
 194.500000 0.975413 0.0806583 -0.840752 1.52352 0.088365 0.0463285 17.5496 12
 195.000000 0.959233 0.0479555 -0.852553 1.59457 0.137286 0.0465051 18.5334 12
 195.500000 0.960448 0.0504598 -0.851637 1.61294 0.137286 0.0465051 18.5334 12
 196.000000 0.966208 0.0218344 -0.874531 1.66773 0.137286 0.0465051 18.5334 12
 196.500000 0.954531 0.090621 -0.820678 1.36715 0.137286 0.0465051 18.5334 12
 197.000000 0.941468 0.0225151 -0.858409 1.64041 0.137286 0.0465051 18.5334 12
 197.500000 0.942733 0.066637 -0.829433 1.45657 0.175162 0.0469656 19.5329 12
 198.000000 0.966029 0.0342032 -0.866118 1.66947 0.175162 0.0469656 19.5329 12
 198.500000 0.978123 0.0431431 -0.867774 1.671 0.175162 0.0469656 19.5329 12
 199.000000 0.995185 -0.0163927 -0.918295 1.44866 0.175162 0.0469656 19.5329 12
 199.500000 0.929922 0.0343536 -0.843113 1.58942 0.175162 0.0469656 19.5329 12
 200.000000 0.989838 -0.0438396 -0.93311 1.28748 0.20312 0.0480189 20.504 12
 200.500000 0.961761 0.0654827 -0.842328 1.53627 0.20312 0.0480189 20.504 12
 201.000000 0.977322 0.0295365 -0.8764 1.63748 0.20312 0.0480189 20.504 12
 201.500000 0.942605 -0.0433297 -0.903122 1.55759 0.20312 0.0480189 20.504 12
 202.000000 0.938434 0.077904 -0.819047 1.33364 0.20312 0.0480189 20.504 12
 202.500000 0.94666 0.0877173 -0.817627 1.31776 0.230795 0.0523127 21.4846 12
 203.000000 0.946008 0.0300558 -0.856215 1.52752 0.230795 0.0523127 21.4846 12
 203.500000 0.935689 0.00225553 -0.868349 1.54776 0.230795 0.0523127 21.4846 12
 204.000000 0.936128 -0.0176663 -0.881952 1.53752 0.230795 0.0523127 21.4846 12
 204.500000 0.971118 -0.0464447 -0.923094 1.29824 0.230795 0.0523127 21.4846 12
 205.000000 0.970252 0.0138238 -0.882451 1.53649 0.266504 0.0526391 22.4794 12
 205.500000 1.05469 0.00127015 -0.943967 1.05848 0.266504 0.0526391 22.4794 12
 206.000000 0.949227 -0.0260775 -0.895817 1.50529 0.266504 0.0526391 22.4794 12
 206.500000 0.960325 0.0855883 -0.827794 1.36692 0.266504 0.0526391 22.4794 12
 207.000000 0.977923 0.00930349 -0.890317 1.52798 0.266504 0.0526391 22.4794 12
 207.500000 0.960221 -0.021779 -0.899878 1.48478 0.297762 0.0530948 23.4791 12
 208.000000 0.933396 0.0366557 -0.843766 1.47718 0.297762 0.0530948 23.4791 12
 208.500000 0.99292 -0.0353901 -0.929457 1.25945 0.297762 0.0530948 23.4791 12
 209.000000 0.940705 -0.0158953 -0.883657 1.56011 0.297762 0.0530948 23.4791 12
 209.500000 0.974187 0.0336518 -0.871655 1.56925 0.297762 0.0530948 23.4791 12
 210.000000 0.951497 0.0180746 -0.867743 1.56591 0.330818 0.0533398 24.4693 12
 210.500000 0.938069 -0.015349 -0.881629 1.57457 0.330818 0.0533398 24.4693 12
 211.000000 0.911912 0.018224 -0.842555 1.48033 0.330818 0.0533398 24.4693 12
 211.500000 0.948094 0.0951764 -0.813467 1.19808 0.330818 0.0533398 24.4693 12
 212.000000 0.918586 0.0347979 -0.83561 1.42943 0.330818 0.0533398 24.4693 12
 212.500000 0.959411 0.0247842 -0.868251 1.57893 0.362566 0.0535678 25.4575 12
 213.000000 0.944746 -0.00106539 -0.876298 1.59217 0.362566 0.0535678 25.4575 12
 213.500000 0.958157 0.0680826 -0.838276 1.45938 0.362566 0.0535678 25.4575 12
 214.000000 0.957243 0.0208617 -0.86951 1.59203 0.362566 0.0535678 25.4575 12
 214.500000 0.957416 0.0264006 -0.865902 1.5878 0.362566 0.0535678 25.4575 12
 215.000000 0.966279 0.0418761 -0.861118 1.57773 0.392509 0.0538015 26.4471 12
 215.500000 0.982055 0.0629365 -0.856947 1.57721 0.392509 0.0538015 26.4471 12
 216.000000 0.962882 -0.0094617 -0.89335 1.55279 0.392509 0.0538015 26.4471 12
 216.500000 0.943923 0.00880383 -0.869168 1.60291 0.392509 0.0538015 26.4471 12
 217.000000 0.868039 0.0438037 -0.797306 0.957725 0.392509 0.0538015 26.4471 12
 217.500000 0.951501 0.0348924 -0.856445 1.57542 0.420762 0.0540474 27.4381 12
 218.000000 0.973319 0.0414293 -0.865881 1.6102 0.420762 0.0540474 27.4381 12
 218.500000 0.937487 0.0437842 -0.841554 1.50889 0.420762 0.0540474 27.4381 12
 219.000000 0.934595 0.016054 -0.858397 1.59408 0.420762 0.0540474 27.4381 12
 219.500000 1.02449 -0.111499 -0.999079 -0.214312 0.420762 0.0540474 27.4381 12
 220.000000 0.97326 -0.0324136 -0.915144 1.38749 0.440924 0.0562372 28.4294 12
 220.500000 1.03638 -0.00581071 -0.937163 1.11232 0.440924 0.0562372 28.4294 12
 221.000000 0.955811 0.0469229 -0.851076 1.51536 0.440924 0.0562372 28.4294 12
 221.500000 1.03634 0.0473178 -0.901813 1.4817 0.440924 0.0562372 28.4294 12
 222.000000 1.00109 0.0207435 -0.897302 1.50857 0.440924 0.0562372 28.4294 12
 222.500000 0.903193 -0.0434645 -0.878401 1.57075 0.466461 0.0565068 29.4215 12
 223.000000 0.917339 0.0758151 -0.806999 1.04902 0.466461 0.0565068 29.4215 12
 223.500000 0.994135 0.0119096 -0.898807 1.50817 0.466461 0.0565068 29.4215 12
 224.000000 0.946719 0.0222821 -0.861893 1.56634 0.466461 0.0565068 29.4215 12
 224.500000 0.958401 0.0248741 -0.867551 1.57851 0.466461 0.0565068 29.4215 12
 225.000000 0.987855 0.0167803 -0.891593 1.54495 0.489846 0.0568595 30.418 12
 225.500000 0.945958 0.00967643 -0.86987 1.58799 0.489846 0.0568595 30.418 12
 226.000000 0.977511 0.0260047 -0.878886 1.58853 0.489846 0.0568595 30.418 12
 226.500000 0.929718 -0.0278439 -0.884702 1.57831 0.489846 0.0568595 30.418 12
 227.000000 0.956367 0.068207 -0.837052 1.41676 0.489846 0.0568595 30.418 12
 227.500000 0.926231 0.0315592 -0.842654 1.4648 0.509543 0.0572039 31.4175 12
 228.000000 0.96803 -0.0143363 -0.899842 1.50633 0.509543 0.0572039 31.4175 12
 228.500000 1.02134 -0.076649 -0.974374 0.352649 0.509543 0.0572039 31.4175 12
 229.000000 0.964266 0.0149608 -0.877907 1.59245 0.509543 0.0572039 31.4175 12
 229.500000 0.88547 0.0994596 -0.770424 0.283812 0.509543 0.0572039 31.4175 12
 230.000000 0.956301 0.0347053 -0.859614 1.57288 0.531864 0.0574237 32.41 12
 230.500000 0.917634 0.0351917 -0.834739 1.42159 0.531864 0.0574237 32.41 12
 231.000000 0.922122 0.0605405 -0.820433 1.25632 0.531864 0.0574237 32.41 12
 231.500000 0.995558 0.0238304 -0.891747 1.55515 0.531864 0.0574237 32.41 12
 232.000000 0.951906 0.0712121 -0.832177 1.39586 0.531864 0.0574237 32.41 12
 232.500000 0.932226 0.102919 -0.798035 0.892739 0.536964 0.056689 33.209 12
 233.000000 0.980299 -0.00323607 -0.900179 1.50132 0.536964 0.056689 33.209 12
 233.500000 0.962061 0.0579084 -0.847636 1.53479 0.536964 0.056689 33.209 12
 234.000000 0.961954 0.0228716 -0.871143 1.60517 0.536964 0.056689 33.209 12
 234.500000 0.971943 -0.000665097 -0.893198 1.54542 0.536964 0.056689 33.209 12
 235.000000 0.986625 0.0855645 -0.84457 1.5154 0.556085 0.0570035 34.208 12
 235.500000 0.918899 0.152333 -0.75552 -0.048371 0.556085 0.0570035 34.208 12
 236.000000 0.92366 0.110966 -0.78704 0.734716 0.556085 0.0570035 34.208 12
 236.500000 0.956836 0.0797863 -0.829506 1.4013 0.556085 0.0570035 34.208 12
 237.000000 0.984661 -0.0384807 -0.926321 1.21142 0.556085 0.0570035 34.208 12
 237.500000 0.934104 0.0425811 -0.840216 1.49765 0.573903 0.0573453 35.2079 12
 238.000000 0.923998 0.0311414 -0.841517 1.52072 0.573903 0.0573453 35.2079 12
 238.500000 0.975984 0.0253835 -0.878336 1.60417 0.573903 0.0573453 35.2079 12
 239.000000 0.932401 -0.0436752 -0.896934 1.51272 0.573903 0.0573453 35.2079 12
 239.500000 0.950743 -0.0161704 -0.890171 1.55622 0.573903 0.0573453 35.2079 12
 240.000000 0.886888 -0.0316179 -0.860194 1.60726 0.594268 0.0575354 36.1915 12
 240.500000 0.885062 0.0933634 -0.774345 0.451487 0.594268 0.0575354 36.1915 12
 241.000000 0.918422 0.0659207 -0.81442 1.23732 0.594268 0.0575354 36.1915 12
 241.500000 0.986422 0.0111807 -0.894427 1.53335 0.594268 0.0575354 36.1915 12
 242.000000 0.963415 0.0214081 -0.873049 1.62214 0.594268 0.0575354 36.1915 12
 242.500000 0.941344 0.0441215 -0.843777 1.54537 0.611959 0.0578202 37.1883 12
 243.000000 0.963968 0.0520719 -0.852785 1.60346 0.611959 0.0578202 37.1883 12
 243.500000 0.92372 0.0394629 -0.835723 1.49659 0.611959 0.0578202 37.1883 12
 244.000000 0.95222 -0.00783639 -0.885542 1.58473 0.611959 0.0578202 37.1883 12
 244.500000 0.995434 -0.0127235 -0.916016 1.30865 0.611959 0.0578202 37.1883 12
 245.000000 0.990995 0.0507658 -0.870811 1.62943 0.631394 0.0579895 38.1669 12
 245.500000 1.0234 0.0674698 -0.880128 1.61671 0.631394 0.0579895 38.1669 12
 246.000000 0.97348 0.0499309 -0.860265 1.63343 0.631394 0.0579895 38.1669 12
 246.500000 0.942946 0.0905563 -0.813323 1.23066 0.631394 0.0579895 38.1669 12
 247.000000 1.00316 -0.00993767 -0.919028 1.26874 0.631394 0.0579895 38.1669 12
 247.500000 0.964008 -7.55289e-07 -0.887748 1.58098 0.648657 0.0582556 39.1591 12
 248.000000 0.958027 0.0274807 -0.865564 1.64586 0.648657 0.0582556 39.1591 12
 248.500000 0.96569 0.0378267 -0.863467 1.64371 0.648657 0.0582556 39.1591 12
 249.000000 0.993097 0.00967778 -0.89964 1.50464 0.648657 0.0582556 39.1591 12
 249.500000 0.929375 0.010315 -0.858946 1.63477 0.648657 0.0582556 39.1591 12
 250.000000 1.00937 0.0311284 -0.895597 1.53855 0.664133 0.0585927 40.1574 12
 250.500000 0.960151 -0.0164139 -0.896262 1.54509 0.664133 0.0585927 40.1574 12
 251.000000 0.988209 0.00274931 -0.901177 1.50323 0.664133 0.0585927 40.1574 12
 251.500000 1.03439 0.00727067 -0.927244 1.16932 0.664133 0.0585927 40.1574 12
 252.000000 0.885557 0.0792982 -0.784293 0.613284 0.664133 0.0585927 40.1574 12
 252.500000 0.929394 -0.0367168 -0.890411 1.58598 0.680281 0.0588582 41.1493 12
 253.000000 0.975417 0.00743043 -0.889986 1.59851 0.680281 0.0588582 41.1493 12
 253.500000 0.954581 0.0627108 -0.839634 1.52021 0.680281 0.0588582 41.1493 12
 254.000000 0.938577 -0.0482466 -0.903855 1.48877 0.680281 0.0588582 41.1493 12
 254.500000 0.946454 0.0304254 -0.85625 1.62931 0.680281 0.0588582 41.1493 12
 255.000000 1.02425 0.0598569 -0.885776 1.62074 0.696753 0.0590685 42.1336 12
 255.500000 0.928243 0.0225985 -0.849969 1.59941 0.696753 0.0590685 42.1336 12
 256.000000 0.973001 -0.00628527 -0.897612 1.55463 0.696753 0.0590685 42.1336 12
 256.500000 0.957436 0.0472819 -0.851866 1.61079 0.696753 0.0590685 42.1336 12
 257.000000 0.960117 0.0259812 -0.867894 1.66326 0.696753 0.0590685 42.1336 12
 257.500000 0.982776 0.0735513 -0.850243 1.60112 0.712112 0.0592719 43.1236 12
 258.000000 0.945978 -0.0139655 -0.885696 1.63178 0.712112 0.0592719 43.1236 12
 258.500000 0.963927 0.0655797 -0.843641 1.56426 0.712112 0.0592719 43.1236 12
 259.000000 1.02172 -0.0146754 -0.933821 1.05251 0.712112 0.0592719 43.1236 12
 259.500000 0.979101 0.0684498 -0.851351 1.61758 0.712112 0.0592719 43.1236 12
 260.000000 0.947975 -0.0551477 -0.914334 1.36835 0.721727 0.0609678 44.1071 12
 260.500000 0.899911 0.13185 -0.757422 -0.264598 0.721727 0.0609678 44.1071 12
 261.000000 0.958886 0.0120042 -0.876485 1.63553 0.721727 0.0609678 44.1071 12
 261.500000 0.961367 0.0571637 -0.847697 1.55725 0.721727 0.0609678 44.1071 12
 262.000000 0.958537 0.060476 -0.843662 1.52617 0.721727 0.0609678 44.1071 12
 262.500000 0.997405 -0.0644717 -0.951447 0.690532 0.72141 0.0599222 44.7984 12
 263.000000 0.984921 -0.036939 -0.925463 1.22675 0.72141 0.0599222 44.7984 12
 263.500000 0.935851 0.0322712 -0.848281 1.56781 0.72141 0.0599222 44.7984 12
 264.000000 0.981069 -0.041478 -0.92605 1.21765 0.72141 0.0599222 44.7984 12
 264.500000 0.970655 0.070052 -0.844898 1.5425 0.72141 0.0599222 44.7984 12
 265.000000 0.932838 0.0477515 -0.835918 1.45866 0.732473 0.0602482 45.7968 12
 265.500000 0.975257 0.00976828 -0.888323 1.60331 0.732473 0.0602482 45.7968 12
 266.000000 0.963671 0.0708117 -0.83994 1.51206 0.732473 0.0602482 45.7968 12
 266.500000 0.957093 0.165869 -0.770798 0.173548 0.732473 0.0602482 45.7968 12
 267.000000 0.949362 0.0106171 -0.871393 1.65138 0.732473 0.0602482 45.7968 12
 267.500000 0.962066 0.0349936 -0.863075 1.64364 0.747384 0.060384 46.773 12
 268.000000 0.958469 0.00200127 -0.882914 1.63385 0.747384 0.060384 46.773 12
 268.500000 0.977639 0.0224789 -0.881328 1.63973 0.747384 0.060384 46.773 12
 269.000000 0.992051 0.0316158 -0.884323 1.62798 0.747384 0.060384 46.773 12
 269.500000 0.961214 -0.0245019 -0.902314 1.50092 0.747384 0.060384 46.773 12
 270.000000 0.993958 0.0399595 -0.87994 1.64425 0.761799 0.0605629 47.7503 12
 270.500000 0.941412 0.0370641 -0.84858 1.59181 0.761799 0.0605629 47.7503 12
 271.000000 0.991058 0.0817034 -0.850003 1.60131 0.761799 0.0605629 47.7503 12
 271.500000 0.947784 0.0227594 -0.862247 1.65646 0.761799 0.0605629 47.7503 12
 272.000000 0.937851 -0.0137678 -0.880436 1.65077 0.761799 0.0605629 47.7503 12
 272.500000 0.926018 0.0344727 -0.840553 1.52613 0.773097 0.0608278 48.7499 12
 273.000000 0.9454 0.0445185 -0.846086 1.58399 0.773097 0.0608278 48.7499 12
 273.500000 0.917464 0.0323973 -0.836519 1.49782 0.773097 0.0608278 48.7499 12
 274.000000 0.939208 0.0807136 -0.817631 1.24172 0.773097 0.0608278 48.7499 12
 274.500000 0.959576 0.0799746 -0.831125 1.43627 0.773097 0.0608278 48.7499 12
 275.000000 0.870315 0.085956 -0.769963 0.110912 0.768338 0.0592553 49.1848 12
 275.500000 0.976367 -0.0321064 -0.916892 1.3379 0.768338 0.0592553 49.1848 12
 276.000000 0.950954 -0.00120963 -0.880315 1.67088 0.768338 0.0592553 49.1848 12
 276.500000 0.993511 0.0580677 -0.867497 1.69004 0.768338 0.0592553 49.1848 12
 277.000000 0.997535 0.0578588 -0.87019 1.69032 0.768338 0.0592553 49.1848 12
 277.500000 0.983539 0.0334962 -0.877679 1.67905 0.782662 0.0594022 50.1484 12
 278.000000 1.0136 0.0117724 -0.911167 1.42142 0.782662 0.0594022 50.1484 12
 278.500000 0.927596 0.0952751 -0.800291 0.927594 0.782662 0.0594022 50.1484 12
 279.000000 0.95527 -0.024043 -0.898268 1.56524 0.782662 0.0594022 50.1484 12
 279.500000 0.913841 0.012515 -0.847624 1.62074 0.782662 0.0594022 50.1484 12
 280.000000 0.933674 0.0278218 -0.849897 1.63606 0.795537 0.0595547 51.1299 12
 280.500000 1.01243 0.0578859 -0.87961 1.68541 0.795537 0.0595547 51.1299 12
 281.000000 0.944289 0.0559914 -0.83763 1.54434 0.795537 0.0595547 51.1299 12
 281.500000 0.951039 0.03812 -0.853979 1.66875 0.795537 0.0595547 51.1299 12
 282.000000 0.980403 0.0931523 -0.835466 1.52125 0.795537 0.0595547 51.1299 12
 282.500000 0.913765 0.106749 -0.783582 0.525614 0.793282 0.058663 51.7387 12
 283.000000 0.973299 -0.0141228 -0.903018 1.52006 0.793282 0.058663 51.7387 12
 283.500000 0.945105 -0.00682247 -0.880374 1.68964 0.793282 0.058663 51.7387 12
 284.000000 0.917338 0.104558 -0.787375 0.664328 0.793282 0.058663 51.7387 12
 284.500000 0.928078 0.0280114 -0.846218 1.63136 0.793282 0.058663 51.7387 12
 285.000000 0.925955 -0.065475 -0.907354 1.46922 0.802352 0.0606124 52.7375 12
 285.500000 0.935523 0.149003 -0.76853 0.100923 0.802352 0.0606124 52.7375 12
 286.000000 0.933802 -0.0286517 -0.887815 1.62768 0.802352 0.0606124 52.7375 12
 286.500000 0.937178 0.01729 -0.859203 1.66248 0.802352 0.0606124 52.7375 12
 287.000000 0.959042 0.0717248 -0.836374 1.50215 0.802352 0.0606124 52.7375 12
 287.500000 0.952413 0.0440622 -0.850847 1.62314 0.814173 0.0607532 53.722 12
 288.000000 0.988623 -0.0231454 -0.91865 1.29192 0.814173 0.0607532 53.722 12
 288.500000 0.962616 -0.00917277 -0.89299 1.59333 0.814173 0.0607532 53.722 12
 289.000000 0.964677 -0.0331046 -0.910208 1.41346 0.814173 0.0607532 53.722 12
 289.500000 0.996721 0.00859499 -0.902647 1.50381 0.814173 0.0607532 53.722 12
 290.000000 0.98952 0.00893622 -0.89788 1.55167 0.824221 0.0629594 54.72 12
 290.500000 1.00908 0.0358002 -0.89229 1.57782 0.824221 0.0629594 54.72 12
 291.000000 0.993127 0.0748706 -0.855933 1.62272 0.824221 0.0629594 54.72 12
 291.500000 0.994625 0.00569809 -0.903256 1.48139 0.824221 0.0629594 54.72 12
 292.000000 0.969038 0.000647749 -0.890489 1.59001 0.824221 0.0629594 54.72 12
 292.500000 0.912169 -0.000783898 -0.855506 1.62071 0.835331 0.0630922 55.7061 12
 293.000000 0.927696 0.0264709 -0.847014 1.57755 0.835331 0.0630922 55.7061 12
 293.500000 0.934435 0.0364396 -0.844572 1.55829 0.835331 0.0630922 55.7061 12
 294.000000 0.993822 -0.0244285 -0.922767 1.20563 0.835331 0.0630922 55.7061 12
 294.500000 0.961497 -0.0527783 -0.92125 1.23114 0.835331 0.0630922 55.7061 12
 295.000000 0.994015 -0.0578507 -0.944969 0.750257 0.83459 0.0622765 56.4237 12
 295.500000 0.932327 -0.00279876 -0.869609 1.66848 0.83459 0.0622765 56.4237 12
 296.000000 0.940191 0.0280817 -0.853855 1.62539 0.83459 0.0622765 56.4237 12
 296.500000 0.964737 0.0619772 -0.846589 1.57821 0.83459 0.0622765 56.4237 12
 297.000000 0.916258 0.062933 -0.81507 1.17599 0.83459 0.0622765 56.4237 12
 297.500000 1.00343 -0.00828894 -0.918104 1.30283 0.839955 0.0624408 57.3903 12
 298.000000 0.932296 -0.0255997 -0.88483 1.63142 0.839955 0.0624408 57.3903 12
 298.500000 1.01463 0.0882629 -0.860563 1.64321 0.839955 0.0624408 57.3903 12
 299.000000 0.926148 0.0161118 -0.853005 1.60864 0.839955 0.0624408 57.3903 12
 299.500000 0.963731 0.0158827 -0.876951 1.65564 0.839955 0.0624408 57.3903 12
 300.000000 0.98969 0.00614771 -0.899845 1.53169 0.848819 0.0637133 58.3895 12
 300.500000 0.91405 0.0518482 -0.821185 1.23153 0.848819 0.0637133 58.3895 12
 301.000000 0.996243 -0.0141232 -0.917454 1.32729 0.848819 0.0637133 58.3895 12
 301.500000 0.974189 -0.0235159 -0.909822 1.42589 0.848819 0.0637133 58.3895 12
 302.000000 0.929961 0.0647214 -0.822593 1.25385 0.848819 0.0637133 58.3895 12
 302.500000 0.988592 -0.0592665 -0.942509 0.869652 0.849006 0.0630699 59.1699 12
 303.000000 0.959823 0.0671956 -0.839937 1.47843 0.849006 0.0630699 59.1699 12
 303.500000 0.97735 -0.0151777 -0.90627 1.47895 0.849006 0.0630699 59.1699 12
 304.000000 0.879214 0.0405046 -0.80668 0.966835 0.849006 0.0630699 59.1699 12
 304.500000 0.923402 -0.00294452 -0.864064 1.63527 0.849006 0.0630699 59.1699 12
 305.000000 0.986494 -0.0101708 -0.908696 1.45341 0.856261 0.063575 60.1679 12
 305.500000 0.940698 -0.011484 -0.880707 1.63279 0.856261 0.063575 60.1679 12
 306.000000 0.983321 -0.0243867 -0.916141 1.37288 0.856261 0.063575 60.1679 12
 306.500000 0.927637 0.0246293 -0.848217 1.53592 0.856261 0.063575 60.1679 12
 307.000000 0.948579 -0.0199386 -0.891319 1.5954 0.856261 0.063575 60.1679 12
 307.500000 0.915383 -0.049583 -0.890155 1.60116 0.865835 0.063963 61.1565 12
 308.000000 0.927786 0.145059 -0.766266 -0.143768 0.865835 0.063963 61.1565 12
 308.500000 0.968195 -0.0347588 -0.913517 1.41081 0.865835 0.063963 61.1565 12
 309.000000 0.812971 0.25765 -0.612495 -7.77009 0.865835 0.063963 61.1565 12
 309.500000 -0.0291093 0.563841 0.190994 -6.51292 0.865835 0.063963 61.1565 12
 310.000000 -0.129831 0.595593 0.282664 -6.92466 0.85718 0.0639629 61.157 12
 310.500000 0.105305 0.473419 0.028842 -6.42372 0.85718 0.0639629 61.157 12
 311.000000 0.192927 0.598652 0.067932 -6.40226 0.85718 0.0639629 61.157 12
 311.500000 0.150226 0.466118 -0.00754237 -6.4917 0.85718 0.0639629 61.157 12
 312.000000 0.216257 0.51 -0.0182524 -6.52334 0.85718 0.0639629 61.157 12
 312.500000 0.0699698 0.544619 0.108967 -6.42693 0.848602 0.0639627 61.1577 12
 313.000000 0.392924 0.484166 -0.15979 -7.89236 0.848602 0.0639627 61.1577 12
 313.500000 0.692088 0.455178 -0.386519 -14.4253 0.848602 0.0639627 61.1577 12
 314.000000 0.595415 0.40657 -0.357612 -13.3345 0.848602 0.0639627 61.1577 12
 314.500000 0.0538016 0.532114 0.11007 -6.38388 0.848602 0.0639627 61.1577 12
 315.000000 0.0704119 0.45382 0.037236 -6.39012 0.840098 0.0639627 61.1584 12
 315.500000 0.472417 0.456412 -0.235782 -9.45732 0.840098 0.0639627 61.1584 12
 316.000000 0.276547 0.586221 0.000607189 -6.42823 0.840098 0.0639627 61.1584 12
 316.500000 0.0280395 0.4823 0.0883441 -6.32539 0.840098 0.0639627 61.1584 12
 317.000000 -0.0292076 0.538756 0.171339 -6.46082 0.840098 0.0639627 61.1584 12
 317.500000 0.15762 0.415137 -0.0524265 -6.66606 0.831664 0.0639626 61.159 12
 318.000000 0.154412 0.597075 0.0930273 -6.33309 0.831664 0.0639626 61.159 12
 318.500000 0.174614 0.500018 0.00241208 -6.40136 0.831664 0.0639626 61.159 12
 319.000000 0.106963 0.530998 0.0730452 -6.32011 0.831664 0.0639626 61.159 12
 319.500000 0.137809 0.59191 0.100256 -6.34157 0.831664 0.0639626 61.159 12
 320.000000 0.194764 0.454837 -0.0468246 -6.59019 0.8233 0.0639625 61.1596 12
 320.500000 -0.130028 0.49069 0.201111 -6.5054 0.8233 0.0639625 61.1596 12
 321.000000 0.0923315 0.491339 0.0517615 -6.32183 0.8233 0.0639625 61.1596 12
 321.500000 0.145314 0.51438 0.0337613 -6.33367 0.8233 0.0639625 61.1596 12
 322.000000 0.0628822 0.408367 0.00684763 -6.36995 0.8233 0.0639625 61.1596 12
 322.500000 0.111706 0.533713 0.0719563 -6.32115 0.815008 0.0639624 61.1604 12
 323.000000 0.398174 0.512798 -0.141056 -7.56207 0.815008 0.0639624 61.1604 12
 323.500000 0.0593717 0.46888 0.0565467 -6.28141 0.815008 0.0639624 61.1604 12
 324.000000 0.00822017 0.543419 0.149816 -6.41036 0.815008 0.0639624 61.1604 12
 324.500000 0.17369 0.564258 0.0537911 -6.28279 0.815008 0.0639624 61.1604 12
 325.000000 0.01279 0.478787 0.0959179 -6.29933 0.806784 0.0639622 61.1612 12
 325.500000 -0.157964 0.519863 0.242287 -6.62433 0.806784 0.0639622 61.1612 12
 326.000000 0.314023 0.51788 -0.0791895 -6.78675 0.806784 0.0639622 61.1612 12
 326.500000 -0.0358723 0.444186 0.101727 -6.26716 0.806784 0.0639622 61.1612 12
 327.000000 0.0848875 0.448482 0.023205 -6.29843 0.806784 0.0639622 61.1612 12
 327.500000 -0.076953 0.531972 0.197986 -6.49587 0.798627 0.0639621 61.1619 12
 328.000000 0.0571096 0.476629 0.0641643 -6.24137 0.798627 0.0639621 61.1619 12
 328.500000 0.0557059 0.433942 0.0316845 -6.2811 0.798627 0.0639621 61.1619 12
 329.000000 0.116458 0.558885 0.0886244 -6.24549 0.798627 0.0639621 61.1619 12
 329.500000 0.121659 0.540472 0.0705113 -6.23939 0.798627 0.0639621 61.1619 12
 330.000000 0.02983 0.540114 0.132614 -6.32116 0.790536 0.063962 61.1627 12
 330.500000 0.340523 0.526289 -0.0908087 -6.90592 0.790536 0.063962 61.1627 12
 331.000000 0.561355 0.445447 -0.304946 -11.4689 0.790536 0.063962 61.1627 12
 331.500000 0.0210324 0.50485 0.110804 -6.23168 0.790536 0.063962 61.1627 12
 332.000000 0.289642 0.431026 -0.130313 -7.40445 0.790536 0.063962 61.1627 12
 332.500000 0.221772 0.445962 -0.0722374 -6.73474 0.782508 0.0639619 61.1632 12
 333.000000 0.100906 0.54529 0.0884623 -6.20988 0.782508 0.0639619 61.1632 12
 333.500000 0.505794 0.579117 -0.163267 -7.92486 0.782508 0.0639619 61.1632 12
 334.000000 0.253013 0.3603 -0.159952 -7.86321 0.782508 0.0639619 61.1632 12
 334.500000 -0.039546 0.561029 0.195773 -6.42517 0.782508 0.0639619 61.1632 12
 335.000000 -0.297477 0.612391 0.402796 -9.00615 0.774541 0.0639619 61.1633 12
 335.500000 -0.318555 0.434985 0.281817 -6.84967 0.774541 0.0639619 61.1633 12
 336.000000 -0.0687552 0.534838 0.194756 -6.42298 0.774541 0.0639619 61.1633 12
 336.500000 0.272593 0.419151 -0.127866 -7.32657 0.774541 0.0639619 61.1633 12
 337.000000 0.15397 0.527232 0.0379859 -6.25198 0.774541 0.0639619 61.1633 12
 337.500000 -0.0972062 0.554546 0.229123 -6.51651 0.766641 0.0639618 61.164 12
 338.000000 -0.0626041 0.506198 0.16821 -6.34735 0.766641 0.0639618 61.164 12
 338.500000 0.107036 0.503327 0.0511763 -6.23127 0.766641 0.0639618 61.164 12
 339.000000 0.00162438 0.506997 0.125614 -6.26035 0.766641 0.0639618 61.164 12
 339.500000 0.24136 0.455162 -0.0784637 -6.74352 0.766641 0.0639618 61.164 12
 340.000000 0.061833 0.460814 0.0485494 -6.23514 0.758805 0.0639616 61.1648 12
 340.500000 0.158846 0.467158 -0.0126169 -6.35735 0.758805 0.0639616 61.1648 12
 341.000000 0.0799421 0.524876 0.0866075 -6.17234 0.758805 0.0639616 61.1648 12
 341.500000 -0.111775 0.4505 0.157654 -6.32029 0.758805 0.0639616 61.1648 12
 342.000000 -0.00444693 0.530421 0.148126 -6.29616 0.758805 0.0639616 61.1648 12
 342.500000 -0.0990468 0.563089 0.237021 -6.51296 0.751028 0.0639615 61.1655 12
 343.000000 -0.0566649 0.458609 0.127003 -6.24033 0.751028 0.0639615 61.1655 12
 343.500000 0.185027 0.485208 -0.0163582 -6.37144 0.751028 0.0639615 61.1655 12
 344.000000 0.509923 0.437689 -0.275791 -10.5772 0.751028 0.0639615 61.1655 12
 344.500000 0.317744 0.500306 -0.0955395 -6.90765 0.751028 0.0639615 61.1655 12
 345.000000 0.324127 0.399788 -0.178054 -8.21273 0.743307 0.0639613 61.1656 12
 345.500000 0.324833 0.409824 -0.170794 -8.02433 0.743307 0.0639613 61.1656 12
 346.000000 0.138682 0.542377 0.0603994 -6.18007 0.743307 0.0639613 61.1656 12
 346.500000 -0.0574428 0.463233 0.131139 -6.25005 0.743307 0.0639613 61.1656 12
 347.000000 -0.0735238 0.672796 0.306004 -7.071 0.743307 0.0639613 61.1656 12
 347.500000 -0.0518896 0.414758 0.0895857 -6.17689 0.735652 0.0639611 61.1665 12
 348.000000 0.0383119 0.580033 0.158398 -6.29347 0.735652 0.0639611 61.1665 12
 348.500000 -0.0218536 0.491288 0.129129 -6.21344 0.735652 0.0639611 61.1665 12
 349.000000 0.0343416 0.515224 0.109952 -6.16659 0.735652 0.0639611 61.1665 12
 349.500000 0.0364011 0.484159 0.0841346 -6.13376 0.735652 0.0639611 61.1665 12
 350.000000 0.134375 0.488111 0.0205511 -6.23684 0.728054 0.0639611 61.1674 12
 350.500000 -0.0829752 0.616317 0.268024 -6.66017 0.728054 0.0639611 61.1674 12
 351.000000 0.25606 0.394501 -0.135658 -7.42327 0.728054 0.0639611 61.1674 12
 351.500000 0.0139401 0.612831 0.200742 -6.38408 0.728054 0.0639611 61.1674 12
 352.000000 -0.00279194 0.518071 0.137298 -6.22603 0.728054 0.0639611 61.1674 12
 352.500000 0.308509 0.580192 -0.0261948 -6.37592 0.720513 0.063961 61.1682 12
 353.000000 0.0393242 0.546364 0.131121 -6.20669 0.720513 0.063961 61.1682 12
 353.500000 -0.0133115 0.484889 0.118348 -6.16704 0.720513 0.063961 61.1682 12
 354.000000 -0.158907 0.524278 0.246336 -6.5213 0.720513 0.063961 61.1682 12
 354.500000 0.0333822 0.345014 -0.0222968 -6.31766 0.720513 0.063961 61.1682 12
 355.000000 0.085748 0.489289 0.0546319 -6.10072 0.713031 0.0639609 61.1692 12
 355.500000 0.081619 0.459303 0.0339053 -6.09884 0.713031 0.0639609 61.1692 12
 356.000000 0.353324 0.493007 -0.125697 -7.26829 0.713031 0.0639609 61.1692 12
 356.500000 0.0523491 0.56778 0.139218 -6.21695 0.713031 0.0639609 61.1692 12
 357.000000 0.120548 0.532859 0.0652534 -6.05147 0.713031 0.0639609 61.1692 12
 357.500000 0.347993 0.440535 -0.162877 -7.90044 0.705597 0.0639607 61.1693 12
 358.000000 0.0776351 0.512188 0.078174 -6.05328 0.705597 0.0639607 61.1693 12
 358.500000 -0.249502 0.568287 0.339104 -7.62639 0.705597 0.0639607 61.1693 12
 359.000000 -0.37186 0.507892 0.370772 -8.29485 0.705597 0.0639607 61.1693 12
 359.500000 0.193085 0.535429 0.0176903 -6.14597 0.705597 0.0639607 61.1693 12
 360.000000 -0.484453 0.485641 0.423422 -9.49583 0.698217 0.0639607 61.1694 12
 360.500000 -0.26319 0.566091 0.346163 -7.76267 0.698217 0.0639607 61.1694 12
 361.000000 0.0968072 0.55427 0.0983541 -6.08281 0.698217 0.0639607 61.1694 12
 361.500000 0.151528 0.474167 -0.00211864 -6.2164 0.698217 0.0639607 61.1694 12
 362.000000 -0.114816 0.599839 0.276118 -6.73361 0.698217 0.0639607 61.1694 12
 362.500000 -0.00438523 0.573076 0.181673 -6.35115 0.690898 0.0639607 61.1701 12
 363.000000 -0.175008 0.471872 0.216315 -6.37433 0.690898 0.0639607 61.1701 12
 363.500000 0.0634667 0.481417 0.0636031 -6.04917 0.690898 0.0639607 61.1701 12
 364.000000 0.0338966 0.507813 0.104422 -6.08618 0.690898 0.0639607 61.1701 12
 364.500000 -0.20334 0.560742 0.303592 -7.0363 0.690898 0.0639607 61.1701 12
 365.000000 0.0351708 0.43957 0.0500318 -6.06463 0.683633 0.0639605 61.1712 12
 365.500000 -0.276106 0.548382 0.340906 -7.67994 0.683633 0.0639605 61.1712 12
 366.000000 0.0697421 0.520129 0.0897978 -6.02213 0.683633 0.0639605 61.1712 12
 366.500000 0.0361387 0.524243 0.115837 -6.0905 0.683633 0.0639605 61.1712 12
 367.000000 0.346993 0.554896 -0.072733 -6.62454 0.683633 0.0639605 61.1712 12
 367.500000 -0.0786923 0.489187 0.165683 -6.26845 0.67642 0.0639605 61.172 12
 368.000000 -0.473887 0.562949 0.472989 -10.4197 0.67642 0.0639605 61.172 12
 368.500000 -0.788098 0.631992 0.674285 -15.8928 0.67642 0.0639605 61.172 12
 369.000000 -1.17568 0.613841 0.756043 -14.8548 0.67642 0.0639605 61.172 12
 369.500000 -0.725232 0.749254 0.713263 -15.9922 0.67642 0.0639605 61.172 12
 370.000000 -0.865346 0.573854 0.672275 -15.8791 0.669252 0.0590405 61.172 13
 370.500000 -0.42938 0.515276 0.411757 -9.21307 0.669252 0.0590405 61.172 13
 371.000000 -0.0416671 0.513855 0.16016 -6.12929 0.669252 0.0590405 61.172 13
 371.500000 0.236552 0.476551 -0.0584393 -6.43269 0.669252 0.0590405 61.172 13
 372.000000 0.00950118 0.449574 0.0752625 -5.92303 0.669252 0.0590405 61.172 13
 372.500000 0.0592808 0.482864 0.0675847 -5.92407 0.662144 0.0590403 61.1732 13
 373.000000 0.501073 0.455168 -0.25634 -9.79669 0.662144 0.0590403 61.1732 13
 373.500000 0.328566 0.392565 -0.186648 -8.22741 0.662144 0.0590403 61.1732 13
 374.000000 0.190878 0.522202 0.00875796 -6.04489 0.662144 0.0590403 61.1732 13
 374.500000 0.439818 0.516637 -0.166705 -7.85049 0.662144 0.0590403 61.1732 13
 375.000000 0.0337824 0.47532 0.0789737 -5.8819 0.655087 0.05904 61.1745 13
 375.500000 0.365033 0.448202 -0.168604 -7.88692 0.655087 0.05904 61.1745 13
 376.000000 0.293487 0.557923 -0.0334847 -6.26436 0.655087 0.05904 61.1745 13
 376.500000 0.596164 0.351393 -0.399537 -14.8003 0.655087 0.05904 61.1745 13
 377.000000 -0.0142067 0.499741 0.130602 -5.98497 0.655087 0.05904 61.1745 13
 377.500000 0.184611 0.457024 -0.0381694 -6.29448 0.648076 0.0590399 61.1753 13
 378.000000 0.123297 0.404476 -0.0373148 -6.24553 0.648076 0.0590399 61.1753 13
 378.500000 0.421294 0.487984 -0.176298 -8.04902 0.648076 0.0590399 61.1753 13
 379.000000 0.164677 0.473598 -0.0115517 -6.10264 0.648076 0.0590399 61.1753 13
 379.500000 -0.00646284 0.476004 0.106758 -5.89467 0.648076 0.0590399 61.1753 13
 380.000000 0.00587048 0.60301 0.198402 -6.21891 0.641115 0.0590398 61.1762 13
 380.500000 0.135921 0.540757 0.0610041 -5.84438 0.641115 0.0590398 61.1762 13
 381.000000 0.13959 0.563941 0.0768497 -5.83744 0.641115 0.0590398 61.1762 13
 381.500000 -0.0976622 0.584094 0.252521 -6.3854 0.641115 0.0590398 61.1762 13
 382.000000 -0.0611241 0.555019 0.205479 -6.18954 0.641115 0.0590398 61.1762 13
 382.500000 0.26649 0.427757 -0.117012 -7.03371 0.634198 0.0590399 61.1766 13
 383.000000 -0.104331 0.393431 0.108309 -5.89346 0.634198 0.0590399 61.1766 13
 383.500000 -0.322003 0.466475 0.307971 -7.02258 0.634198 0.0590399 61.1766 13
 384.000000 -0.543745 0.46542 0.444138 -9.88125 0.634198 0.0590399 61.1766 13
 384.500000 -0.519726 0.669567 0.572819 -12.9673 0.634198 0.0590399 61.1766 13
 385.000000 -0.219216 0.626157 0.364017 -8.17332 0.627326 0.0590399 61.1767 13
 385.500000 0.0409418 0.567103 0.146401 -6.03358 0.627326 0.0590399 61.1767 13
 386.000000 -0.0762708 0.468284 0.147733 -6.03849 0.627326 0.0590399 61.1767 13
 386.500000 -0.0685248 0.535657 0.195244 -6.16751 0.627326 0.0590399 61.1767 13
 387.000000 0.0495421 0.504455 0.0911714 -5.85224 0.627326 0.0590399 61.1767 13
 387.500000 -0.0554173 0.51179 0.167771 -6.10384 0.620508 0.0590399 61.1777 13
 388.000000 0.341796 0.509191 -0.105107 -6.83372 0.620508 0.0590399 61.1777 13
 388.500000 0.16778 0.471616 -0.015228 -6.11969 0.620508 0.0590399 61.1777 13
 389.000000 -0.220142 0.479928 0.252244 -6.34746 0.620508 0.0590399 61.1777 13
 389.500000 0.243872 0.440595 -0.0915465 -6.67804 0.620508 0.0590399 61.1777 13
 390.000000 0.0197204 0.50441 0.111346 -5.88218 0.613738 0.0590397 61.1789 13
 390.500000 0.2262 0.46518 -0.0602506 -6.40317 0.613738 0.0590397 61.1789 13
 391.000000 -0.0225693 0.564281 0.186956 -6.07719 0.613738 0.0590397 61.1789 13
 391.500000 -0.128329 0.481958 0.193184 -6.0924 0.613738 0.0590397 61.1789 13
 392.000000 0.230447 0.537935 -0.00595244 -6.07413 0.613738 0.0590397 61.1789 13
 392.500000 -0.0530489 0.505196 0.161016 -6.0064 0.607013 0.0590397 61.18 13
 393.000000 0.154874 0.598262 0.0936554 -5.78237 0.607013 0.0590397 61.18 13
 393.500000 0.046513 0.41661 0.0243999 -5.92319 0.607013 0.0590397 61.18 13
 394.000000 0.134742 0.451951 -0.00806667 -6.08448 0.607013 0.0590397 61.18 13
 394.500000 -0.184752 0.412851 0.177095 -5.99495 0.607013 0.0590397 61.18 13
 395.000000 0.405231 0.408889 -0.22642 -9.08897 0.600325 0.0548229 61.1801 14
 395.500000 0.335112 0.452544 -0.144735 -7.33715 0.600325 0.0548229 61.1801 14
 396.000000 0.32664 0.568168 -0.048216 -6.24837 0.600325 0.0548229 61.1801 14
 396.500000 0.13259 0.442915 -0.0136677 -6.04487 0.600325 0.0548229 61.1801 14
 397.000000 0.244159 0.527121 -0.0239026 -6.10099 0.600325 0.0548229 61.1801 14
 397.500000 0.133422 0.498242 0.0291709 -5.8327 0.593691 0.0548228 61.1814 14
 398.000000 0.221371 0.53573 -0.00146581 -5.93396 0.593691 0.0548228 61.1814 14
 398.500000 -0.0268584 0.48921 0.130873 -5.78444 0.593691 0.0548228 61.1814 14
 399.000000 -0.0766405 0.512329 0.182405 -5.94396 0.593691 0.0548228 61.1814 14
 399.500000 0.200032 0.394588 -0.0973412 -6.671 0.593691 0.0548228 61.1814 14
 400.000000 0.373579 0.487112 -0.144211 -7.32658 0.587093 0.0548227 61.1817 14
 400.500000 0.459375 0.424026 -0.25176 -9.60079 0.587093 0.0548227 61.1817 14
 401.000000 0.0442686 0.51191 0.100616 -5.69312 0.587093 0.0548227 61.1817 14
 401.500000 0.281818 0.567586 -0.0178032 -6.02888 0.587093 0.0548227 61.1817 14
 402.000000 0.0405737 0.564628 0.144695 -5.83325 0.587093 0.0548227 61.1817 14
 402.500000 0.0333499 0.489545 0.0904328 -5.67556 0.580548 0.0548224 61.1832 14
 403.000000 0.367141 0.413377 -0.196959 -8.23831 0.580548 0.0548224 61.1832 14
 403.500000 -0.217377 0.567577 0.31793 -7.13669 0.580548 0.0548224 61.1832 14
 404.000000 -0.48101 0.591499 0.497456 -10.8582 0.580548 0.0548224 61.1832 14
 404.500000 -0.109871 0.643471 0.306885 -6.93712 0.580548 0.0548224 61.1832 14
 405.000000 0.34395 0.380663 -0.206287 -8.43887 0.574034 0.0548225 61.1833 14
 405.500000 0.193087 0.49629 -0.0131654 -5.99993 0.574034 0.0548225 61.1833 14
 406.000000 0.137141 0.365761 -0.076789 -6.45728 0.574034 0.0548225 61.1833 14
 406.500000 0.303965 0.617378 0.00650086 -5.87922 0.574034 0.0548225 61.1833 14
 407.000000 0.226578 0.385575 -0.122436 -6.96251 0.574034 0.0548225 61.1833 14
 407.500000 0.440285 0.410945 -0.24876 -9.42486 0.567562 0.0548225 61.1833 14
 408.000000 0.136692 0.488639 0.0193838 -5.80532 0.567562 0.0548225 61.1833 14
 408.500000 0.208002 0.423291 -0.0804892 -6.49095 0.567562 0.0548225 61.1833 14
 409.000000 0.177175 0.491801 -0.00580335 -5.95403 0.567562 0.0548225 61.1833 14
 409.500000 0.0542179 0.551966 0.125455 -5.72811 0.567562 0.0548225 61.1833 14
 410.000000 -0.136143 0.465959 0.185941 -5.94647 0.56114 0.0548224 61.1845 14
 410.500000 -0.382902 0.50493 0.375445 -8.45498 0.56114 0.0548224 61.1845 14
 411.000000 -0.40651 0.55882 0.429884 -9.52305 0.56114 0.0548224 61.1845 14
 411.500000 -0.434101 0.685078 0.536811 -12.0453 0.56114 0.0548224 61.1845 14
 412.000000 0.0921896 0.468883 0.0342191 -5.72985 0.56114 0.0548224 61.1845 14
 412.500000 0.0526068 0.565383 0.137149 -5.75184 0.554762 0.0548223 61.1859 14
 413.000000 0.440484 0.531092 -0.155867 -7.45843 0.554762 0.0548223 61.1859 14
 413.500000 0.473032 0.446235 -0.244036 -9.21967 0.554762 0.0548223 61.1859 14
 414.000000 0.0892667 0.504454 0.0641682 -5.59989 0.554762 0.0548223 61.1859 14
 414.500000 0.362748 0.490405 -0.134203 -7.12662 0.554762 0.0548223 61.1859 14
 415.000000 0.226888 0.445174 -0.0763531 -6.45836 0.548419 0.0548222 61.1866 14
 415.500000 0.153296 0.496185 0.0139757 -5.82495 0.548419 0.0548222 61.1866 14
 416.000000 0.0208438 0.507697 0.11317 -5.61787 0.548419 0.0548222 61.1866 14
 416.500000 0.0499553 0.388118 -0.000125846 -5.90764 0.548419 0.0548222 61.1866 14
 417.000000 -0.0704794 0.52047 0.184656 -5.85724 0.548419 0.0548222 61.1866 14
 417.500000 0.173789 0.486246 -0.00785336 -5.95331 0.542119 0.0548222 61.1878 14
 418.000000 0.131038 0.52229 0.0497511 -5.6304 0.542119 0.0548222 61.1878 14
 418.500000 0.0790919 0.460939 0.0369075 -5.6792 0.542119 0.0548222 61.1878 14
 419.000000 0.110834 0.513441 0.0565547 -5.60979 0.542119 0.0548222 61.1878 14
 419.500000 0.0784615 0.516977 0.0813862 -5.57277 0.542119 0.0548222 61.1878 14
 420.000000 0.0260484 0.494046 0.0989166 -5.58521 0.535863 0.0548219 61.1894 14
 420.500000 0.116296 0.376523 -0.0542591 -6.1922 0.535863 0.0548219 61.1894 14
 421.000000 0.00437014 0.573526 0.176141 -5.81624 0.535863 0.0548219 61.1894 14
 421.500000 0.134913 0.390444 -0.0561402 -6.20596 0.535863 0.0548219 61.1894 14
 422.000000 0.401675 0.416337 -0.21827 -8.63462 0.535863 0.0548219 61.1894 14
 422.500000 0.177171 0.457756 -0.0325095 -6.0487 0.529641 0.0548217 61.1905 14
 423.000000 -0.0175082 0.625243 0.231592 -6.04861 0.529641 0.0548217 61.1905 14
 423.500000 -0.00974177 0.462586 0.0984655 -5.53856 0.529641 0.0548217 61.1905 14
 424.000000 -0.234526 0.476641 0.25912 -6.2672 0.529641 0.0548217 61.1905 14
 424.500000 -0.0609856 0.475728 0.143286 -5.68572 0.529641 0.0548217 61.1905 14
 425.000000 0.0477143 0.522662 0.106747 -5.55516 0.523463 0.0548215 61.1922 14
 425.500000 0.0930042 0.506508 0.063241 -5.51344 0.523463 0.0548215 61.1922 14
 426.000000 -0.133103 0.53051 0.234151 -6.06313 0.523463 0.0548215 61.1922 14
 426.500000 -0.170922 0.565553 0.286221 -6.60084 0.523463 0.0548215 61.1922 14
 427.000000 -0.810566 0.542966 0.633471 -15.5576 0.523463 0.0548215 61.1922 14
 427.500000 -0.676508 0.649529 0.637371 -15.6248 0.51731 0.0548215 61.1922 14
 428.000000 -0.610113 0.651406 0.607114 -14.7721 0.51731 0.0548215 61.1922 14
 428.500000 -0.708069 0.595606 0.619081 -15.1494 0.51731 0.0548215 61.1922 14
 429.000000 -1.21488 0.779356 0.788535 -10.9197 0.51731 0.0548215 61.1922 14
 429.500000 -0.834074 0.57046 0.658587 -15.7128 0.51731 0.0548215 61.1922 14
 430.000000 -0.958157 0.572634 0.702143 -15.8956 0.511193 0.0511667 61.1922 15
 430.500000 -0.929544 0.656189 0.731295 -15.8907 0.511193 0.0511667 61.1922 15
 431.000000 -0.885997 0.681703 0.731039 -15.8901 0.511193 0.0511667 61.1922 15
 431.500000 -1.02732 0.663596 0.754016 -14.9781 0.511193 0.0511667 61.1922 15
 432.000000 -0.502722 0.687222 0.575697 -13.4655 0.511193 0.0511667 61.1922 15
 432.500000 -0.246537 0.641487 0.392948 -8.77591 0.505115 0.0511667 61.1923 15
 433.000000 0.0141059 0.593916 0.185686 -5.77072 0.505115 0.0511667 61.1923 15
 433.500000 0.122739 0.431684 -0.0157239 -5.8501 0.505115 0.0511667 61.1923 15
 434.000000 0.0986753 0.385803 -0.0350601 -5.96029 0.505115 0.0511667 61.1923 15
 434.500000 0.0739937 0.497635 0.0691934 -5.43419 0.505115 0.0511667 61.1923 15
 435.000000 0.124926 0.492772 0.0306664 -5.5885 0.499086 0.0511666 61.194 15
 435.500000 0.320171 0.48612 -0.108312 -6.63836 0.499086 0.0511666 61.194 15
 436.000000 0.313781 0.459721 -0.124531 -6.87662 0.499086 0.0511666 61.194 15
 436.500000 -0.170176 0.55797 0.279861 -6.44808 0.499086 0.0511666 61.194 15
 437.000000 -0.64185 0.658506 0.626849 -15.4972 0.499086 0.0511666 61.194 15
 437.500000 -0.892737 0.675726 0.730214 -15.8883 0.49308 0.0511666 61.194 15
 438.000000 -0.800917 0.492563 0.599334 -14.7439 0.49308 0.0511666 61.194 15
 438.500000 -0.798095 0.56754 0.642315 -15.6426 0.49308 0.0511666 61.194 15
 439.000000 -0.788699 0.69209 0.706129 -15.7258 0.49308 0.0511666 61.194 15
 439.500000 -1.12945 0.669438 0.767257 -12.9826 0.49308 0.0511666 61.194 15
 440.000000 -1.17863 0.554873 0.739655 -15.7767 0.48711 0.0511666 61.194 15
 440.500000 -1.08959 0.381044 0.65212 -15.6727 0.48711 0.0511666 61.194 15
 441.000000 -0.99397 1.00423 0.831268 -7.45014 0.48711 0.0511666 61.194 15
 441.500000 -0.549837 1.27961 0.882207 -4.32143 0.48711 0.0511666 61.194 15
 442.000000 -0.838602 1.21724 0.866377 -5.43938 0.48711 0.0511666 61.194 15
 442.500000 -0.804651 1.13315 0.85827 -5.67361 0.481188 0.0511664 61.1955 15
 443.000000 -0.779892 1.23018 0.872767 -5.12715 0.481188 0.0511664 61.1955 15
 443.500000 -0.562649 1.47606 0.914502 -2.20973 0.481188 0.0511664 61.1955 15
 444.000000 -0.600185 1.31717 0.89201 -3.31084 0.481188 0.0511664 61.1955 15
 444.500000 -0.766018 1.25544 0.876538 -4.85451 0.481188 0.0511664 61.1955 15
 445.000000 -0.710351 1.27629 0.882695 -4.25703 0.47534 0.051168 61.2018 15
 445.500000 -0.555113 1.4167 0.908445 -2.29924 0.47534 0.051168 61.2018 15
 446.000000 -0.665808 1.39427 0.898084 -2.80273 0.47534 0.051168 61.2018 15
 446.500000 -0.710098 1.35725 0.890695 -3.40247 0.47534 0.051168 61.2018 15
 447.000000 -0.633247 1.35451 0.896715 -2.90015 0.47534 0.051168 61.2018 15
 447.500000 -0.666421 1.30485 0.888617 -3.59894 0.469575 0.0511738 61.214 15
 448.000000 -0.560556 1.31788 0.891521 -3.28257 0.469575 0.0511738 61.214 15
 448.500000 -0.755241 1.32167 0.883209 -4.04201 0.469575 0.0511738 61.214 15
 449.000000 -0.608059 1.34694 0.896736 -2.87026 0.469575 0.0511738 61.214 15
 449.500000 -0.686262 1.34531 0.892012 -3.24061 0.469575 0.0511738 61.214 15
 450.000000 -0.625012 1.31166 0.890868 -3.33921 0.463874 0.051183 61.2297 15
 450.500000 -0.593726 1.443 0.908909 -2.26037 0.463874 0.051183 61.2297 15
 451.000000 -0.422625 1.51993 0.926935 -2.4758 0.463874 0.051183 61.2297 15
 451.500000 -0.229411 1.70365 0.95691 -5.76274 0.463874 0.051183 61.2297 15
 452.000000 -0.479988 1.51697 0.924536 -2.37009 0.463874 0.051183 61.2297 15
 452.500000 -0.588165 1.4423 0.909315 -2.25069 0.458462 0.0511869 61.2762 15
 453.000000 -0.763923 1.26279 0.877456 -4.12099 0.458462 0.0511869 61.2762 15
 453.500000 -0.729531 1.32586 0.886288 -3.42326 0.458462 0.0511869 61.2762 15
 454.000000 -0.509952 1.48083 0.918686 -2.17544 0.458462 0.0511869 61.2762 15
 454.500000 -0.347992 1.69944 0.951203 -4.45151 0.458462 0.0511869 61.2762 15
 455.000000 -0.42458 1.60272 0.936977 -3.00466 0.452879 0.0481206 61.2982 16
 455.500000 -0.501593 1.45695 0.915882 -2.07954 0.452879 0.0481206 61.2982 16
 456.000000 -0.738963 1.19333 0.869498 -4.52179 0.452879 0.0481206 61.2982 16
 456.500000 -0.541616 1.42396 0.909946 -2.11796 0.452879 0.0481206 61.2982 16
 457.000000 -0.566634 1.4123 0.907369 -2.17135 0.452879 0.0481206 61.2982 16
 457.500000 -0.549225 1.40034 0.90629 -2.20019 0.447553 0.0511959 61.347 15
 458.000000 -0.688193 1.34341 0.891668 -2.79746 0.447553 0.0511959 61.347 15
 458.500000 -0.68975 1.33126 0.890348 -2.87604 0.447553 0.0511959 61.347 15
 459.000000 -0.747401 1.25903 0.878315 -3.70972 0.447553 0.0511959 61.347 15
 459.500000 -0.608282 1.37137 0.900123 -2.3851 0.447553 0.0511959 61.347 15
 460.000000 -0.585615 1.50958 0.914345 -2.09801 0.442303 0.0512011 61.401 15
 460.500000 -0.732621 1.2763 0.881293 -3.32529 0.442303 0.0512011 61.401 15
 461.000000 -0.652289 1.22972 0.875917 -3.70295 0.442303 0.0512011 61.401 15
 461.500000 -0.648023 1.30058 0.888632 -2.85662 0.442303 0.0512011 61.401 15
 462.000000 -0.840857 1.1259 0.855953 -4.92163 0.442303 0.0512011 61.401 15
 462.500000 -0.65523 1.37718 0.897645 -2.40941 0.436965 0.051261 61.4408 15
 463.000000 -0.711227 1.26508 0.881188 -3.23447 0.436965 0.051261 61.4408 15
 463.500000 -0.755648 1.17047 0.865383 -4.20618 0.436965 0.051261 61.4408 15
 464.000000 -0.572635 1.4614 0.912354 -2.03994 0.436965 0.051261 61.4408 15
 464.500000 -0.655889 1.27435 0.884265 -3.04397 0.436965 0.051261 61.4408 15
 465.000000 -0.505536 1.55086 0.925725 -2.18588 0.431742 0.054773 61.4904 14
 465.500000 -0.587342 1.33381 0.894955 -2.34267 0.431742 0.054773 61.4904 14
 466.000000 -0.822638 1.27588 0.872256 -3.5474 0.431742 0.054773 61.4904 14
 466.500000 -0.3823 1.5363 0.929745 -2.28607 0.431742 0.054773 61.4904 14
 467.000000 -0.512528 1.45742 0.915588 -2.0477 0.431742 0.054773 61.4904 14
 467.500000 -0.602597 1.53051 0.91285 -2.043 0.426612 0.0547641 61.5475 14
 468.000000 -0.420444 1.52811 0.928216 -2.19818 0.426612 0.0547641 61.5475 14
 468.500000 -0.677749 1.28497 0.885374 -2.66757 0.426612 0.0547641 61.5475 14
 469.000000 -0.566957 1.41522 0.907729 -2.03361 0.426612 0.0547641 61.5475 14
 469.500000 -0.629765 1.35942 0.897513 -2.21799 0.426612 0.0547641 61.5475 14
 470.000000 -0.720219 1.27906 0.882445 -2.81354 0.42126 0.0512965 61.5742 15
 470.500000 -0.56439 1.45227 0.912124 -1.93639 0.42126 0.0512965 61.5742 15
 471.000000 -0.416247 1.6204 0.939178 -2.5096 0.42126 0.0512965 61.5742 15
 471.500000 -0.614878 1.42056 0.905076 -1.98945 0.42126 0.0512965 61.5742 15
 472.000000 -0.558154 1.25231 0.875867 -3.07891 0.42126 0.0512965 61.5742 15
 472.500000 -0.522994 1.55718 0.924297 -2.04142 0.416193 0.0547512 61.6314 14
 473.000000 -0.603519 1.42546 0.906482 -1.99265 0.416193 0.0547512 61.6314 14
 473.500000 -0.623083 1.38317 0.900697 -2.07766 0.416193 0.0547512 61.6314 14
 474.000000 -0.734621 1.45136 0.890539 -2.35163 0.416193 0.0547512 61.6314 14
 474.500000 -0.828192 1.29708 0.872516 -3.22879 0.416193 0.0547512 61.6314 14
 475.000000 -0.622239 1.31523 0.891492 -2.31917 0.411042 0.0547446 61.675 14
 475.500000 -0.509306 1.45211 0.914962 -1.93825 0.411042 0.0547446 61.675 14
 476.000000 -0.81032 0.978378 0.824443 -7.63098 0.411042 0.0547446 61.675 14
 476.500000 -1.05929 0.696304 0.768565 -12.8566 0.411042 0.0547446 61.675 14
 477.000000 -0.932093 0.929937 0.819846 -8.22181 0.411042 0.0547446 61.675 14
 477.500000 -1.15505 0.930074 0.809221 -9.50886 0.405562 0.0547446 61.675 14
 478.000000 -0.840804 1.13095 0.856669 -4.23021 0.405562 0.0547446 61.675 14
 478.500000 -0.660111 1.33034 0.892243 -2.23762 0.405562 0.0547446 61.675 14
 479.000000 -0.344717 1.69946 0.951487 -3.04703 0.405562 0.0547446 61.675 14
 479.500000 -0.586273 1.37636 0.901702 -2.02082 0.405562 0.0547446 61.675 14
 480.000000 -0.704829 1.21345 0.873331 -3.06537 0.400283 0.0512346 61.6958 15
 480.500000 -0.777101 1.15979 0.863231 -3.58836 0.400283 0.0512346 61.6958 15
 481.000000 -0.578596 1.38549 0.90326 -1.92707 0.400283 0.0512346 61.6958 15
 481.500000 -0.452915 1.61702 0.935504 -2.25485 0.400283 0.0512346 61.6958 15
 482.000000 -0.703169 1.38882 0.893498 -2.12624 0.400283 0.0512346 61.6958 15
 482.500000 -0.690941 1.24462 0.878808 -2.68191 0.395112 0.0512659 61.7262 15
 483.000000 -0.649944 1.34666 0.894807 -2.07296 0.395112 0.0512659 61.7262 15
 483.500000 -0.581439 1.36534 0.900207 -1.95954 0.395112 0.0512659 61.7262 15
 484.000000 -0.616805 1.4123 0.904152 -1.90271 0.395112 0.0512659 61.7262 15
 484.500000 -0.26861 1.69573 0.955295 -3.20408 0.395112 0.0512659 61.7262 15
 485.000000 -0.520345 1.38879 0.904565 -1.89803 0.390266 0.0512734 61.7922 15
 485.500000 -0.441408 1.50696 0.924655 -1.93286 0.390266 0.0512734 61.7922 15
 486.000000 -0.620484 1.43762 0.905956 -1.84473 0.390266 0.0512734 61.7922 15
 486.500000 -0.667867 1.3718 0.89605 -1.99371 0.390266 0.0512734 61.7922 15
 487.000000 -0.365854 1.59182 0.938631 -2.31773 0.390266 0.0512734 61.7922 15
 487.500000 -0.664502 1.40159 0.898754 -1.93976 0.385427 0.0547176 61.8556 14
 488.000000 -0.511694 1.48612 0.919209 -1.88249 0.385427 0.0547176 61.8556 14
 488.500000 -0.407386 1.49993 0.923537 -1.94046 0.385427 0.0547176 61.8556 14
 489.000000 -0.506998 1.55007 0.925526 -1.97507 0.385427 0.0547176 61.8556 14
 489.500000 -0.501968 1.41739 0.909579 -1.83868 0.385427 0.0547176 61.8556 14
 490.000000 -0.390018 1.5842 0.936883 -2.26873 0.38047 0.0547108 61.9014 14
 490.500000 -0.626846 1.47194 0.907346 -1.825 0.38047 0.0547108 61.9014 14
 491.000000 -0.395405 1.66039 0.944088 -2.46529 0.38047 0.0547108 61.9014 14
 491.500000 -0.672516 1.23473 0.877199 -2.53049 0.38047 0.0547108 61.9014 14
 492.000000 -0.518264 1.4204 0.909985 -1.81606 0.38047 0.0547108 61.9014 14
 492.500000 -0.534368 1.36902 0.901055 -1.88061 0.37572 0.054701 61.9687 14
 493.000000 -0.582372 1.32983 0.894246 -1.95049 0.37572 0.054701 61.9687 14
 493.500000 -0.588701 1.37647 0.901632 -1.83496 0.37572 0.054701 61.9687 14
 494.000000 -0.482476 1.57591 0.929776 -1.98988 0.37572 0.054701 61.9687 14
 494.500000 -0.474952 1.64247 0.934049 -2.09583 0.37572 0.054701 61.9687 14
 495.000000 -0.538188 1.38648 0.904205 -1.80997 0.371037 0.0546904 62.0408 14
 495.500000 -0.586467 1.38608 0.90304 -1.78304 0.371037 0.0546904 62.0408 14
 496.000000 -0.365045 1.65098 0.945734 -2.45706 0.371037 0.0546904 62.0408 14
 496.500000 -0.711799 1.37057 0.89139 -1.96778 0.371037 0.0546904 62.0408 14
 497.000000 -0.572644 1.48022 0.913923 -1.75326 0.371037 0.0546904 62.0408 14
 497.500000 -0.55841 1.40843 0.907189 -1.75542 0.366415 0.0546794 62.1169 14
 498.000000 -0.580316 1.49668 0.914256 -1.7201 0.366415 0.0546794 62.1169 14
 498.500000 -0.536723 1.45511 0.914189 -1.71983 0.366415 0.0546794 62.1169 14
 499.000000 -0.547293 1.49483 0.917452 -1.73893 0.366415 0.0546794 62.1169 14
 499.500000 -0.585413 1.22462 0.870947 -2.61543 0.366415 0.0546794 62.1169 14
 500.000000 -0.530235 1.49656 0.919034 -1.75257 0.361822 0.0546684 62.1933 14
