#! FIELDS time cv.node-0 sigma_cv.node-0 height logweight
#! SET action OPES_METAD_kernels
#! SET biasfactor                      16
#! SET epsilon   3.872940653519386e-08
#! SET kernel_cutoff       5.842373946721771
#! SET compression_threshold                       1
                     25     0.5418490171432495    0.09958364948361607  1.062430625987056e-07                    -16
                   27.5   -0.03638596087694168    0.09848112490797534  1.306616875583553e-07     -15.80425115229622
                     30     0.2401833385229111    0.09330796918683039    0.03822450921023224        -3.271834512732
                   32.5      0.204977735877037    0.08477018447329508      2.858350406822221     0.9467268955375516
                     35     -0.273868203163147     0.0888869681865318  8.025481902442919e-07       -14.091570056241
                   37.5    -0.4712551534175873    0.09335589635437561  3.558362351381299e-07     -14.85583785849212
                     40    -0.2758216261863708    0.09471344594587686   4.13101096669932e-06     -12.38959408490392
                   42.5    -0.5251790285110474    0.09573944862399153   1.87024989382805e-06     -13.17126974295383
                     45    -0.4422184228897095    0.09742555329336326  9.537204143327262e-06     -11.52468331665396
                   47.5    -0.2503440678119659    0.09629428059692431  2.618165539641895e-05     -10.52650430746167
                     50    -0.2863016426563263    0.09524499749672775  0.0001002086432475898     -9.195265285010704
                   52.5    -0.3151279091835022    0.09392039100954729  0.0003649208281593685     -7.916844282613282
                     55    -0.1793092340230942    0.09215288312024576  0.0008643718754164554     -7.073520164362079
                   57.5       0.72835773229599     0.0944820291964957  2.110045111905359e-07     -15.36643833930741
                     60     0.6758119463920593      0.097394712254947  4.042206293692767e-06     -12.38340964738608
                   62.5     0.6338813304901123    0.09855447174802216    5.4582755426661e-05     -9.768644816624278
                     65     0.6591690182685852    0.09908134852545539  0.0002010382491691093     -8.459535823476987
                   67.5     0.6040244698524475     0.0988689880137187   0.000856355767471136     -7.012490696471216
                     70     0.5453188419342041    0.09821147777494468   0.005107557895250761     -5.233372470688741
                   72.5     0.4898347854614258    0.09666863288351693    0.03845313321562652     -3.230487788859098
                     75     0.4536788761615753    0.09392899682597101     0.1814342426357724     -1.707784511360149
                   77.5     0.6174428462982178    0.09158474227581878     0.1386341597107128     -2.002113736110557
                     80     0.4384336769580841    0.08601782475856617      0.702285959230703    -0.4423217339986162
                   82.5     0.4104333519935608    0.07951258549056639       1.93936496476483     0.4948142340855682
                     85     0.3882233202457428    0.07586309741474165      3.720557773290268      1.099342297359355
                   87.5     0.4985182583332062    0.07198824161267989      2.797233958411136     0.7616721868211636
                     90     0.6742300391197205    0.07103564812032705     0.1843068375723878     -1.971433142365772
                   92.5     0.5224891901016235    0.06803916951416378      2.896329264515705     0.7400660611360695
                     95    -0.0762026235461235    0.06782759482110333   0.008925500001494367     -5.045335479746353
                   97.5      0.481696754693985    0.06593917292067902      4.598323442177039      1.170962797784302
                    100      0.288973867893219    0.06401970238698465      1.743893835698305     0.1718496705467568
                  102.5     0.3776840269565582    0.06189693542858925      3.559943164335052     0.8517535848623911
                    105     0.1755070984363556    0.06038539263736346       1.32203656925375    -0.1635410297868234
                  107.5     0.3797260820865631    0.05864672003040432      4.418306370131758      1.013826432715444
                    110     0.3595673143863678    0.05707595344643809      4.830874387034301      1.075948716377501
                  112.5     0.5684723854064941    0.05580908089488933      1.964237403850636     0.1535790117086145
                    115     0.7064406871795654    0.05540185824688099      0.149848472797984     -2.426979206097744
                  117.5      0.485584944486618    0.05449024407596243      4.584840815200341      0.977315399525329
                    120     0.6214816570281982    0.05376582729987711      1.118063534891658    -0.4472253776051214
                  122.5     0.4747413992881775    0.05264526278176323      5.510476710066579      1.126765730711585
                    125     0.3497574031352997    0.05161299200059471      4.676880008155811     0.9429429815972661
                  127.5     0.4545076489448547    0.05063240316015772      6.283561365285755      1.219067001281334
                    130     0.5408350229263306    0.04963781437114182      3.944868112433459     0.7337067870988375
                  132.5     0.4404197037220001     0.0487766911441681      6.374164204618632      1.196043870714572
                    135     0.5220094919204712    0.04786732535754133      5.026309680769335     0.9396575169367262
                  137.5     0.2572421729564667    0.04732243204870806      1.615678918192495    -0.2067219801430596
                    140    -0.3569555580615997    0.04895658887210249  0.0001514200238849399     -9.447980668343725
                  142.5    -0.7324928045272827     0.0501017557581283  3.250527724384812e-07      -15.5686839033566
                    145    -0.1763468533754349    0.05157190500965421  0.0009970061869078596     -7.511238199689228
                  147.5     0.2994922399520874    0.05088126553295574      2.727736920149798     0.3895054252131157
                    150     0.4631440341472626    0.05025336867224801      6.430940977912901      1.234736787468911
                  152.5     0.7848955988883972    0.05034550555658969    0.01172893174497807     -5.070249004479234
                    155      0.303519070148468    0.04978990883303136      3.251064104997155     0.5433330244561294
                  157.5   -0.07756409049034119    0.04994115445041629   0.002352297598637645     -6.684978990425343
                    160    0.03734574839472771    0.04983709089458496    0.03826803014268049     -3.897842614447551
                  162.5      0.589813768863678    0.04945927368501288      2.414079787715837     0.2390060864545509
                    165   -0.05593716353178024    0.04919638305615531   0.004875456179952529     -5.971183162699464
                  167.5    -0.3263481259346008    0.04922520341966419  0.0002530408746368635     -8.929015430334999
                    170     0.0626412108540535    0.04908381594229936     0.1022550904435233     -2.930216999594916
                  172.5      0.655002236366272    0.04910232275091159     0.7370837896838295    -0.9546090276700974
                    175     0.6953851580619812    0.04883157854183637     0.3256191168421667     -1.777111393911774
                  177.5     0.5776384472846985    0.04849789507217522      3.399293456583893     0.5616263347268688
                    180    -0.6499665379524231    0.04946744345552324  1.056370153056488e-06     -14.40281882999212
                  182.5    -0.1051555275917053    0.05066814357208459   0.003813337095972839     -6.187414878631762
                    185     0.1607980877161026    0.05034556120758027      0.990558314451096    -0.6340377491248702
                  187.5     0.7021704316139221    0.05017689277855475     0.3887878175879245     -1.572628587582761
                    190    0.05981366336345673    0.04992022368059713     0.1431435273649495     -2.576942924222222
                  192.5     0.1361955404281616    0.04952169767118398     0.8189725362497479    -0.8407554834803905
                    195   -0.06841057538986206    0.04942284007326991   0.008226292318622612     -5.443468871704374
                  197.5     0.5146949291229248    0.04897137722352698      7.292605088745523       1.33463515747861
                    200     0.1995236873626709    0.04854358852383452      1.851939631319822   -0.04476599885264198
                  202.5   -0.05346450582146645    0.04850469037168603    0.01253560957621249     -5.040983081500293
                    205    0.08965487033128738    0.04826760862087611     0.4712905713349541     -1.418981409029485
                  207.5     0.2577838003635406    0.04775850258134278      3.162710924280703     0.4741249980189847
                    210     0.1626944094896317    0.04744809855098614      1.637747338309413    -0.1905034898587864
                  212.5    -0.3604957163333893    0.04741826016830945  0.0002444809410952502      -9.00082747732435
                    215     0.3203299343585968    0.04700206229195887       4.52840919445818     0.8171005210771395
                  217.5     0.3182131350040436    0.04650248113040722      5.133316327315688     0.9317959118572017
                    220     0.2702069580554962     0.0463964498928973       4.48831478405551     0.7952385853455179
                  222.5     0.3291144371032715    0.04599296449408677      6.120793172281432      1.096718465610172
                    225     0.3393601477146149    0.04559861085884866      6.839267821423023      1.199096269846636
                  227.5    -0.4087998270988464    0.04554359456551314  0.0001707386134123217     -9.400168422734307
                    230    -0.6010407209396362    0.04640685791418257  1.221273293716448e-06     -14.32163097675951
                  232.5    -0.4527395963668823    0.04724209967925359  0.0001097347233221932     -9.805620938376371
                    235   -0.03215322270989418    0.04704214574638566    0.02037765239312676      -4.58573419645832
                  237.5     0.7272148132324219    0.04709154772255462      0.219246098378433     -2.208928576993685
                    240    -0.2825425267219543     0.0471480840029625  0.0003751031379870279     -8.578477827968699
                  242.5     0.1787910461425781    0.04686027826111644      2.090136675007192    0.04093816493702102
                    245     0.4391680955886841    0.04658795632572034      6.984541456935271      1.241579738671255
                  247.5      0.623474657535553    0.04634192523696884      1.696502529892262    -0.1788458043176319
                    250     0.3981325626373291    0.04596300236778599       7.32057976832252      1.275064639835108
                  252.5    -0.0912107452750206    0.04589594000902183   0.009270233321401717     -5.398031734855766
                    255     0.1109864115715027    0.04567953876262541     0.7834546667306638    -0.9658532754929711
                  257.5     0.3606121838092804    0.04538332431595989      7.752837266482692      1.319741942185321
                    260     0.3866382241249084    0.04520377372550777      8.366196445490598      1.391918262170363
                  262.5      0.248303085565567    0.04482976444583462       3.85928887252058     0.6098935755127926
                    265    0.01256635878235102    0.04473290070376172    0.07512280072511932     -3.331383561749309
                  267.5     0.6329174637794495    0.04452973208604455      1.567504285812256    -0.2978198343162708
                    270     0.5693049430847168    0.04425006565966422      3.962963837739919     0.6233873796415081
                  272.5     0.2740396559238434    0.04391940042800712      5.550601137921666     0.9528007158417857
                    275     0.5335987210273743    0.04362670499868729      5.797700298037791     0.9896691365691388
                  277.5     0.4565433859825134    0.04332080225046241      8.003406030530869      1.305038481179271
                    280    -0.3969498574733734    0.04335023487795872  0.0002211156478000466     -9.190974243556456
                  282.5     0.2504037916660309    0.04321580546739077      4.703623400977726     0.7710777788718919
                    285    -0.1019742339849472    0.04308521185441478   0.008985635604167604     -5.492409859696964
                  287.5     0.2446990013122559    0.04277285702334202      4.903635413823205     0.8024189060881683
                    290     0.1252659410238266     0.0425819844333848      1.011670056933205    -0.7804279146310495
                  292.5    -0.2461558133363724    0.04260763475140224  0.0004785061406928038     -8.436269722047111
                    295    -0.6016803979873657    0.04274462205288935  1.233411482203559e-06     -14.39394494234512
                  297.5     -0.757251501083374    0.04353681495927251  3.441875305044258e-07     -15.65193394506773
                    300     0.1427626013755798    0.04358723202757019      1.455643505769201    -0.3932493259212372
                  302.5      0.347021073102951    0.04337910403727787      8.269023190469637      1.339032573767229
                    305     0.4278080761432648     0.0431668411461989      8.355923242959436      1.344581627411786
                  307.5     0.1990788578987122    0.04304028912278363      3.191367088955754     0.3791243480516204
                    310     0.4688302278518677    0.04280648171563557      8.130053355252194      1.308795354534298
                  312.5     0.5944043397903442    0.04259253424477596      2.875277264520883     0.2643664300381982
                    315      0.348346471786499    0.04244633696379529      8.417719318497104      1.335117880364542
                  317.5     0.4662952125072479    0.04223770915690014      8.476672626345049      1.337169732945473
                    320     0.5359852910041809    0.04205247701189003      5.830197168581043      0.958507445634027
                  322.5      0.415394127368927    0.04181483722499024      9.118980550124189       1.40014758529619
                    325     0.3696029782295227    0.04157299381523384      9.173941944405994      1.400356172359042
                  327.5    -0.0963238924741745    0.04143609279890944   0.008866826767346462      -5.54474765263373
                    330   -0.04943401366472244    0.04139930267196768    0.01550743689489001     -4.986633198277748
                  332.5     0.4379088282585144    0.04117281624231893      9.816104233528939      1.458340899896677
                    335     0.4054599404335022    0.04099621584697875      10.27923170755264      1.500143621803073
                  337.5     0.2249045819044113    0.04074823959331095      3.642269594194587     0.4565579759809845
                    340     -0.417128711938858    0.04076765879684455  0.0001675146775062792     -9.530012157948207
                  342.5    -0.2901014685630798    0.04146138563838129  0.0003352134585046161     -8.819442176794562
                    345   -0.07810869812965393    0.04144748859158702    0.01244054272115523      -5.20582893947972
                  347.5    -0.1136740297079086    0.04140881025950752   0.009090221599310083     -5.520523991177684
                    350   -0.03853392228484154    0.04136775631064212    0.01967447149793492     -4.749393267178042
                  352.5     0.4368368983268738    0.04119928435900039      10.40111677062647      1.516872403609556
                    355    -0.2998645007610321    0.04118720263128879  0.0003600505585124097     -8.754600168544899
                  357.5    -0.6549081802368164    0.04155591841515281  7.887616145205911e-07     -14.86922341086078
                    360    -0.9604972004890442    0.04192661327091075  2.523543345723475e-07      -15.9999725254264
                  362.5    -0.3562617301940918     0.0420677410470456  0.0003194748072178053     -8.853012601686789
                    365    0.06090409681200981    0.04205387746720454     0.2597430218137978      -2.15257258617365
                  367.5     0.2336499840021133    0.04188732804178582      4.165379991786609     0.6183291889542035
                    370     0.2820828855037689    0.04167879898681889      6.001073945473722     0.9784693612165999
                  372.5     0.3587431311607361    0.04175981108941967      9.756372194917544      1.466393384988665
                    375      0.244224339723587    0.04170944876586339      4.972401989224716     0.7911690483941227
                  377.5     0.5921037197113037    0.04163825185126516      2.784613796636459     0.2096667866872231
                    380      0.324275940656662    0.04151853293362026       8.43483472912377      1.315048361764579
                  382.5    0.09444499015808105    0.04140389175917752     0.5602869388939609     -1.399393020181413
                    385    -0.2255822569131851    0.04174831186709915  0.0005903575195170731     -8.246584887986977
                  387.5    -0.2660280168056488    0.04167300841054467  0.0004893988447518947     -8.435940793433616
                    390   -0.05417468398809433    0.04159446552823439    0.01928645866490329     -4.763846599515752
                  392.5     -0.235714927315712    0.04148521162805247  0.0006188726780045952     -8.205735643674583
                    395    -0.5138412714004517    0.04160543456813474   1.79694547843607e-05     -11.74206806540343
                  397.5     0.1882021278142929    0.04149947900779721      3.126451641762964     0.3221179089816621
                    400     0.3170351684093475    0.04131215346546244      8.922880489889792      1.366313883945963
                  402.5    0.01109598390758038    0.04124638035687834     0.0795774340511754     -3.354923022977452
                    405     0.3835208117961884    0.04110952546795659       11.6667646057773      1.629522360585635
                  407.5     0.4042124450206757    0.04100005477798823      11.95338392861814      1.651126150144983
                    410   -0.06242805346846581    0.04094883450897082     0.0208421668251754     -4.701915409431855
                  412.5    0.08571968227624893    0.04085743017677086     0.5032749643028878     -1.519991580329695
                    415     0.2729104161262512    0.04067553597161074      6.707991676288127      1.065464768203421
                  417.5     0.1130708903074265    0.04054408928645081     0.8936310206249706    -0.9535339761056434
                    420   -0.03366189077496529    0.04043864440901599    0.03122189813054117     -4.310311359492998
                  422.5     0.2401102036237717     0.0402414368011151      5.571535727601172     0.8691062961545166
                    425   -0.05641820654273033    0.04015979941969387    0.02653052209852073     -4.480054615473643
                  427.5    -0.5597769618034363    0.04014989202854252  4.086219359553027e-06       -13.258732291017
                    430    -0.3762437403202057    0.04012667282682175  0.0003180900386830435     -8.904596468620063
                  432.5    0.05296433717012405    0.04016309219041436     0.3068765713599808     -2.031822855573711
                    435   -0.09347006678581238    0.04021130983021984    0.02033733759181897     -4.744610161844508
                  437.5       0.13963882625103    0.04019350658627141       1.60645386007499    -0.3757270315815889
                    440   -0.08095986396074295    0.04010364743415738    0.02621844350699502     -4.493286541430829
                  442.5    -0.6113211512565613    0.04031267002811702  1.624548369878416e-06     -14.17707655958227
                    445     -0.172602191567421    0.04032583093210329   0.003326283306521091     -6.552369157650486
                  447.5     0.4646775722503662    0.04020616863767223       10.3083629254363      1.483514268013486
                    450     0.5149776339530945    0.04017784439776835       7.09015254800375      1.108560900720553
                  452.5     0.4699602723121643    0.04023873352604921      10.45966530411862      1.498894847874916
                    455      0.649181067943573    0.04025478220819246      1.037293878317586    -0.8116175735246037
                  457.5     0.4781117737293243    0.04015826119869503      10.09159422644329      1.461069335282996
                    460     0.4806940853595734    0.03998694445738808      10.38577881087773      1.485528795772757
                  462.5    -0.2152016013860703    0.03992525643367421   0.001080770289096558     -7.686533809305148
                    465    -0.2668744027614594    0.04011974507058904  0.0006621675770827836     -8.171584952414314
                  467.5     0.2653164267539978    0.03996311205735537      6.482777220723952      1.013644167213487
                    470     0.1884081810712814    0.03983668679840117      3.248596780614926     0.3195497450219922
                  472.5     0.5468694567680359    0.03972171319498627      5.406199249239961     0.8259826094330155
                    475    0.02614889852702618    0.03967241724557771     0.1551045485627915     -2.726461380911393
                  477.5    -0.6142110228538513    0.03990549211461424    1.6363113690978e-06     -14.18001371791857
                    480      0.131861999630928    0.03995556771492968      1.398298939645964    -0.5204371805096962
                  482.5    -0.2302849292755127    0.03988255062790913  0.0009852503035239089     -7.780137598043631
                    485     0.5927255749702454    0.03982296258738376      2.998985919646357     0.2392562352492283
                  487.5     0.3798500597476959     0.0397825059015126      11.43325152620034      1.576491510940775
                    490     0.7990635633468628    0.03983908176134029    0.01263099963530603     -5.230214478612786
                  492.5     0.3354933261871338     0.0397981844343712        10.054532167993      1.448383124023468
                    495     0.5391098856925964    0.03966151804893237      6.086324803182281     0.9429641530521541
                  497.5     0.4229626357555389    0.03955161603507145      11.94664186011955      1.614595112091323
                    500       0.38785520195961    0.03940699369252779      12.27860587006814      1.638340028375109
