#! FIELDS time p.x p.y cv.node-0 opes.bias opes.rct opes.zed opes.neff opes.nker
 0.000000 -0.586332 1.43607 -0.514832 -16 -16 1 1 0
 0.500000 -0.788717 1.18201 -0.266445 -16 -16 1 1 0
 1.000000 -0.650069 1.38564 -0.46654 -16 -16 1 1 0
 1.500000 -0.485283 1.55965 -0.621106 -16 -16 1 1 0
 2.000000 -0.415573 1.50747 -0.581415 -16 -16 1 1 0
 2.500000 -0.516923 1.54634 -0.608183 -16 -16 1 1 0
 3.000000 -0.599669 1.44877 -0.523209 -16 -16 1 1 0
 3.500000 -0.655368 1.33647 -0.426807 -16 -16 1 1 0
 4.000000 -0.52221 1.50723 -0.577 -16 -16 1 1 0
 4.500000 -0.648828 1.38303 -0.464685 -16 -16 1 1 0
 5.000000 -0.442094 1.54229 -0.609436 -16 -16 1 1 0
 5.500000 -0.597741 1.40179 -0.486474 -16 -16 1 1 0
 6.000000 -0.499025 1.45761 -0.538831 -16 -16 1 1 0
 6.500000 -0.610286 1.37887 -0.466826 -16 -16 1 1 0
 7.000000 -0.72339 1.27349 -0.362552 -16 -16 1 1 0
 7.500000 -0.565332 1.41789 -0.502542 -16 -16 1 1 0
 8.000000 -0.568188 1.41414 -0.4993 -16 -16 1 1 0
 8.500000 -0.557128 1.36723 -0.462544 -16 -16 1 1 0
 9.000000 -0.489691 1.58119 -0.637711 -16 -16 1 1 0
 9.500000 -0.536371 1.56333 -0.619508 -16 -16 1 1 0
 10.000000 -0.573924 1.47443 -0.54632 -16 -16 1 1 0
 10.500000 -0.560815 1.30948 -0.415402 -16 -16 1 1 0
 11.000000 -0.609283 1.39845 -0.482454 -16 -16 1 1 0
 11.500000 -0.413306 1.56208 -0.626202 -16 -16 1 1 0
 12.000000 -0.582509 1.34702 -0.444265 -16 -16 1 1 0
 12.500000 -0.76915 1.25027 -0.330309 -16 -16 1 1 0
 13.000000 -0.445026 1.63036 -0.679444 -16 -16 1 1 0
 13.500000 -0.613023 1.47788 -0.544035 -16 -16 1 1 0
 14.000000 -0.552932 1.42363 -0.508174 -16 -16 1 1 0
 14.500000 -0.537974 1.38541 -0.478446 -16 -16 1 1 0
 15.000000 -0.517857 1.42605 -0.512417 -16 -16 1 1 0
 15.500000 -0.460554 1.45309 -0.536307 -16 -16 1 1 0
 16.000000 -0.480625 1.47703 -0.555308 -16 -16 1 1 0
 16.500000 -0.624622 1.27539 -0.382195 -16 -16 1 1 0
 17.000000 -0.644759 1.42607 -0.499029 -16 -16 1 1 0
 17.500000 -0.623668 1.43921 -0.512497 -16 -16 1 1 0
 18.000000 -0.470451 1.55783 -0.620611 -16 -16 1 1 0
 18.500000 -0.612148 1.46544 -0.534527 -16 -16 1 1 0
 19.000000 -0.656231 1.44084 -0.508553 -16 -16 1 1 0
 19.500000 -0.464779 1.52488 -0.594558 -16 -16 1 1 0
 20.000000 -0.681669 1.16143 -0.281068 -16 -16 1 1 0
 20.500000 -0.757759 1.19776 -0.290781 -16 -16 1 1 0
 21.000000 -0.43974 1.57439 -0.63534 -16 -16 1 1 0
 21.500000 -0.620657 1.28365 -0.389329 -16 -16 1 1 0
 22.000000 -0.62194 1.38447 -0.469772 -16 -16 1 1 0
 22.500000 -0.606933 1.42067 -0.500259 -16 -16 1 1 0
 23.000000 -0.556514 1.42188 -0.50648 -16 -16 1 1 0
 23.500000 -0.672126 1.27342 -0.373525 -16 -16 1 1 0
 24.000000 -0.410616 1.56622 -0.62962 -16 -16 1 1 0
 24.500000 -0.68822 1.30538 -0.396091 -16 -16 1 1 0
 25.000000 -0.513804 1.49766 -0.570057 -16 -16 0.472044 1 1
 25.500000 -0.47589 1.44136 -0.526401 -0.0847915 -16 0.472044 1 1
 26.000000 -0.598582 1.29665 -0.402149 -1.25434 -16 0.472044 1 1
 26.500000 -0.778233 1.24051 -0.319141 -2.80111 -16 0.472044 1 1
 27.000000 -1.11529 0.887888 0.232757 -16 -16 0.472044 1 1
 27.500000 -1.05083 0.939646 0.131741 -16 -16 0.315554 1 2
 28.000000 -0.606205 1.41189 -0.493441 -0.263715 -16 0.315554 1 2
 28.500000 -0.860613 1.15488 -0.208456 -4.81173 -16 0.315554 1 2
 29.000000 -0.803334 1.09389 -0.185726 -4.43013 -16 0.315554 1 2
 29.500000 -0.643097 1.42334 -0.497171 -0.238907 -16 0.315554 1 2
 30.000000 -0.850458 1.18644 -0.241676 -4.6225 -6.00876 0.327514 1.01966 3
 30.500000 -0.310296 1.68762 -0.729423 -9.88781 -6.00876 0.327514 1.01966 3
 31.000000 -0.453026 1.59722 -0.652839 -7.00142 -6.00876 0.327514 1.01966 3
 31.500000 -0.306384 1.67381 -0.718038 -9.48494 -6.00876 0.327514 1.01966 3
 32.000000 -0.312545 1.72041 -0.756133 -10.7459 -6.00876 0.327514 1.01966 3
 32.500000 -0.590871 1.52685 -0.584834 -4.5895 -5.52214 0.331114 1.04016 3
 33.000000 -0.707431 1.37295 -0.445562 -0.308694 -5.52214 0.331114 1.04016 3
 33.500000 -0.50673 1.56434 -0.623132 0.33187 -5.52214 0.331114 1.04016 3
 34.000000 -0.60965 1.27567 -0.384084 -0.341482 -5.52214 0.331114 1.04016 3
 34.500000 -0.504929 1.50386 -0.575584 0.403759 -5.52214 0.331114 1.04016 3
 35.000000 -0.466098 1.44904 -0.532889 0.282915 -1.4939 0.394387 1.99496 3
 35.500000 -0.639637 1.3479 -0.438317 0.397165 -1.4939 0.394387 1.99496 3
 36.000000 -0.529108 1.54929 -0.609354 0.61914 -1.4939 0.394387 1.99496 3
 36.500000 -0.823687 1.16553 -0.237111 -3.55699 -1.4939 0.394387 1.99496 3
 37.000000 -0.818493 1.24403 -0.306343 -2.37025 -1.4939 0.394387 1.99496 3
 37.500000 -1.09742 0.733522 0.318113 -15.3417 -1.64805 0.29579 1.99496 4
 38.000000 -1.16096 0.908569 0.260299 -13.2464 -1.64805 0.29579 1.99496 4
 38.500000 -1.01774 0.735116 0.24508 -13.2129 -1.64805 0.29579 1.99496 4
 39.000000 -1.13748 0.820468 0.301365 -13.2182 -1.64805 0.29579 1.99496 4
 39.500000 -1.07636 0.851784 0.223069 -12.9995 -1.64805 0.29579 1.99496 4
 40.000000 -1.05806 0.810529 0.234828 -13.1445 -1.78158 0.236633 1.99497 5
 40.500000 -1.03915 0.964695 0.100052 -8.8264 -1.78158 0.236633 1.99497 5
 41.000000 -0.713055 1.21569 -0.31824 -1.59288 -1.78158 0.236633 1.99497 5
 41.500000 -0.834615 1.11736 -0.190071 -3.38208 -1.78158 0.236633 1.99497 5
 42.000000 -0.882764 1.1163 -0.160873 -3.5871 -1.78158 0.236633 1.99497 5
 42.500000 -1.18436 0.908616 0.282611 -11.1571 -1.89935 0.295791 1.99499 4
 43.000000 -1.01101 0.876499 0.145538 -9.85723 -1.89935 0.295791 1.99499 4
 43.500000 -0.894047 1.03406 -0.0805287 -4.731 -1.89935 0.295791 1.99499 4
 44.000000 -0.75175 1.115 -0.224361 -3.38318 -1.89935 0.295791 1.99499 4
 44.500000 -1.02324 1.03625 0.0224958 -6.82071 -1.89935 0.295791 1.99499 4
 45.000000 -1.001 0.939805 0.0866157 -8.59085 -2.00457 0.295797 1.99531 4
 45.500000 -0.902752 1.11365 -0.145249 -3.93141 -2.00457 0.295797 1.99531 4
 46.000000 -0.776416 1.14029 -0.236313 -3.29414 -2.00457 0.295797 1.99531 4
 46.500000 -0.866218 1.13348 -0.186332 -3.61466 -2.00457 0.295797 1.99531 4
 47.000000 -0.803304 1.19628 -0.272488 -2.8373 -2.00457 0.295797 1.99531 4
 47.500000 -0.5948 1.28082 -0.389662 -0.133765 -1.5995 0.306342 2.94385 5
 48.000000 -0.564537 1.44 -0.52018 0.931045 -1.5995 0.306342 2.94385 5
 48.500000 -0.816902 1.17408 -0.247629 -1.02309 -1.5995 0.306342 2.94385 5
 49.000000 -1.10798 0.924375 0.197555 -8.22759 -1.5995 0.306342 2.94385 5
 49.500000 -0.970359 0.998926 0.00973972 -6.71342 -1.5995 0.306342 2.94385 5
 50.000000 -1.00279 0.939432 0.0884989 -7.43535 -1.68624 0.30633 2.94493 5
 50.500000 -1.32813 0.545889 0.614354 -15.6225 -1.68624 0.30633 2.94493 5
 51.000000 -1.1703 0.858312 0.306102 -9.09346 -1.68624 0.30633 2.94493 5
 51.500000 -1.25577 0.912297 0.348244 -9.85555 -1.68624 0.30633 2.94493 5
 52.000000 -1.43629 0.446165 0.744548 -15.9994 -1.68624 0.30633 2.94493 5
 52.500000 -1.43739 0.636132 0.671107 -15.9676 -1.76629 0.255275 2.94493 6
 53.000000 -1.18872 0.652908 0.443318 -11.3165 -1.76629 0.255275 2.94493 6
 53.500000 -1.30196 0.636435 0.552865 -13.8552 -1.76629 0.255275 2.94493 6
 54.000000 -1.18524 0.464152 0.51477 -12.9817 -1.76629 0.255275 2.94493 6
 54.500000 -1.14401 0.828546 0.302019 -8.84161 -1.76629 0.255275 2.94493 6
 55.000000 -1.50839 0.480598 0.793246 -14.9312 -1.84039 0.218807 2.94493 7
 55.500000 -0.938429 0.987045 -0.00619987 -5.75256 -1.84039 0.218807 2.94493 7
 56.000000 -0.961375 1.13032 -0.117351 -3.92683 -1.84039 0.218807 2.94493 7
 56.500000 -0.852604 0.928694 -0.0213259 -5.6243 -1.84039 0.218807 2.94493 7
 57.000000 -0.838278 1.02585 -0.10966 -4.10197 -1.84039 0.218807 2.94493 7
 57.500000 -0.941215 1.11683 -0.120386 -3.85594 -1.89991 0.191985 2.98334 8
 58.000000 -0.830945 1.12209 -0.196089 -1.58318 -1.89991 0.191985 2.98334 8
 58.500000 -0.828758 1.09092 -0.17043 -2.00318 -1.89991 0.191985 2.98334 8
 59.000000 -0.829728 1.14606 -0.217383 -1.16629 -1.89991 0.191985 2.98334 8
 59.500000 -0.658804 1.42905 -0.498968 1.37295 -1.89991 0.191985 2.98334 8
 60.000000 -0.481489 1.56547 -0.62596 0.634646 -1.35429 0.207566 3.71448 9
 60.500000 -0.606514 1.40534 -0.488237 0.969061 -1.35429 0.207566 3.71448 9
 61.000000 -0.90016 1.14848 -0.178435 -2.53095 -1.35429 0.207566 3.71448 9
 61.500000 -1.43693 0.575728 0.696592 -13.7682 -1.35429 0.207566 3.71448 9
 62.000000 -1.33614 0.735614 0.534077 -13.798 -1.35429 0.207566 3.71448 9
 62.500000 -1.27275 0.73438 0.477746 -12.4487 -1.41492 0.18681 3.71449 10
 63.000000 -1.13865 0.604397 0.41967 -10.6658 -1.41492 0.18681 3.71449 10
 63.500000 -1.06884 0.866389 0.205533 -7.18694 -1.41492 0.18681 3.71449 10
 64.000000 -0.755492 1.2439 -0.329479 0.129075 -1.41492 0.18681 3.71449 10
 64.500000 -0.460022 1.57468 -0.634579 1.25372 -1.41492 0.18681 3.71449 10
 65.000000 -0.47477 1.4011 -0.493269 1.0921 -0.928784 0.19192 4.11943 10
 65.500000 -0.445813 1.61506 -0.667357 0.657741 -0.928784 0.19192 4.11943 10
 66.000000 -0.441452 1.64854 -0.69393 0.355071 -0.928784 0.19192 4.11943 10
 66.500000 -0.683431 1.3765 -0.453393 1.26002 -0.928784 0.19192 4.11943 10
 67.000000 -0.76656 1.17687 -0.270471 -1.01311 -0.928784 0.19192 4.11943 10
 67.500000 -0.547378 1.49842 -0.56786 1.33862 -0.55344 0.163624 4.65991 9
 68.000000 -0.52691 1.49418 -0.566311 1.77519 -0.55344 0.163624 4.65991 9
 68.500000 -0.419832 1.60384 -0.659722 1.16182 -0.55344 0.163624 4.65991 9
 69.000000 -0.339892 1.60926 -0.665075 1.09883 -0.55344 0.163624 4.65991 9
 69.500000 -0.654332 1.39011 -0.469352 1.48751 -0.55344 0.163624 4.65991 9
 70.000000 -0.515872 1.38975 -0.483015 1.57934 -0.237232 0.181349 5.2067 9
 70.500000 -0.906672 1.10374 -0.133602 -4.07197 -0.237232 0.181349 5.2067 9
 71.000000 -0.869373 1.20207 -0.245075 -1.79458 -0.237232 0.181349 5.2067 9
 71.500000 -0.886143 1.03704 -0.0886354 -4.40677 -0.237232 0.181349 5.2067 9
 72.000000 -1.09595 0.843658 0.246941 -9.20412 -0.237232 0.181349 5.2067 9
 72.500000 -1.0709 0.603034 0.35814 -11.2644 -0.286021 0.181349 5.20671 9
 73.000000 -0.966942 0.8008 0.160357 -7.6965 -0.286021 0.181349 5.20671 9
 73.500000 -1.1595 0.825287 0.318642 -10.2501 -0.286021 0.181349 5.20671 9
 74.000000 -0.750065 1.28937 -0.368128 0.574286 -0.286021 0.181349 5.20671 9
 74.500000 -0.916219 1.07738 -0.103029 -4.31032 -0.286021 0.181349 5.20671 9
 75.000000 -0.858193 1.08508 -0.148639 -3.90174 -0.331261 0.181423 5.21922 9
 75.500000 -0.722064 1.18672 -0.292313 -0.733342 -0.331261 0.181423 5.21922 9
 76.000000 -0.647855 1.34822 -0.437332 1.35307 -0.331261 0.181423 5.21922 9
 76.500000 -0.681708 1.21404 -0.323768 -0.134117 -0.331261 0.181423 5.21922 9
 77.000000 -0.678454 1.24309 -0.347904 0.27046 -0.331261 0.181423 5.21922 9
 77.500000 -0.519813 1.63534 -0.67657 0.578446 -0.268752 0.192029 6.03146 10
 78.000000 -0.582842 1.39127 -0.479695 1.47652 -0.268752 0.192029 6.03146 10
 78.500000 -0.778582 1.12363 -0.221523 -2.46523 -0.268752 0.192029 6.03146 10
 79.000000 -0.62487 1.39556 -0.478132 1.46918 -0.268752 0.192029 6.03146 10
 79.500000 -0.667325 1.2612 -0.364528 0.367937 -0.268752 0.192029 6.03146 10
 80.000000 -0.70742 1.30549 -0.392083 0.734532 -0.199256 0.190801 6.93431 10
 80.500000 -0.697127 1.27976 -0.373712 0.764127 -0.199256 0.190801 6.93431 10
 81.000000 -1.14231 0.811972 0.311458 -10.4276 -0.199256 0.190801 6.93431 10
 81.500000 -1.63005 0.419269 0.913819 -15.3533 -0.199256 0.190801 6.93431 10
 82.000000 -1.20668 0.766788 0.399068 -11.1219 -0.199256 0.190801 6.93431 10
 82.500000 -1.12504 0.856065 0.265231 -9.74692 -0.240075 0.190801 6.93435 10
 83.000000 -0.820834 1.22403 -0.288395 -0.502347 -0.240075 0.190801 6.93435 10
 83.500000 -0.507524 1.49856 -0.571198 1.43172 -0.240075 0.190801 6.93435 10
 84.000000 -0.57139 1.35322 -0.450187 1.33355 -0.240075 0.190801 6.93435 10
 84.500000 -0.559584 1.38392 -0.475826 1.43919 -0.240075 0.190801 6.93435 10
 85.000000 -0.599574 1.47052 -0.540174 1.50822 -0.0724512 0.188358 7.73413 10
 85.500000 -0.449219 1.51197 -0.584661 1.45239 -0.0724512 0.188358 7.73413 10
 86.000000 -0.324816 1.72632 -0.760705 -0.714461 -0.0724512 0.188358 7.73413 10
 86.500000 -0.652958 1.3887 -0.46847 1.43573 -0.0724512 0.188358 7.73413 10
 87.000000 -0.864149 1.18806 -0.235658 -1.98437 -0.0724512 0.188358 7.73413 10
 87.500000 -0.843395 1.14829 -0.212207 -2.60519 -0.107141 0.206651 7.77906 9
 88.000000 -0.83013 1.18454 -0.250328 -1.59405 -0.107141 0.206651 7.77906 9
 88.500000 -0.925291 1.04688 -0.0689373 -4.1758 -0.107141 0.206651 7.77906 9
 89.000000 -0.825667 1.23107 -0.292208 -0.725236 -0.107141 0.206651 7.77906 9
 89.500000 -0.758414 1.2955 -0.37061 0.495025 -0.107141 0.206651 7.77906 9
 90.000000 -0.480426 1.51721 -0.587667 1.34637 0.00357364 0.210776 8.75044 9
 90.500000 -0.437182 1.58336 -0.64263 1.02277 0.00357364 0.210776 8.75044 9
 91.000000 -0.408108 1.612 -0.666684 0.758252 0.00357364 0.210776 8.75044 9
 91.500000 -0.52535 1.4442 -0.526604 1.52637 0.00357364 0.210776 8.75044 9
 92.000000 -0.824191 1.07456 -0.158868 -3.28311 0.00357364 0.210776 8.75044 9
 92.500000 -0.677262 1.36472 -0.445315 1.10606 0.0706403 0.228244 9.74285 9
 93.000000 -0.481167 1.46332 -0.544174 1.41592 0.0706403 0.228244 9.74285 9
 93.500000 -0.817696 1.13353 -0.212574 -2.79166 0.0706403 0.228244 9.74285 9
 94.000000 -1.01396 1.01724 0.0313566 -6.61399 0.0706403 0.228244 9.74285 9
 94.500000 -1.44395 0.601771 0.691688 -15.0411 0.0706403 0.228244 9.74285 9
 95.000000 -1.2328 0.799576 0.403286 -11.307 0.0367392 0.228245 9.74285 9
 95.500000 -0.924246 0.91476 0.0422405 -6.87573 0.0367392 0.228245 9.74285 9
 96.000000 -0.986763 0.930865 0.0814763 -7.70319 0.0367392 0.228245 9.74285 9
 96.500000 -0.620753 1.43949 -0.513137 1.41389 0.0367392 0.228245 9.74285 9
 97.000000 -0.488414 1.43676 -0.522311 1.42285 0.0367392 0.228245 9.74285 9
 97.500000 -0.448302 1.51834 -0.589859 1.26545 0.111812 0.229978 10.7378 9
 98.000000 -0.369664 1.65461 -0.70203 0.183109 0.111812 0.229978 10.7378 9
 98.500000 -0.638396 1.32129 -0.417286 0.831843 0.111812 0.229978 10.7378 9
 99.000000 -1.08919 0.89809 0.20052 -9.21609 0.111812 0.229978 10.7378 9
 99.500000 -0.939128 1.08308 -0.0910238 -4.29553 0.111812 0.229978 10.7378 9
 100.000000 -0.951519 1.02217 -0.0263397 -5.39054 0.0801947 0.207051 10.7406 10
 100.500000 -1.09923 0.89258 0.214136 -9.26402 0.0801947 0.207051 10.7406 10
 101.000000 -1.0575 0.979074 0.104641 -7.58088 0.0801947 0.207051 10.7406 10
 101.500000 -1.11406 0.813568 0.28424 -10.0077 0.0801947 0.207051 10.7406 10
 102.000000 -0.71017 1.16758 -0.279721 -1.28932 0.0801947 0.207051 10.7406 10
 102.500000 -0.935609 1.00465 -0.0236764 -5.11292 0.0495966 0.207045 10.7442 10
 103.000000 -1.15999 0.881311 0.279836 -9.97104 0.0495966 0.207045 10.7442 10
 103.500000 -1.07942 0.778895 0.274703 -9.92716 0.0495966 0.207045 10.7442 10
 104.000000 -1.06097 0.920128 0.156955 -8.29332 0.0495966 0.207045 10.7442 10
 104.500000 -1.12973 0.899917 0.237241 -9.53908 0.0495966 0.207045 10.7442 10
 105.000000 -1.29865 0.82619 0.447441 -11.446 0.0197439 0.207045 10.7442 10
 105.500000 -1.06874 0.902942 0.177741 -8.67346 0.0197439 0.207045 10.7442 10
 106.000000 -1.10365 0.811703 0.275855 -9.9362 0.0197439 0.207045 10.7442 10
 106.500000 -1.06322 0.917554 0.161095 -8.3729 0.0197439 0.207045 10.7442 10
 107.000000 -1.18921 0.557912 0.484972 -11.4749 0.0197439 0.207045 10.7442 10
 107.500000 -1.114 0.785795 0.3021 -10.1359 -0.00924246 0.207045 10.7442 10
 108.000000 -1.00121 0.773315 0.207727 -9.09313 -0.00924246 0.207045 10.7442 10
 108.500000 -1.34738 0.693403 0.565858 -12.8947 -0.00924246 0.207045 10.7442 10
 109.000000 -1.20307 0.6865 0.439813 -10.9031 -0.00924246 0.207045 10.7442 10
 109.500000 -1.25865 0.743191 0.460105 -11.124 -0.00924246 0.207045 10.7442 10
 110.000000 -1.38799 0.72427 0.585986 -13.3797 -0.0374133 0.188223 10.7442 11
 110.500000 -1.2682 0.63567 0.523111 -11.8658 -0.0374133 0.188223 10.7442 11
 111.000000 -1.02628 0.650825 0.296271 -9.69251 -0.0374133 0.188223 10.7442 11
 111.500000 -1.18091 0.829786 0.335611 -9.91163 -0.0374133 0.188223 10.7442 11
 112.000000 -1.08727 0.913399 0.186785 -8.71251 -0.0374133 0.188223 10.7442 11
 112.500000 -1.0995 0.893579 0.213625 -9.07595 -0.064809 0.188223 10.7443 11
 113.000000 -1.22569 0.489821 0.543328 -12.2092 -0.064809 0.188223 10.7443 11
 113.500000 -0.815636 1.15708 -0.233697 -2.29549 -0.064809 0.188223 10.7443 11
 114.000000 -0.661757 1.25682 -0.36194 0.363045 -0.064809 0.188223 10.7443 11
 114.500000 -0.593755 1.32429 -0.42493 1.08992 -0.064809 0.188223 10.7443 11
 115.000000 -0.408344 1.52958 -0.599658 1.47035 0.0267153 0.190702 11.6613 11
 115.500000 -0.245516 1.80495 -0.825059 -2.30926 0.0267153 0.190702 11.6613 11
 116.000000 -0.494646 1.50951 -0.580724 1.61552 0.0267153 0.190702 11.6613 11
 116.500000 -0.448804 1.45362 -0.536852 1.64611 0.0267153 0.190702 11.6613 11
 117.000000 -0.720856 1.3471 -0.422059 0.941883 0.0267153 0.190702 11.6613 11
 117.500000 -0.571439 1.42092 -0.504393 1.5482 0.114515 0.193402 12.5433 11
 118.000000 -0.321514 1.63008 -0.682054 0.642879 0.114515 0.193402 12.5433 11
 118.500000 -0.407591 1.58445 -0.644478 1.13065 0.114515 0.193402 12.5433 11
 119.000000 -0.492714 1.54148 -0.606242 1.47263 0.114515 0.193402 12.5433 11
 119.500000 -0.572338 1.48089 -0.551553 1.68046 0.114515 0.193402 12.5433 11
 120.000000 -0.408834 1.51874 -0.590714 1.56545 0.193028 0.19431 13.4412 11
 120.500000 -0.785579 1.15981 -0.249055 -2.30112 0.193028 0.19431 13.4412 11
 121.000000 -0.873778 1.13386 -0.182116 -3.54012 0.193028 0.19431 13.4412 11
 121.500000 -0.696051 1.27565 -0.370637 0.202084 0.193028 0.19431 13.4412 11
 122.000000 -0.653479 1.32391 -0.417105 0.82694 0.193028 0.19431 13.4412 11
 122.500000 -0.535469 1.421 -0.507328 1.59795 0.265353 0.195953 14.3382 11
 123.000000 -0.68136 1.35412 -0.436172 1.08337 0.265353 0.195953 14.3382 11
 123.500000 -0.325576 1.66261 -0.708969 0.133284 0.265353 0.195953 14.3382 11
 124.000000 -0.371381 1.60701 -0.663359 0.886208 0.265353 0.195953 14.3382 11
 124.500000 -0.44505 1.55311 -0.618051 1.40494 0.265353 0.195953 14.3382 11
 125.000000 -0.691475 1.26043 -0.359334 0.0164389 0.260093 0.189662 14.8045 11
 125.500000 -0.572157 1.42493 -0.507507 1.65639 0.260093 0.189662 14.8045 11
 126.000000 -0.556351 1.4004 -0.489312 1.56385 0.260093 0.189662 14.8045 11
 126.500000 -0.722655 1.30199 -0.385667 0.548206 0.260093 0.189662 14.8045 11
 127.000000 -0.670263 1.29157 -0.388435 0.583823 0.260093 0.189662 14.8045 11
 127.500000 -0.549129 1.45848 -0.536212 1.73194 0.335272 0.188586 15.5807 11
 128.000000 -0.492569 1.55058 -0.613443 1.45907 0.335272 0.188586 15.5807 11
 128.500000 -0.414032 1.60087 -0.657547 0.940816 0.335272 0.188586 15.5807 11
 129.000000 -0.653194 1.22777 -0.339821 -0.201654 0.335272 0.188586 15.5807 11
 129.500000 -0.564131 1.52163 -0.584175 1.66633 0.335272 0.188586 15.5807 11
 130.000000 -0.524028 1.58287 -0.635887 1.22552 0.367381 0.208159 16.5641 11
 130.500000 -0.587504 1.42584 -0.506633 1.54795 0.367381 0.208159 16.5641 11
 131.000000 -0.580896 1.41727 -0.500562 1.51694 0.367381 0.208159 16.5641 11
 131.500000 -0.915781 1.16758 -0.185333 -3.57695 0.367381 0.208159 16.5641 11
 132.000000 -0.930372 1.1389 -0.148769 -4.06797 0.367381 0.208159 16.5641 11
 132.500000 -0.750412 1.27061 -0.35282 -0.136161 0.358551 0.20393 16.9637 11
 133.000000 -0.602859 1.45775 -0.529807 1.63554 0.358551 0.20393 16.9637 11
 133.500000 -0.52113 1.52993 -0.594958 1.52904 0.358551 0.20393 16.9637 11
 134.000000 -0.603928 1.43706 -0.51351 1.58555 0.358551 0.20393 16.9637 11
 134.500000 -0.693708 1.33084 -0.41526 0.778368 0.358551 0.20393 16.9637 11
 135.000000 -0.486102 1.557 -0.618958 1.36385 0.395526 0.214545 17.9635 11
 135.500000 -0.522937 1.5473 -0.60839 1.43759 0.395526 0.214545 17.9635 11
 136.000000 -0.529982 1.56248 -0.619511 1.36306 0.395526 0.214545 17.9635 11
 136.500000 -0.429499 1.52379 -0.594706 1.50902 0.395526 0.214545 17.9635 11
 137.000000 -0.637869 1.30358 -0.403173 0.53735 0.395526 0.214545 17.9635 11
 137.500000 -0.711892 1.2467 -0.343701 -0.233971 0.385537 0.21137 18.3331 11
 138.000000 -0.945556 1.17823 -0.174113 -3.48 0.385537 0.21137 18.3331 11
 138.500000 -1.29054 0.767082 0.475583 -12.0018 0.385537 0.21137 18.3331 11
 139.000000 -1.44441 0.580233 0.701105 -15.1284 0.385537 0.21137 18.3331 11
 139.500000 -0.963659 0.943147 0.0515997 -6.69371 0.385537 0.21137 18.3331 11
 140.000000 -1.29426 0.716448 0.506735 -12.3972 0.364484 0.193756 18.3331 12
 140.500000 -1.26649 0.813344 0.425829 -11.3367 0.364484 0.193756 18.3331 12
 141.000000 -1.26926 0.575481 0.550216 -12.663 0.364484 0.193756 18.3331 12
 141.500000 -1.08967 0.717318 0.320066 -10.1554 0.364484 0.193756 18.3331 12
 142.000000 -1.47303 0.675713 0.683361 -14.8582 0.364484 0.193756 18.3331 12
 142.500000 -1.34609 0.29819 0.709383 -15.1353 0.343865 0.193756 18.3331 12
 143.000000 -1.23934 0.458081 0.56643 -12.915 0.343865 0.193756 18.3331 12
 143.500000 -1.3922 0.572251 0.659666 -14.4036 0.343865 0.193756 18.3331 12
 144.000000 -1.09453 0.9792 0.139328 -8.45471 0.343865 0.193756 18.3331 12
 144.500000 -0.799868 1.16217 -0.245108 -1.77011 0.343865 0.193756 18.3331 12
 145.000000 -0.96505 1.04668 -0.0372377 -5.28261 0.323736 0.193756 18.3358 12
 145.500000 -1.03782 0.954763 0.107228 -7.66687 0.323736 0.193756 18.3358 12
 146.000000 -1.04192 0.958419 0.107903 -7.68324 0.323736 0.193756 18.3358 12
 146.500000 -1.10091 0.926491 0.189181 -9.17134 0.323736 0.193756 18.3358 12
 147.000000 -1.01669 0.968702 0.0762925 -6.93099 0.323736 0.193756 18.3358 12
 147.500000 -1.06598 0.968594 0.12152 -8.00917 0.303938 0.193754 18.3359 12
 148.000000 -0.968755 1.06613 -0.0518994 -4.98246 0.303938 0.193754 18.3359 12
 148.500000 -0.97199 1.04602 -0.0308895 -5.20176 0.303938 0.193754 18.3359 12
 149.000000 -0.564863 1.56285 -0.615828 1.47386 0.303938 0.193754 18.3359 12
 149.500000 -0.698326 1.25895 -0.356691 0.137146 0.303938 0.193754 18.3359 12
 150.000000 -0.637668 1.39554 -0.476263 1.36118 0.339424 0.195152 19.3356 12
 150.500000 -0.438835 1.51799 -0.589806 1.59346 0.339424 0.195152 19.3356 12
 151.000000 -0.525219 1.43479 -0.519056 1.64356 0.339424 0.195152 19.3356 12
 151.500000 -0.530954 1.43087 -0.515545 1.63236 0.339424 0.195152 19.3356 12
 152.000000 -0.545343 1.51262 -0.579174 1.63529 0.339424 0.195152 19.3356 12
 152.500000 -0.360396 1.73174 -0.763851 -1.201 0.324488 0.184118 19.4869 13
 153.000000 -0.399416 1.68662 -0.726363 -0.12347 0.324488 0.184118 19.4869 13
 153.500000 -0.561141 1.45166 -0.529725 1.72058 0.324488 0.184118 19.4869 13
 154.000000 -0.762426 1.27277 -0.350904 0.142828 0.324488 0.184118 19.4869 13
 154.500000 -0.556832 1.36004 -0.456747 1.32433 0.324488 0.184118 19.4869 13
 155.000000 -0.623575 1.39953 -0.481435 1.51179 0.365812 0.184703 20.4535 13
 155.500000 -0.471945 1.45372 -0.536611 1.75226 0.365812 0.184703 20.4535 13
 156.000000 -0.463458 1.57249 -0.63265 1.30018 0.365812 0.184703 20.4535 13
 156.500000 -0.700008 1.28965 -0.381032 0.571856 0.365812 0.184703 20.4535 13
 157.000000 -1.40038 0.606346 0.652409 -14.3662 0.365812 0.184703 20.4535 13
 157.500000 -1.13032 0.899971 0.237767 -9.41932 0.347464 0.184703 20.4536 13
 158.000000 -1.12721 0.711734 0.357392 -10.5161 0.347464 0.184703 20.4536 13
 158.500000 -1.20017 0.618119 0.46973 -11.8573 0.347464 0.184703 20.4536 13
 159.000000 -1.05829 1.06826 0.024992 -5.98973 0.347464 0.184703 20.4536 13
 159.500000 -0.912637 1.13882 -0.161253 -3.7059 0.347464 0.184703 20.4536 13
 160.000000 -0.868051 1.16352 -0.211799 -2.59592 0.330403 0.184778 20.4919 13
 160.500000 -0.876115 1.10953 -0.159076 -3.45858 0.330403 0.184778 20.4919 13
 161.000000 -0.91268 1.1308 -0.153933 -3.53999 0.330403 0.184778 20.4919 13
 161.500000 -0.357239 1.56483 -0.628414 1.3404 0.330403 0.184778 20.4919 13
 162.000000 -0.605055 1.50642 -0.567171 1.71554 0.330403 0.184778 20.4919 13
 162.500000 -0.559907 1.37251 -0.466613 1.46429 0.366713 0.186277 21.4777 13
 163.000000 -0.706882 1.34273 -0.421847 1.1218 0.366713 0.186277 21.4777 13
 163.500000 -0.556476 1.47159 -0.545898 1.75375 0.366713 0.186277 21.4777 13
 164.000000 -0.491852 1.52521 -0.593402 1.57583 0.366713 0.186277 21.4777 13
 164.500000 -0.825723 1.15523 -0.227276 -2.17935 0.366713 0.186277 21.4777 13
 165.000000 -0.907125 0.921724 0.0233326 -6.15257 0.349347 0.186273 21.4788 13
 165.500000 -1.0571 0.820988 0.226919 -9.1999 0.349347 0.186273 21.4788 13
 166.000000 -1.06884 0.98037 0.114097 -7.58043 0.349347 0.186273 21.4788 13
 166.500000 -0.803566 1.09474 -0.186332 -3.03633 0.349347 0.186273 21.4788 13
 167.000000 -1.05953 1.04951 0.0435625 -6.25942 0.349347 0.186273 21.4788 13
 167.500000 -1.19683 0.750064 0.399765 -11.1929 0.332253 0.186273 21.4788 13
 168.000000 -1.09671 0.894219 0.210525 -9.05585 0.332253 0.186273 21.4788 13
 168.500000 -1.07876 0.952053 0.147426 -8.22972 0.332253 0.186273 21.4788 13
 169.000000 -0.916249 1.09438 -0.118352 -4.12982 0.332253 0.186273 21.4788 13
 169.500000 -0.922208 1.07134 -0.0931826 -4.50183 0.332253 0.186273 21.4788 13
 170.000000 -0.800701 1.1986 -0.275528 -1.12946 0.319367 0.176984 21.6389 14
 170.500000 -0.640986 1.41255 -0.489083 1.69694 0.319367 0.176984 21.6389 14
 171.000000 -0.302169 1.63205 -0.683204 0.608162 0.319367 0.176984 21.6389 14
 171.500000 -0.399464 1.60577 -0.661919 0.935128 0.319367 0.176984 21.6389 14
 172.000000 -0.309852 1.84929 -0.858395 -3.96781 0.319367 0.176984 21.6389 14
 172.500000 -0.386516 1.54377 -0.611317 1.49138 0.355249 0.181132 22.6176 14
 173.000000 -0.792188 1.23658 -0.310753 -0.435121 0.355249 0.181132 22.6176 14
 173.500000 -1.01798 0.947156 0.0956364 -7.22703 0.355249 0.181132 22.6176 14
 174.000000 -0.854487 1.14942 -0.207124 -2.40876 0.355249 0.181132 22.6176 14
 174.500000 -0.837785 1.19187 -0.252887 -1.47985 0.355249 0.181132 22.6176 14
 175.000000 -0.54863 1.40589 -0.494287 1.66051 0.3977 0.180614 23.5028 14
 175.500000 -0.511727 1.57497 -0.630974 1.3111 0.3977 0.180614 23.5028 14
 176.000000 -0.505084 1.53036 -0.596578 1.59567 0.3977 0.180614 23.5028 14
 176.500000 -0.557033 1.46813 -0.543121 1.78518 0.3977 0.180614 23.5028 14
 177.000000 -0.358888 1.65886 -0.705675 0.150924 0.3977 0.180614 23.5028 14
 177.500000 -0.444372 1.61286 -0.665708 0.872944 0.407311 0.17677 24.3478 14
 178.000000 -0.803175 1.27192 -0.335921 -0.0544213 0.407311 0.17677 24.3478 14
 178.500000 -1.06667 0.823495 0.233953 -9.33959 0.407311 0.17677 24.3478 14
 179.000000 -1.4067 0.525911 0.690468 -14.8912 0.407311 0.17677 24.3478 14
 179.500000 -1.28406 0.796349 0.452442 -11.5812 0.407311 0.17677 24.3478 14
 180.000000 -1.21825 0.697345 0.448046 -11.5396 0.391563 0.17677 24.3478 14
 180.500000 -1.31587 0.684089 0.542549 -12.5374 0.391563 0.17677 24.3478 14
 181.000000 -1.14897 0.65329 0.406937 -11.0341 0.391563 0.17677 24.3478 14
 181.500000 -1.22316 0.737386 0.431019 -11.2153 0.391563 0.17677 24.3478 14
 182.000000 -1.09273 0.813899 0.264334 -9.5832 0.391563 0.17677 24.3478 14
 182.500000 -0.85069 1.07327 -0.142862 -3.72778 0.376312 0.176655 24.36 14
 183.000000 -0.71625 1.34803 -0.423891 1.14841 0.376312 0.176655 24.36 14
 183.500000 -0.787092 1.03596 -0.144965 -3.56016 0.376312 0.176655 24.36 14
 184.000000 -1.01272 0.889582 0.137104 -8.11849 0.376312 0.176655 24.36 14
 184.500000 -1.23902 0.807041 0.404379 -11.0131 0.376312 0.176655 24.36 14
 185.000000 -0.968502 1.06884 -0.0545931 -4.92204 0.361122 0.176658 24.3637 14
 185.500000 -1.00808 0.963337 0.0731803 -6.73913 0.361122 0.176658 24.3637 14
 186.000000 -0.633622 1.34039 -0.433195 1.24655 0.361122 0.176658 24.3637 14
 186.500000 -0.821242 1.21735 -0.28254 -0.967194 0.361122 0.176658 24.3637 14
 187.000000 -0.576027 1.40264 -0.489417 1.67396 0.361122 0.176658 24.3637 14
 187.500000 -0.345073 1.66326 -0.709435 0.227572 0.359254 0.185545 24.9027 14
 188.000000 -0.876523 1.18123 -0.222537 -2.18696 0.359254 0.185545 24.9027 14
 188.500000 -1.09751 0.740786 0.314051 -10.1093 0.359254 0.185545 24.9027 14
 189.000000 -1.02723 0.870721 0.164401 -8.69197 0.359254 0.185545 24.9027 14
 189.500000 -1.03658 0.947575 0.112111 -7.68139 0.359254 0.185545 24.9027 14
 190.000000 -1.00875 0.997025 0.0446502 -6.22644 0.34446 0.185553 24.9037 14
 190.500000 -0.88777 0.757937 0.121537 -7.52718 0.34446 0.185553 24.9037 14
 191.000000 -1.03373 0.735692 0.25909 -9.74955 0.34446 0.185553 24.9037 14
 191.500000 -0.975966 1.0119 0.00305554 -5.51691 0.34446 0.185553 24.9037 14
 192.000000 -0.959093 0.839067 0.127678 -7.65697 0.34446 0.185553 24.9037 14
 192.500000 -1.38068 0.594944 0.640243 -14.395 0.329861 0.185553 24.9037 14
 193.000000 -1.2202 0.653864 0.471402 -11.6058 0.329861 0.185553 24.9037 14
 193.500000 -1.00949 1.04017 0.00666648 -5.56164 0.329861 0.185553 24.9037 14
 194.000000 -0.656962 1.33821 -0.42793 1.13339 0.329861 0.185553 24.9037 14
 194.500000 -0.642688 1.39328 -0.473719 1.52707 0.329861 0.185553 24.9037 14
 195.000000 -0.971962 1.01684 -0.00471317 -5.42296 0.315518 0.18555 24.906 14
 195.500000 -1.10648 0.902181 0.213572 -9.31827 0.315518 0.18555 24.906 14
 196.000000 -0.712398 1.26477 -0.358199 0.230726 0.315518 0.18555 24.906 14
 196.500000 -0.86898 1.16162 -0.209583 -2.44595 0.315518 0.18555 24.906 14
 197.000000 -0.876672 1.17497 -0.216887 -2.30019 0.315518 0.18555 24.906 14
 197.500000 -0.69601 1.36608 -0.442642 1.2805 0.338144 0.191565 25.9004 14
 198.000000 -0.549337 1.47046 -0.545667 1.67589 0.338144 0.191565 25.9004 14
 198.500000 -0.740269 1.29872 -0.378441 0.591884 0.338144 0.191565 25.9004 14
 199.000000 -0.662592 1.24987 -0.356196 0.264215 0.338144 0.191565 25.9004 14
 199.500000 -0.656522 1.42647 -0.497366 1.62454 0.338144 0.191565 25.9004 14
 200.000000 -0.66518 1.23724 -0.345549 0.0922694 0.335112 0.188978 26.3871 14
 200.500000 -0.903023 1.11693 -0.148023 -3.65699 0.335112 0.188978 26.3871 14
 201.000000 -1.00893 0.732881 0.238491 -9.65585 0.335112 0.188978 26.3871 14
 201.500000 -1.09678 0.814696 0.267529 -9.86689 0.335112 0.188978 26.3871 14
 202.000000 -1.13979 0.839046 0.290929 -10.0321 0.335112 0.188978 26.3871 14
 202.500000 -1.17998 0.970992 0.22872 -9.56323 0.321319 0.188978 26.3872 14
 203.000000 -1.13388 0.863386 0.268261 -9.69203 0.321319 0.188978 26.3872 14
 203.500000 -1.10859 0.732685 0.328802 -10.2798 0.321319 0.188978 26.3872 14
 204.000000 -0.925498 1.01008 -0.0363184 -5.0386 0.321319 0.188978 26.3872 14
 204.500000 -0.788202 1.1252 -0.218879 -2.30063 0.321319 0.188978 26.3872 14
 205.000000 -0.852892 1.17477 -0.23019 -2.04987 0.308992 0.189284 26.4529 14
 205.500000 -1.01085 0.891434 0.134008 -7.75147 0.308992 0.189284 26.4529 14
 206.000000 -0.802151 1.02681 -0.130175 -3.72332 0.308992 0.189284 26.4529 14
 206.500000 -0.853017 1.18631 -0.240197 -1.75342 0.308992 0.189284 26.4529 14
 207.000000 -0.864364 1.08502 -0.144818 -3.47587 0.308992 0.189284 26.4529 14
 207.500000 -0.972887 0.926057 0.0734159 -6.49648 0.295583 0.189282 26.4537 14
 208.000000 -0.959894 1.03288 -0.0290503 -5.22885 0.295583 0.189282 26.4537 14
 208.500000 -0.805123 1.11152 -0.199815 -2.53338 0.295583 0.189282 26.4537 14
 209.000000 -1.00335 0.925919 0.100049 -6.82583 0.295583 0.189282 26.4537 14
 209.500000 -1.09061 0.845792 0.240492 -9.47388 0.295583 0.189282 26.4537 14
 210.000000 -1.20881 0.700271 0.437946 -11.4256 0.282338 0.189282 26.4537 14
 210.500000 -1.31728 0.771159 0.497486 -11.7991 0.282338 0.189282 26.4537 14
 211.000000 -1.1728 0.591549 0.456336 -11.3767 0.282338 0.189282 26.4537 14
 211.500000 -1.19166 0.913014 0.286249 -9.83511 0.282338 0.189282 26.4537 14
 212.000000 -1.19661 0.949463 0.262495 -9.64981 0.282338 0.189282 26.4537 14
 212.500000 -1.1722 0.718221 0.39501 -10.9906 0.269266 0.189282 26.4537 14
 213.000000 -0.817503 1.02119 -0.117506 -3.94125 0.269266 0.189282 26.4537 14
 213.500000 -0.573643 1.49173 -0.559856 1.64986 0.269266 0.189282 26.4537 14
 214.000000 -0.516554 1.39938 -0.490836 1.60268 0.269266 0.189282 26.4537 14
 214.500000 -0.474912 1.53159 -0.599455 1.48568 0.269266 0.189282 26.4537 14
 215.000000 -0.606377 1.41439 -0.495394 1.61923 0.305244 0.188512 27.3622 14
 215.500000 -0.547624 1.51217 -0.578599 1.59016 0.305244 0.188512 27.3622 14
 216.000000 -0.459289 1.51972 -0.590621 1.52705 0.305244 0.188512 27.3622 14
 216.500000 -0.542276 1.46034 -0.53826 1.70577 0.305244 0.188512 27.3622 14
 217.000000 -0.610683 1.47663 -0.543404 1.69952 0.305244 0.188512 27.3622 14
 217.500000 -0.784095 1.30864 -0.37301 0.579967 0.309238 0.186166 28.07 14
 218.000000 -0.378561 1.59908 -0.656829 0.934563 0.309238 0.186166 28.07 14
 218.500000 -0.381222 1.68324 -0.724558 -0.164098 0.309238 0.186166 28.07 14
 219.000000 -0.451126 1.55923 -0.622715 1.29016 0.309238 0.186166 28.07 14
 219.500000 -0.364398 1.44706 -0.528869 1.70583 0.309238 0.186166 28.07 14
 220.000000 -0.679497 1.24374 -0.348234 0.321257 0.309389 0.184324 28.6575 14
 220.500000 -0.909052 0.983358 -0.0258858 -5.30664 0.309389 0.184324 28.6575 14
 221.000000 -0.892175 1.1318 -0.16865 -3.03238 0.309389 0.184324 28.6575 14
 221.500000 -0.799364 1.15571 -0.239856 -1.54992 0.309389 0.184324 28.6575 14
 222.000000 -0.480861 1.50923 -0.581255 1.56875 0.309389 0.184324 28.6575 14
 222.500000 -0.693198 1.26157 -0.359895 0.561901 0.312929 0.182735 29.3648 14
 223.000000 -0.594684 1.42611 -0.506037 1.67346 0.312929 0.182735 29.3648 14
 223.500000 -0.379758 1.59011 -0.649485 1.01157 0.312929 0.182735 29.3648 14
 224.000000 -0.708821 1.34145 -0.420392 1.22308 0.312929 0.182735 29.3648 14
 224.500000 -0.654725 1.25781 -0.363863 0.684267 0.312929 0.182735 29.3648 14
 225.000000 -0.65056 1.32775 -0.420628 1.22495 0.330929 0.183656 30.3539 14
 225.500000 -1.0464 0.955785 0.114236 -7.18432 0.330929 0.183656 30.3539 14
 226.000000 -0.797782 1.18686 -0.266839 -0.917401 0.330929 0.183656 30.3539 14
 226.500000 -1.19972 0.784687 0.381909 -10.8171 0.330929 0.183656 30.3539 14
 227.000000 -1.09982 0.980439 0.143294 -7.79005 0.330929 0.183656 30.3539 14
 227.500000 -1.43886 0.457403 0.742883 -15.1744 0.318807 0.197783 30.3539 13
 228.000000 -1.44281 0.590509 0.695473 -14.7313 0.318807 0.197783 30.3539 13
 228.500000 -1.52379 0.410736 0.830149 -15.4354 0.318807 0.197783 30.3539 13
 229.000000 -1.30193 0.629761 0.55588 -12.9544 0.318807 0.197783 30.3539 13
 229.500000 -1.36841 0.738771 0.561108 -13.0632 0.318807 0.197783 30.3539 13
 230.000000 -1.34266 0.603705 0.60333 -13.8643 0.306831 0.197783 30.3539 13
 230.500000 -1.21766 0.928636 0.299262 -10.0951 0.306831 0.197783 30.3539 13
 231.000000 -1.21471 0.78735 0.394112 -10.9653 0.306831 0.197783 30.3539 13
 231.500000 -0.97483 0.949638 0.0556997 -6.26404 0.306831 0.197783 30.3539 13
 232.000000 -0.834126 1.20212 -0.263507 -1.0623 0.306831 0.197783 30.3539 13
 232.500000 -0.458371 1.62285 -0.672652 0.614722 0.311064 0.196372 31.0932 13
 233.000000 -0.353727 1.61165 -0.667188 0.754542 0.311064 0.196372 31.0932 13
 233.500000 -0.500142 1.49357 -0.567677 1.51734 0.311064 0.196372 31.0932 13
 234.000000 -0.572249 1.44026 -0.519635 1.59248 0.311064 0.196372 31.0932 13
 234.500000 -0.509568 1.47278 -0.550477 1.56615 0.311064 0.196372 31.0932 13
 235.000000 -0.545102 1.51953 -0.584594 1.4463 0.335324 0.198487 32.0773 13
 235.500000 -0.412603 1.76515 -0.786276 -1.65736 0.335324 0.198487 32.0773 13
 236.000000 -0.576746 1.55692 -0.60975 1.33234 0.335324 0.198487 32.0773 13
 236.500000 -0.555719 1.51166 -0.577365 1.51041 0.335324 0.198487 32.0773 13
 237.000000 -0.387831 1.53167 -0.601298 1.3876 0.335324 0.198487 32.0773 13
 237.500000 -0.320192 1.72472 -0.759506 -0.943528 0.326995 0.196022 32.2729 13
 238.000000 -0.5106 1.54899 -0.610793 1.33388 0.326995 0.196022 32.2729 13
 238.500000 -0.3168 1.69028 -0.73161 -0.256084 0.326995 0.196022 32.2729 13
 239.000000 -0.789515 1.10829 -0.20411 -2.4995 0.326995 0.196022 32.2729 13
 239.500000 -1.07408 0.843028 0.227194 -9.53809 0.326995 0.196022 32.2729 13
 240.000000 -1.46692 0.674091 0.678923 -14.5089 0.315566 0.196022 32.2729 13
 240.500000 -1.02501 0.800415 0.211651 -9.32703 0.315566 0.196022 32.2729 13
 241.000000 -0.997337 1.11258 -0.0712005 -4.92154 0.315566 0.196022 32.2729 13
 241.500000 -0.679234 1.25325 -0.355962 0.530018 0.315566 0.196022 32.2729 13
 242.000000 -0.643575 1.33743 -0.42941 1.2208 0.315566 0.196022 32.2729 13
 242.500000 -0.970302 1.11755 -0.0982872 -4.47817 0.304361 0.18214 32.2789 14
 243.000000 -0.88268 1.10268 -0.148801 -3.49963 0.304361 0.18214 32.2789 14
 243.500000 -0.772801 1.19088 -0.279892 -0.682904 0.304361 0.18214 32.2789 14
 244.000000 -0.485627 1.56745 -0.627234 1.27547 0.304361 0.18214 32.2789 14
 244.500000 -0.600444 1.26415 -0.375627 0.824603 0.304361 0.18214 32.2789 14
 245.000000 -0.537564 1.47423 -0.549662 1.66804 0.336188 0.18173 33.1231 14
 245.500000 -0.668911 1.31987 -0.411297 1.11788 0.336188 0.18173 33.1231 14
 246.000000 -0.585594 1.4246 -0.505863 1.67779 0.336188 0.18173 33.1231 14
 246.500000 -0.65001 1.40685 -0.483177 1.59774 0.336188 0.18173 33.1231 14
 247.000000 -0.44487 1.48512 -0.562822 1.6678 0.336188 0.18173 33.1231 14
 247.500000 -0.401618 1.57241 -0.634803 1.21184 0.35146 0.181937 34.1082 14
 248.000000 -0.763568 1.2241 -0.310613 -0.161569 0.35146 0.181937 34.1082 14
 248.500000 -0.874233 1.1435 -0.190391 -2.79156 0.35146 0.181937 34.1082 14
 249.000000 -0.934276 1.00227 -0.0226602 -5.38546 0.35146 0.181937 34.1082 14
 249.500000 -1.00619 1.00135 0.0385788 -6.05976 0.35146 0.181937 34.1082 14
 250.000000 -1.07252 0.856713 0.215983 -9.38733 0.340532 0.181937 34.1082 14
 250.500000 -0.761296 1.11591 -0.221719 -2.09584 0.340532 0.181937 34.1082 14
 251.000000 -1.32599 0.645391 0.570029 -13.1942 0.340532 0.181937 34.1082 14
 251.500000 -1.10599 0.896082 0.217799 -9.27647 0.340532 0.181937 34.1082 14
 252.000000 -1.13186 0.866501 0.264126 -9.68492 0.340532 0.181937 34.1082 14
 252.500000 -1.02645 0.916315 0.128451 -7.57369 0.329725 0.181936 34.1085 14
 253.000000 -0.908299 0.901102 0.0403865 -6.06864 0.329725 0.181936 34.1085 14
 253.500000 -0.842144 1.23958 -0.291812 -0.51485 0.329725 0.181936 34.1085 14
 254.000000 -0.779832 1.10497 -0.205419 -2.4685 0.329725 0.181936 34.1085 14
 254.500000 -1.12256 0.825364 0.284223 -9.82134 0.329725 0.181936 34.1085 14
 255.000000 -0.886814 1.08503 -0.130408 -3.86838 0.319191 0.181992 34.1194 14
 255.500000 -0.45199 1.52001 -0.591101 1.55488 0.319191 0.181992 34.1194 14
 256.000000 -0.495355 1.48876 -0.564088 1.65608 0.319191 0.181992 34.1194 14
 256.500000 -0.59265 1.43569 -0.51381 1.67197 0.319191 0.181992 34.1194 14
 257.000000 -0.551505 1.41615 -0.502299 1.64363 0.319191 0.181992 34.1194 14
 257.500000 -0.608328 1.37705 -0.465616 1.482 0.342074 0.182868 35.0971 14
 258.000000 -0.575911 1.3566 -0.452549 1.44625 0.342074 0.182868 35.0971 14
 258.500000 -0.314263 1.76793 -0.794246 -1.76072 0.342074 0.182868 35.0971 14
 259.000000 -0.460707 1.46928 -0.549583 1.68857 0.342074 0.182868 35.0971 14
 259.500000 -0.556317 1.4526 -0.530917 1.70752 0.342074 0.182868 35.0971 14
 260.000000 -0.585564 1.39741 -0.484312 1.6145 0.368488 0.182671 36.0061 14
 260.500000 -0.717076 1.37385 -0.444058 1.41999 0.368488 0.182671 36.0061 14
 261.000000 -0.679401 1.26566 -0.365938 0.656572 0.368488 0.182671 36.0061 14
 261.500000 -0.572322 1.49738 -0.564406 1.65519 0.368488 0.182671 36.0061 14
 262.000000 -0.490409 1.56073 -0.621596 1.30329 0.368488 0.182671 36.0061 14
 262.500000 -0.636571 1.2051 -0.323777 0.0410679 0.365605 0.189015 36.4719 14
 263.000000 -0.425744 1.46705 -0.547948 1.66539 0.365605 0.189015 36.4719 14
 263.500000 -0.621419 1.40064 -0.482605 1.60232 0.365605 0.189015 36.4719 14
 264.000000 -0.839216 1.02385 -0.107426 -4.23148 0.365605 0.189015 36.4719 14
 264.500000 -1.1209 0.845773 0.268637 -9.76792 0.365605 0.189015 36.4719 14
 265.000000 -0.930697 1.06638 -0.082319 -4.59995 0.355421 0.188996 36.4771 14
 265.500000 -0.919483 0.970707 -0.00722639 -5.51827 0.355421 0.188996 36.4771 14
 266.000000 -0.670236 1.37386 -0.453816 1.44879 0.355421 0.188996 36.4771 14
 266.500000 -0.592131 1.5084 -0.570478 1.59189 0.355421 0.188996 36.4771 14
 267.000000 -0.5117 1.48135 -0.557201 1.6408 0.355421 0.188996 36.4771 14
 267.500000 -0.392637 1.5814 -0.642254 1.06793 0.365862 0.188486 37.4173 14
 268.000000 -0.484937 1.47115 -0.550382 1.65003 0.365862 0.188486 37.4173 14
 268.500000 -0.354808 1.61856 -0.672867 0.755531 0.365862 0.188486 37.4173 14
 269.000000 -0.667824 1.31399 -0.406797 1.05704 0.365862 0.188486 37.4173 14
 269.500000 -0.475014 1.50849 -0.580931 1.54546 0.365862 0.188486 37.4173 14
 270.000000 -0.440893 1.54616 -0.612602 1.36113 0.382773 0.19012 38.4171 14
 270.500000 -0.564219 1.43689 -0.517744 1.64902 0.382773 0.19012 38.4171 14
 271.000000 -0.544369 1.52371 -0.587927 1.52447 0.382773 0.19012 38.4171 14
 271.500000 -0.430174 1.56723 -0.629946 1.26232 0.382773 0.19012 38.4171 14
 272.000000 -0.742863 1.24762 -0.336301 0.209189 0.382773 0.19012 38.4171 14
 272.500000 -0.847734 1.19037 -0.246525 -1.51524 0.37432 0.190697 38.5283 14
 273.000000 -0.845477 1.17884 -0.237671 -1.64484 0.37432 0.190697 38.5283 14
 273.500000 -0.975692 1.07843 -0.0574813 -5.02438 0.37432 0.190697 38.5283 14
 274.000000 -0.630248 1.38921 -0.47237 1.50279 0.37432 0.190697 38.5283 14
 274.500000 -0.455422 1.64988 -0.693951 0.45687 0.37432 0.190697 38.5283 14
 275.000000 -0.5126 1.55473 -0.615116 1.36914 0.39089 0.191587 39.5277 14
 275.500000 -0.47559 1.43899 -0.524464 1.63106 0.39089 0.191587 39.5277 14
 276.000000 -0.63481 1.29857 -0.399572 0.921682 0.39089 0.191587 39.5277 14
 276.500000 -0.84151 1.17585 -0.237135 -1.68605 0.39089 0.191587 39.5277 14
 277.000000 -0.695992 1.31272 -0.400351 0.929241 0.39089 0.191587 39.5277 14
 277.500000 -0.546145 1.46781 -0.543858 1.63235 0.414499 0.1911 40.422 14
 278.000000 -0.597551 1.33683 -0.434657 1.21557 0.414499 0.1911 40.422 14
 278.500000 -0.662643 1.41406 -0.486638 1.55558 0.414499 0.1911 40.422 14
 279.000000 -0.944594 0.952567 0.0279602 -6.11747 0.414499 0.1911 40.422 14
 279.500000 -1.16831 0.946261 0.237676 -9.55094 0.414499 0.1911 40.422 14
 280.000000 -1.52022 0.640208 0.739217 -14.8771 0.404837 0.1911 40.422 14
 280.500000 -1.16575 0.845164 0.310994 -10.3543 0.404837 0.1911 40.422 14
 281.000000 -1.12985 0.947675 0.199516 -8.9893 0.404837 0.1911 40.422 14
 281.500000 -0.957204 0.747543 0.184808 -8.71909 0.404837 0.1911 40.422 14
 282.000000 -1.03174 1.0856 -0.0155753 -5.61055 0.404837 0.1911 40.422 14
 282.500000 -1.05204 1.06543 0.0218481 -6.0433 0.395283 0.191104 40.4233 14
 283.000000 -0.959948 0.912566 0.0732499 -6.57666 0.395283 0.191104 40.4233 14
 283.500000 -0.859791 1.0423 -0.110566 -4.23828 0.395283 0.191104 40.4233 14
 284.000000 -0.888394 1.1852 -0.218956 -2.12976 0.395283 0.191104 40.4233 14
 284.500000 -1.19136 0.817573 0.353411 -10.8997 0.395283 0.191104 40.4233 14
 285.000000 -1.11922 0.639004 0.386474 -11.2136 0.385804 0.191104 40.4233 14
 285.500000 -0.878227 1.19361 -0.232525 -1.82496 0.385804 0.191104 40.4233 14
 286.000000 -0.794692 1.07691 -0.17547 -3.0506 0.385804 0.191104 40.4233 14
 286.500000 -0.731181 1.24681 -0.338902 0.170751 0.385804 0.191104 40.4233 14
 287.000000 -1.07051 0.95107 0.140522 -7.79289 0.385804 0.191104 40.4233 14
 287.500000 -0.887943 1.06672 -0.113434 -4.18861 0.376512 0.191106 40.4311 14
 288.000000 -0.827119 1.05641 -0.141856 -3.64393 0.376512 0.191106 40.4311 14
 288.500000 -0.62258 1.34059 -0.434825 1.21684 0.376512 0.191106 40.4311 14
 289.000000 -0.697076 1.20089 -0.30991 -0.27 0.376512 0.191106 40.4311 14
 289.500000 -0.958618 0.971619 0.0234879 -5.95305 0.376512 0.191106 40.4311 14
 290.000000 -0.833461 1.08505 -0.162851 -3.27544 0.367452 0.190963 40.4504 14
 290.500000 -1.06098 0.897074 0.175127 -8.56759 0.367452 0.190963 40.4504 14
 291.000000 -1.09612 0.932049 0.180194 -8.68052 0.367452 0.190963 40.4504 14
 291.500000 -0.870303 1.11722 -0.169505 -3.06601 0.367452 0.190963 40.4504 14
 292.000000 -1.12943 0.693883 0.368869 -10.9628 0.367452 0.190963 40.4504 14
 292.500000 -1.08212 0.831375 0.242717 -9.69015 0.358236 0.190963 40.4505 14
 293.000000 -0.987353 1.05809 -0.0289378 -5.30104 0.358236 0.190963 40.4505 14
 293.500000 -1.18132 0.775941 0.370256 -10.9561 0.358236 0.190963 40.4505 14
 294.000000 -0.872118 0.928525 -0.00784371 -5.57685 0.358236 0.190963 40.4505 14
 294.500000 -1.14859 0.79593 0.327626 -10.4574 0.358236 0.190963 40.4505 14
 295.000000 -1.16607 0.77987 0.353791 -10.7871 0.349103 0.190963 40.4505 14
 295.500000 -1.09329 0.76355 0.296784 -10.036 0.349103 0.190963 40.4505 14
 296.000000 -1.4363 0.552165 0.705567 -14.5517 0.349103 0.190963 40.4505 14
 296.500000 -1.33841 0.523279 0.632101 -14.1717 0.349103 0.190963 40.4505 14
 297.000000 -1.30588 0.749575 0.499325 -12.0946 0.349103 0.190963 40.4505 14
 297.500000 -1.19515 0.757595 0.393875 -10.9377 0.340054 0.190963 40.4505 14
 298.000000 -1.0959 0.855988 0.238131 -9.53363 0.340054 0.190963 40.4505 14
 298.500000 -1.02387 0.950281 0.0983264 -6.97369 0.340054 0.190963 40.4505 14
 299.000000 -0.7451 1.22353 -0.315956 -0.171039 0.340054 0.190963 40.4505 14
 299.500000 -0.834834 1.12721 -0.198469 -2.52981 0.340054 0.190963 40.4505 14
 300.000000 -0.644012 1.27265 -0.377436 0.653001 0.343329 0.190441 41.1972 14
 300.500000 -0.655175 1.45291 -0.518066 1.64042 0.343329 0.190441 41.1972 14
 301.000000 -0.817933 1.10245 -0.185887 -2.78322 0.343329 0.190441 41.1972 14
 301.500000 -0.714103 1.16748 -0.278651 -0.78658 0.343329 0.190441 41.1972 14
 302.000000 -0.680515 1.39498 -0.468433 1.45892 0.343329 0.190441 41.1972 14
 302.500000 -0.615736 1.26637 -0.37591 0.686082 0.34694 0.190034 41.9634 14
 303.000000 -0.828599 1.2264 -0.286902 -0.571865 0.34694 0.190034 41.9634 14
 303.500000 -0.88413 0.988433 -0.0483559 -5.03686 0.34694 0.190034 41.9634 14
 304.000000 -0.618273 1.48562 -0.549242 1.63392 0.34694 0.190034 41.9634 14
 304.500000 -0.537904 1.50649 -0.575076 1.57809 0.34694 0.190034 41.9634 14
 305.000000 -0.498796 1.40005 -0.491994 1.56331 0.367559 0.189446 42.9053 14
 305.500000 -0.400801 1.59156 -0.650391 1.04344 0.367559 0.189446 42.9053 14
 306.000000 -0.441572 1.48341 -0.561459 1.62304 0.367559 0.189446 42.9053 14
 306.500000 -0.460909 1.55201 -0.616482 1.35682 0.367559 0.189446 42.9053 14
 307.000000 -0.502428 1.38464 -0.479254 1.54175 0.367559 0.189446 42.9053 14
 307.500000 -0.76385 1.21649 -0.304239 -0.267459 0.363463 0.188792 43.263 14
 308.000000 -0.541098 1.51189 -0.579016 1.56385 0.363463 0.188792 43.263 14
 308.500000 -0.508545 1.46299 -0.542688 1.65666 0.363463 0.188792 43.263 14
 309.000000 -0.59852 1.66886 -0.690309 0.463289 0.363463 0.188792 43.263 14
 309.500000 -0.775238 1.30301 -0.371398 0.689554 0.363463 0.188792 43.263 14
 310.000000 -0.517631 1.46212 -0.541453 1.65791 0.386042 0.188315 44.1357 14
 310.500000 -0.518803 1.43824 -0.522202 1.68463 0.386042 0.188315 44.1357 14
 311.000000 -0.622131 1.38614 -0.471066 1.50675 0.386042 0.188315 44.1357 14
 311.500000 -0.640137 1.26575 -0.372411 0.662784 0.386042 0.188315 44.1357 14
 312.000000 -0.534991 1.40489 -0.494371 1.61939 0.386042 0.188315 44.1357 14
 312.500000 -0.37772 1.60197 -0.659193 0.921772 0.392081 0.18741 45.0118 14
 313.000000 -0.31271 1.61742 -0.671264 0.808905 0.392081 0.18741 45.0118 14
 313.500000 -0.421594 1.623 -0.674932 0.755345 0.392081 0.18741 45.0118 14
 314.000000 -0.652002 1.41363 -0.488144 1.58434 0.392081 0.18741 45.0118 14
 314.500000 -0.736405 1.30209 -0.382201 0.755946 0.392081 0.18741 45.0118 14
 315.000000 -0.661864 1.36432 -0.447778 1.34087 0.405404 0.190855 46.0116 14
 315.500000 -0.337213 1.7281 -0.76182 -1.17668 0.405404 0.190855 46.0116 14
 316.000000 -0.677164 1.51022 -0.557676 1.61909 0.405404 0.190855 46.0116 14
 316.500000 -0.470517 1.4977 -0.572414 1.57427 0.405404 0.190855 46.0116 14
 317.000000 -0.698763 1.31106 -0.398434 0.959321 0.405404 0.190855 46.0116 14
 317.500000 -0.540788 1.47753 -0.552011 1.63185 0.425446 0.190745 46.9118 14
 318.000000 -0.543099 1.44178 -0.523426 1.67635 0.425446 0.190745 46.9118 14
 318.500000 -0.373968 1.64547 -0.694559 0.375734 0.425446 0.190745 46.9118 14
 319.000000 -0.39886 1.65815 -0.703888 0.196603 0.425446 0.190745 46.9118 14
 319.500000 -0.573006 1.50735 -0.572074 1.59804 0.425446 0.190745 46.9118 14
 320.000000 -0.499914 1.47841 -0.555543 1.64867 0.445233 0.19079 47.8054 14
 320.500000 -1.04143 0.978405 0.0903924 -7.01182 0.445233 0.19079 47.8054 14
 321.000000 -0.797635 1.17003 -0.252702 -1.41364 0.445233 0.19079 47.8054 14
 321.500000 -0.927146 1.03168 -0.0540214 -5.10243 0.445233 0.19079 47.8054 14
 322.000000 -0.862609 0.993935 -0.0676519 -4.88798 0.445233 0.19079 47.8054 14
 322.500000 -0.938744 1.07509 -0.0840436 -4.62508 0.436987 0.190782 47.8104 14
 323.000000 -0.705379 1.33723 -0.417818 1.07989 0.436987 0.190782 47.8104 14
 323.500000 -0.908574 1.10051 -0.129352 -3.87915 0.436987 0.190782 47.8104 14
 324.000000 -1.04827 1.04906 0.0335468 -6.20433 0.436987 0.190782 47.8104 14
 324.500000 -0.887986 1.14701 -0.184994 -2.94926 0.436987 0.190782 47.8104 14
 325.000000 -0.921343 1.1144 -0.132854 -3.82685 0.428872 0.190799 47.8214 14
 325.500000 -1.09751 0.886134 0.217419 -9.48119 0.428872 0.190799 47.8214 14
 326.000000 -1.0665 0.965049 0.125023 -7.64055 0.428872 0.190799 47.8214 14
 326.500000 -1.16265 0.862043 0.29627 -10.193 0.428872 0.190799 47.8214 14
 327.000000 -1.05176 0.798575 0.236975 -9.69402 0.428872 0.190799 47.8214 14
 327.500000 -1.38806 0.66093 0.617209 -14.2318 0.420709 0.190799 47.8214 14
 328.000000 -1.31764 0.575042 0.593402 -13.9141 0.420709 0.190799 47.8214 14
 328.500000 -1.14432 0.837106 0.296487 -10.1951 0.420709 0.190799 47.8214 14
 329.000000 -1.14053 0.894688 0.251441 -9.81541 0.420709 0.190799 47.8214 14
 329.500000 -1.00586 0.830569 0.174239 -8.70225 0.420709 0.190799 47.8214 14
 330.000000 -1.15289 0.919439 0.244172 -9.75664 0.412612 0.190799 47.8215 14
 330.500000 -0.906828 1.10208 -0.131991 -3.76746 0.412612 0.190799 47.8215 14
 331.000000 -0.682888 1.35725 -0.438343 1.26126 0.412612 0.190799 47.8215 14
 331.500000 -0.769168 1.22426 -0.308855 -0.280855 0.412612 0.190799 47.8215 14
 332.000000 -0.849219 1.0945 -0.162145 -3.3299 0.412612 0.190799 47.8215 14
 332.500000 -0.837359 1.10583 -0.178625 -3.05196 0.404832 0.190696 47.8453 14
 333.000000 -0.905063 1.08363 -0.11664 -3.88659 0.404832 0.190696 47.8453 14
 333.500000 -0.802091 1.21068 -0.285138 -0.716684 0.404832 0.190696 47.8453 14
 334.000000 -0.542662 1.29604 -0.405241 0.959759 0.404832 0.190696 47.8453 14
 334.500000 -0.580193 1.40988 -0.494768 1.62421 0.404832 0.190696 47.8453 14
 335.000000 -0.584406 1.43427 -0.51363 1.68108 0.425126 0.189917 48.7176 14
 335.500000 -0.496646 1.52767 -0.595043 1.50636 0.425126 0.189917 48.7176 14
 336.000000 -0.763029 1.26972 -0.348227 0.289392 0.425126 0.189917 48.7176 14
 336.500000 -0.838824 1.12995 -0.198717 -2.63298 0.425126 0.189917 48.7176 14
 337.000000 -1.08901 0.862911 0.226731 -9.53546 0.425126 0.189917 48.7176 14
 337.500000 -1.12486 0.822903 0.288016 -10.0378 0.417221 0.189917 48.7177 14
 338.000000 -1.04229 0.859522 0.186281 -8.94457 0.417221 0.189917 48.7177 14
 338.500000 -1.13722 0.739769 0.350989 -10.6041 0.417221 0.189917 48.7177 14
 339.000000 -1.38931 0.48462 0.690708 -14.5648 0.417221 0.189917 48.7177 14
 339.500000 -1.19428 0.759804 0.391784 -10.948 0.417221 0.189917 48.7177 14
 340.000000 -1.27069 0.618763 0.532974 -12.9387 0.409378 0.189917 48.7177 14
 340.500000 -1.34963 0.56998 0.623589 -14.0725 0.409378 0.189917 48.7177 14
 341.000000 -1.28073 0.555105 0.568697 -13.442 0.409378 0.189917 48.7177 14
 341.500000 -1.35636 0.536628 0.642725 -14.2251 0.409378 0.189917 48.7177 14
 342.000000 -1.3916 0.63426 0.63253 -14.146 0.409378 0.189917 48.7177 14
 342.500000 -1.06863 0.821817 0.236886 -9.56395 0.401596 0.189917 48.7177 14
 343.000000 -1.3002 0.657086 0.541682 -12.9808 0.401596 0.189917 48.7177 14
 343.500000 -1.10249 0.692251 0.345122 -10.519 0.401596 0.189917 48.7177 14
 344.000000 -1.02872 1.03307 0.030322 -6.19127 0.401596 0.189917 48.7177 14
 344.500000 -0.967325 0.778442 0.17495 -8.70161 0.401596 0.189917 48.7177 14
 345.000000 -0.950583 0.825878 0.129653 -7.75468 0.393877 0.177259 48.7179 15
 345.500000 -1.05702 0.888447 0.178123 -8.55735 0.393877 0.177259 48.7179 15
 346.000000 -1.28031 0.809335 0.441069 -11.2852 0.393877 0.177259 48.7179 15
 346.500000 -1.37666 0.647832 0.613372 -13.9245 0.393877 0.177259 48.7179 15
 347.000000 -1.3172 0.866849 0.438265 -11.2571 0.393877 0.177259 48.7179 15
 347.500000 -1.2368 0.809011 0.401087 -10.961 0.386214 0.177259 48.7179 15
 348.000000 -1.06589 0.94226 0.143527 -7.87043 0.386214 0.177259 48.7179 15
 348.500000 -1.04872 0.841454 0.205106 -9.02188 0.386214 0.177259 48.7179 15
 349.000000 -1.11018 0.862499 0.246728 -9.43663 0.386214 0.177259 48.7179 15
 349.500000 -0.868282 1.07955 -0.137581 -3.55199 0.386214 0.177259 48.7179 15
 350.000000 -0.947561 1.12093 -0.119345 -3.80618 0.378724 0.177262 48.7291 15
 350.500000 -1.27326 0.932161 0.350178 -10.471 0.378724 0.177262 48.7291 15
 351.000000 -0.950647 0.913472 0.0647484 -6.57175 0.378724 0.177262 48.7291 15
 351.500000 -0.828513 1.34927 -0.389722 0.851517 0.378724 0.177262 48.7291 15
 352.000000 -0.720794 1.29444 -0.380063 0.74444 0.378724 0.177262 48.7291 15
 352.500000 -0.566445 1.45223 -0.529663 1.78709 0.401686 0.176526 49.4884 15
 353.000000 -0.422174 1.58461 -0.644202 1.12438 0.401686 0.176526 49.4884 15
 353.500000 -0.529051 1.41002 -0.498856 1.7488 0.401686 0.176526 49.4884 15
 354.000000 -1.06553 1.00711 0.0875654 -6.92349 0.401686 0.176526 49.4884 15
 354.500000 -1.08085 0.639496 0.351174 -10.5058 0.401686 0.176526 49.4884 15
 355.000000 -1.14559 0.733498 0.362217 -10.61 0.394196 0.176526 49.4884 15
 355.500000 -1.2031 0.507176 0.516631 -12.4691 0.394196 0.176526 49.4884 15
 356.000000 -1.08525 0.937715 0.165353 -8.32965 0.394196 0.176526 49.4884 15
 356.500000 -1.08029 1.03681 0.0747083 -6.73484 0.394196 0.176526 49.4884 15
 357.000000 -1.09491 0.893105 0.209692 -9.10958 0.394196 0.176526 49.4884 15
 357.500000 -0.952955 1.01043 -0.0147992 -5.48988 0.386781 0.176525 49.4905 15
 358.000000 -1.12165 0.846624 0.268743 -9.61284 0.386781 0.176525 49.4905 15
 358.500000 -0.989529 0.984853 0.0384079 -6.15539 0.386781 0.176525 49.4905 15
 359.000000 -0.835514 1.09138 -0.167168 -3.1291 0.386781 0.176525 49.4905 15
 359.500000 -0.863787 1.1596 -0.210798 -2.34018 0.386781 0.176525 49.4905 15
 360.000000 -1.27519 0.667886 0.514171 -12.4159 0.379401 0.176525 49.4905 15
 360.500000 -1.22816 0.869034 0.353135 -10.4228 0.379401 0.176525 49.4905 15
 361.000000 -1.08188 0.742612 0.298738 -9.87481 0.379401 0.176525 49.4905 15
 361.500000 -1.09379 0.642475 0.361627 -10.4896 0.379401 0.176525 49.4905 15
 362.000000 -1.33583 0.726497 0.538648 -12.7591 0.379401 0.176525 49.4905 15
 362.500000 -1.18077 0.934156 0.259365 -9.54553 0.372076 0.176525 49.4905 15
 363.000000 -1.26676 0.805819 0.43076 -10.9844 0.372076 0.176525 49.4905 15
 363.500000 -1.01644 0.964506 0.0796443 -6.74967 0.372076 0.176525 49.4905 15
 364.000000 -0.755512 1.19246 -0.287141 -0.668163 0.372076 0.176525 49.4905 15
 364.500000 -1.0219 1.04574 0.0126254 -5.81208 0.372076 0.176525 49.4905 15
 365.000000 -1.08928 0.669632 0.34451 -10.2869 0.364803 0.176525 49.4905 15
 365.500000 -1.17986 0.861781 0.31266 -9.85976 0.364803 0.176525 49.4905 15
 366.000000 -1.03055 1.05669 0.0103318 -5.78077 0.364803 0.176525 49.4905 15
 366.500000 -0.959619 0.955524 0.0379136 -6.14881 0.364803 0.176525 49.4905 15
 367.000000 -0.565972 1.4561 -0.532766 1.81061 0.364803 0.176525 49.4905 15
 367.500000 -0.760393 1.1836 -0.278191 -0.845807 0.35974 0.175714 49.6921 15
 368.000000 -1.17492 0.849304 0.316738 -9.89763 0.35974 0.175714 49.6921 15
 368.500000 -1.08411 0.919073 0.17933 -8.59576 0.35974 0.175714 49.6921 15
 369.000000 -1.34223 0.803719 0.501088 -12.066 0.35974 0.175714 49.6921 15
 369.500000 -1.00448 1.15052 -0.101244 -3.99833 0.35974 0.175714 49.6921 15
 370.000000 -0.895531 0.92203 0.0142988 -5.83246 0.352586 0.175718 49.6935 15
 370.500000 -0.647342 1.30745 -0.404907 0.992412 0.352586 0.175718 49.6935 15
 371.000000 -0.308 1.70452 -0.743242 -0.736206 0.352586 0.175718 49.6935 15
 371.500000 -0.511577 1.48701 -0.56173 1.75511 0.352586 0.175718 49.6935 15
 372.000000 -0.525827 1.49037 -0.563383 1.74896 0.352586 0.175718 49.6935 15
 372.500000 -0.625525 1.35013 -0.44205 1.36276 0.364894 0.177814 50.6926 15
 373.000000 -0.421652 1.60208 -0.658239 0.919877 0.364894 0.177814 50.6926 15
 373.500000 -0.271644 1.71772 -0.753798 -1.04355 0.364894 0.177814 50.6926 15
 374.000000 -0.695945 1.33802 -0.420488 1.19138 0.364894 0.177814 50.6926 15
 374.500000 -0.55667 1.44178 -0.52231 1.79094 0.364894 0.177814 50.6926 15
 375.000000 -0.670938 1.21581 -0.327206 0.0353114 0.362914 0.178976 51.1418 15
 375.500000 -0.579499 1.31114 -0.415507 1.13519 0.362914 0.178976 51.1418 15
 376.000000 -0.578959 1.41329 -0.497597 1.72593 0.362914 0.178976 51.1418 15
 376.500000 -0.449942 1.65411 -0.697666 0.261896 0.362914 0.178976 51.1418 15
 377.000000 -0.688373 1.35788 -0.437758 1.34037 0.362914 0.178976 51.1418 15
 377.500000 -0.388793 1.52793 -0.598198 1.51764 0.377997 0.181608 52.1234 15
 378.000000 -0.685699 1.20657 -0.316918 -0.113033 0.377997 0.181608 52.1234 15
 378.500000 -0.377301 1.62974 -0.681786 0.561379 0.377997 0.181608 52.1234 15
 379.000000 -0.539327 1.51639 -0.582707 1.62716 0.377997 0.181608 52.1234 15
 379.500000 -0.71664 1.21305 -0.315205 -0.140228 0.377997 0.181608 52.1234 15
 380.000000 -0.698738 1.32282 -0.407816 1.02483 0.384293 0.181366 53.0298 15
 380.500000 -0.905315 1.16322 -0.188382 -2.84379 0.384293 0.181366 53.0298 15
 381.000000 -0.902562 1.16692 -0.193537 -2.74229 0.384293 0.181366 53.0298 15
 381.500000 -1.05679 1.04947 0.0410407 -6.15724 0.384293 0.181366 53.0298 15
 382.000000 -1.08991 0.957343 0.153499 -8.20199 0.384293 0.181366 53.0298 15
 382.500000 -0.99588 0.907987 0.107829 -7.21084 0.377376 0.181368 53.0302 15
 383.000000 -1.32444 0.543742 0.611945 -13.9668 0.377376 0.181368 53.0302 15
 383.500000 -1.51351 0.398869 0.825469 -15.5091 0.377376 0.181368 53.0302 15
 384.000000 -1.50812 0.606948 0.743538 -14.904 0.377376 0.181368 53.0302 15
 384.500000 -1.12379 0.662244 0.379638 -10.5198 0.377376 0.181368 53.0302 15
 385.000000 -1.20457 0.913603 0.298184 -9.81156 0.370503 0.181368 53.0302 15
 385.500000 -1.04118 0.846191 0.1949 -8.94337 0.370503 0.181368 53.0302 15
 386.000000 -1.17473 0.795804 0.351903 -10.208 0.370503 0.181368 53.0302 15
 386.500000 -1.10428 0.892304 0.219081 -9.2589 0.370503 0.181368 53.0302 15
 387.000000 -1.05516 0.760148 0.26411 -9.48057 0.370503 0.181368 53.0302 15
 387.500000 -1.2097 0.799804 0.381778 -10.4694 0.363678 0.181368 53.0302 15
 388.000000 -0.937704 0.69685 0.195611 -8.95584 0.363678 0.181368 53.0302 15
 388.500000 -1.02764 1.02261 0.0388105 -6.12058 0.363678 0.181368 53.0302 15
 389.000000 -1.09484 0.860887 0.233613 -9.35547 0.363678 0.181368 53.0302 15
 389.500000 -1.00752 0.98654 0.052734 -6.29247 0.363678 0.181368 53.0302 15
 390.000000 -1.14712 0.796257 0.326058 -9.92471 0.356898 0.181368 53.0303 15
 390.500000 -0.960828 0.925389 0.0637216 -6.43731 0.356898 0.181368 53.0303 15
 391.000000 -1.10854 0.905335 0.213068 -9.19566 0.356898 0.181368 53.0303 15
 391.500000 -1.12861 0.756924 0.333126 -9.85893 0.356898 0.181368 53.0303 15
 392.000000 -0.929131 1.15043 -0.160279 -3.31086 0.356898 0.181368 53.0303 15
 392.500000 -0.990437 1.06195 -0.0298521 -5.22386 0.35019 0.181369 53.0329 15
 393.000000 -1.05276 0.79935 0.237375 -9.36024 0.35019 0.181369 53.0329 15
 393.500000 -1.14092 0.556625 0.441253 -10.9443 0.35019 0.181369 53.0329 15
 394.000000 -1.35805 0.547334 0.640022 -14.2374 0.35019 0.181369 53.0329 15
 394.500000 -1.43299 0.52166 0.714589 -14.737 0.35019 0.181369 53.0329 15
 395.000000 -0.830235 0.474237 0.184321 -8.75381 0.343501 0.170034 53.033 16
 395.500000 -0.620797 0.529847 0.0479742 -6.11136 0.343501 0.170034 53.033 16
 396.000000 0.0778749 0.591391 0.0031219 -5.54041 0.343501 0.170034 53.033 16
 396.500000 0.14355 0.456956 0.00502364 -5.56427 0.343501 0.170034 53.033 16
 397.000000 0.220064 0.541835 0.00397648 -5.55115 0.343501 0.170034 53.033 16
 397.500000 0.134685 0.499887 0.00461687 -5.55917 0.336875 0.170034 53.0349 16
 398.000000 0.0198203 0.546207 0.00417468 -5.47236 0.336875 0.170034 53.0349 16
 398.500000 0.0134519 0.485463 0.00542765 -5.48699 0.336875 0.170034 53.0349 16
 399.000000 -0.0347339 0.504242 0.00538191 -5.48645 0.336875 0.170034 53.0349 16
 399.500000 0.218571 0.403815 0.00501037 -5.48212 0.336875 0.170034 53.0349 16
 400.000000 0.242591 0.501842 0.00428864 -5.47369 0.330294 0.181343 53.037 15
 400.500000 -0.0169189 0.500845 0.00533593 -5.39937 0.330294 0.181343 53.037 15
 401.000000 0.0074247 0.503962 0.00512281 -5.39733 0.330294 0.181343 53.037 15
 401.500000 0.203554 0.577138 0.00356708 -5.38243 0.330294 0.181343 53.037 15
 402.000000 0.0461708 0.559322 0.00384087 -5.38505 0.330294 0.181343 53.037 15
 402.500000 0.0523704 0.496785 0.00500796 -5.39623 0.323758 0.181342 53.0393 15
 403.000000 0.187079 0.489347 0.00454649 -5.3207 0.323758 0.181342 53.0393 15
 403.500000 -0.213158 0.535868 0.0059803 -5.33359 0.323758 0.181342 53.0393 15
 404.000000 -0.21773 0.533933 0.00614336 -5.33506 0.323758 0.181342 53.0393 15
 404.500000 0.27802 0.5875 0.00350643 -5.31139 0.323758 0.181342 53.0393 15
 405.000000 0.214759 0.426918 0.0048948 -5.32382 0.317267 0.181341 53.0417 15
 405.500000 0.0762032 0.50334 0.00479614 -5.25183 0.317267 0.181341 53.0417 15
 406.000000 0.131697 0.380247 0.00573299 -5.25972 0.317267 0.181341 53.0417 15
 406.500000 0.200907 0.620542 0.00289343 -5.23591 0.317267 0.181341 53.0417 15
 407.000000 0.0656543 0.425682 0.00586284 -5.26082 0.317267 0.181341 53.0417 15
 407.500000 0.295566 0.428261 0.00454875 -5.24975 0.310819 0.18134 53.0444 15
 408.000000 -0.000118902 0.48836 0.00546928 -5.18609 0.310819 0.18134 53.0444 15
 408.500000 0.0992084 0.452121 0.00532572 -5.18495 0.310819 0.18134 53.0444 15
 409.000000 0.143988 0.487719 0.00471735 -5.18015 0.310819 0.18134 53.0444 15
 409.500000 0.0710841 0.555 0.00391584 -5.17386 0.310819 0.18134 53.0444 15
 410.000000 -0.142217 0.451288 0.00797827 -5.20621 0.304414 0.181339 53.0471 15
 410.500000 -0.126482 0.456449 0.00757443 -5.13184 0.304414 0.181339 53.0471 15
 411.000000 -0.0280012 0.460969 0.00621406 -5.12162 0.304414 0.181339 53.0471 15
 411.500000 0.00494298 0.562346 0.00379084 -5.1038 0.304414 0.181339 53.0471 15
 412.000000 0.161291 0.490911 0.00461989 -5.10984 0.304414 0.181339 53.0471 15
 412.500000 0.0617221 0.562575 0.00376283 -5.1036 0.298053 0.181338 53.0501 15
 413.000000 0.350716 0.552701 0.0037976 -5.03339 0.298053 0.181338 53.0501 15
 413.500000 0.0299826 0.488057 0.00527591 -5.04353 0.298053 0.181338 53.0501 15
 414.000000 0.0387152 0.51524 0.00475587 -5.03994 0.298053 0.181338 53.0501 15
 414.500000 0.279198 0.50687 0.00417467 -5.03595 0.298053 0.181338 53.0501 15
 415.000000 0.119558 0.456918 0.00515363 -5.04268 0.291734 0.181336 53.0533 15
 415.500000 0.17862 0.497258 0.00450019 -4.968 0.291734 0.181336 53.0533 15
 416.000000 -0.0563584 0.509481 0.00540834 -4.97387 0.291734 0.181336 53.0533 15
 416.500000 0.0725093 0.393488 0.00613674 -4.97865 0.291734 0.181336 53.0533 15
 417.000000 -0.0727239 0.504446 0.00566736 -4.97556 0.291734 0.181336 53.0533 15
 417.500000 0.181837 0.501766 0.00444709 -4.96766 0.285458 0.181335 53.0568 15
 418.000000 0.0922426 0.512917 0.00459303 -4.89832 0.285458 0.181335 53.0568 15
 418.500000 0.0371523 0.469401 0.00552175 -4.90396 0.285458 0.181335 53.0568 15
 419.000000 0.130334 0.51522 0.00444359 -4.89742 0.285458 0.181335 53.0568 15
 419.500000 0.0651227 0.50965 0.00474401 -4.89923 0.285458 0.181335 53.0568 15
 420.000000 0.0096796 0.502872 0.00513115 -4.90158 0.279223 0.181334 53.0605 15
 420.500000 0.132829 0.379668 0.0057282 -4.83487 0.279223 0.181334 53.0605 15
 421.000000 -0.0263334 0.566093 0.00370163 -4.82343 0.279223 0.181334 53.0605 15
 421.500000 0.101364 0.402822 0.00579495 -4.83525 0.279223 0.181334 53.0605 15
 422.000000 0.275471 0.445478 0.00453971 -4.82808 0.279223 0.181334 53.0605 15
 422.500000 -0.00877293 0.458095 0.00607826 -4.83691 0.27303 0.181333 53.0645 15
 423.000000 -0.017085 0.621134 0.0017528 -4.74462 0.27303 0.181333 53.0645 15
 423.500000 0.0132029 0.473076 0.0056406 -4.76442 0.27303 0.181333 53.0645 15
 424.000000 -0.041076 0.413799 0.00717878 -4.77295 0.27303 0.181333 53.0645 15
 424.500000 0.0257645 0.474229 0.00552887 -4.76381 0.27303 0.181333 53.0645 15
 425.000000 0.0541499 0.528155 0.0044633 -4.75816 0.266879 0.181331 53.0688 15
 425.500000 0.040949 0.515553 0.00474096 -4.68977 0.266879 0.181331 53.0688 15
 426.000000 -0.0758462 0.525423 0.00510163 -4.69156 0.266879 0.181331 53.0688 15
 426.500000 -0.112739 0.537035 0.00495865 -4.69085 0.266879 0.181331 53.0688 15
 427.000000 -0.191797 0.477129 0.00811552 -4.70748 0.266879 0.181331 53.0688 15
 427.500000 0.207408 0.525078 0.00416115 -4.68694 0.260769 0.18133 53.0734 15
 428.000000 0.0997188 0.497933 0.00477418 -4.62017 0.260769 0.18133 53.0734 15
 428.500000 0.0673137 0.520664 0.00455441 -4.61915 0.260769 0.18133 53.0734 15
 429.000000 -0.259871 0.435325 0.0114725 -4.65588 0.260769 0.18133 53.0734 15
 429.500000 0.214621 0.407623 0.00500985 -4.62127 0.260769 0.18133 53.0734 15
 430.000000 -0.188767 0.532749 0.0058183 -4.62512 0.254699 0.181329 53.0782 15
 430.500000 0.0189794 0.476972 0.00553325 -4.55422 0.254699 0.181329 53.0782 15
 431.000000 0.177971 0.519417 0.00427662 -4.54876 0.254699 0.181329 53.0782 15
 431.500000 0.000121749 0.537192 0.00443706 -4.54944 0.254699 0.181329 53.0782 15
 432.000000 0.252272 0.52756 0.00406798 -4.54789 0.254699 0.181329 53.0782 15
 432.500000 0.1568 0.542964 0.00403027 -4.54773 0.24867 0.181327 53.0835 15
 433.000000 0.114563 0.582991 0.00337514 -4.47594 0.24867 0.181327 53.0835 15
 433.500000 0.153163 0.434174 0.00516858 -4.48302 0.24867 0.181327 53.0835 15
 434.000000 0.103325 0.385293 0.00593035 -4.48625 0.24867 0.181327 53.0835 15
 434.500000 -0.0307184 0.505806 0.00531878 -4.48365 0.24867 0.181327 53.0835 15
 435.000000 0.167727 0.498415 0.00452283 -4.48039 0.242681 0.181325 53.0892 15
 435.500000 0.189975 0.515988 0.00428592 -4.41032 0.242681 0.181325 53.0892 15
 436.000000 0.20013 0.490965 0.00449069 -4.41108 0.242681 0.181325 53.0892 15
 436.500000 -0.175981 0.535934 0.00553048 -4.41509 0.242681 0.181325 53.0892 15
 437.000000 -0.105274 0.500152 0.0060927 -4.41737 0.242681 0.181325 53.0892 15
 437.500000 -0.0201815 0.475245 0.00587404 -4.41648 0.236732 0.181324 53.0952 15
 438.000000 0.0648173 0.430335 0.00581732 -4.34708 0.236732 0.181324 53.0952 15
 438.500000 0.00452356 0.477421 0.00563296 -4.34639 0.236732 0.181324 53.0952 15
 439.000000 0.061223 0.463518 0.00543736 -4.34566 0.236732 0.181324 53.0952 15
 439.500000 -0.0813216 0.504284 0.00574573 -4.34681 0.236732 0.181324 53.0952 15
 440.000000 -0.178758 0.428159 0.00936669 -4.36222 0.230822 0.181322 53.1016 15
 440.500000 -0.168805 0.489983 0.00724981 -4.28393 0.230822 0.181322 53.1016 15
 441.000000 0.0969565 0.562363 0.0037617 -4.27209 0.230822 0.181322 53.1016 15
 441.500000 0.212124 0.434015 0.00486297 -4.27548 0.230822 0.181322 53.1016 15
 442.000000 0.0711808 0.506677 0.00476628 -4.27517 0.230822 0.181322 53.1016 15
 442.500000 -0.0442957 0.494678 0.00567255 -4.27817 0.224953 0.18132 53.1085 15
 443.000000 -0.0073743 0.477183 0.00573069 -4.20951 0.224953 0.18132 53.1085 15
 443.500000 0.300864 0.527528 0.00400266 -4.20434 0.224953 0.18132 53.1085 15
 444.000000 0.305709 0.45442 0.00439776 -4.20545 0.224953 0.18132 53.1085 15
 444.500000 -0.0104658 0.509699 0.00510705 -4.20755 0.224953 0.18132 53.1085 15
 445.000000 0.11081 0.522202 0.00440226 -4.20546 0.219124 0.181318 53.1159 15
 445.500000 0.154435 0.513312 0.00440105 -4.13684 0.219124 0.181318 53.1159 15
 446.000000 0.138961 0.522895 0.00432318 -4.13663 0.219124 0.181318 53.1159 15
 446.500000 0.00891143 0.480369 0.00554872 -4.1401 0.219124 0.181318 53.1159 15
 447.000000 0.136028 0.510648 0.00448426 -4.13706 0.219124 0.181318 53.1159 15
 447.500000 0.0495555 0.4505 0.0056932 -4.14054 0.213334 0.181316 53.1238 15
 448.000000 0.202943 0.422637 0.00498032 -4.07 0.213334 0.181316 53.1238 15
 448.500000 0.0644242 0.59 0.00312504 -4.06561 0.213334 0.181316 53.1238 15
 449.000000 0.127761 0.52021 0.00438558 -4.06848 0.213334 0.181316 53.1238 15
 449.500000 0.165106 0.469612 0.00480641 -4.06954 0.213334 0.181316 53.1238 15
 450.000000 0.164656 0.465824 0.00484203 -4.06964 0.207583 0.181314 53.1324 15
 450.500000 0.247729 0.553733 0.00383848 -3.99897 0.207583 0.181314 53.1324 15
 451.000000 0.179241 0.494715 0.00452249 -4.00049 0.207583 0.181314 53.1324 15
 451.500000 0.285361 0.415891 0.0046416 -4.00077 0.207583 0.181314 53.1324 15
 452.000000 0.219119 0.452355 0.00471309 -4.00094 0.207583 0.181314 53.1324 15
 452.500000 -0.124284 0.507367 0.00607257 -4.00448 0.201872 0.181312 53.1414 15
 453.000000 0.0422514 0.456549 0.00566825 -3.93511 0.201872 0.181312 53.1414 15
 453.500000 0.00646276 0.574903 0.00344168 -3.93033 0.201872 0.181312 53.1414 15
 454.000000 0.119954 0.489702 0.00479279 -3.93304 0.201872 0.181312 53.1414 15
 454.500000 0.0694426 0.551413 0.00398862 -3.93135 0.201872 0.181312 53.1414 15
 455.000000 0.117375 0.481668 0.00489744 -3.93327 0.196201 0.18131 53.1512 15
 455.500000 0.168043 0.545617 0.00398374 -3.86336 0.196201 0.18131 53.1512 15
 456.000000 0.0209745 0.481169 0.00544954 -3.86637 0.196201 0.18131 53.1512 15
 456.500000 0.301908 0.532589 0.00396719 -3.86334 0.196201 0.18131 53.1512 15
 457.000000 0.00194561 0.497326 0.00528489 -3.866 0.196201 0.18131 53.1512 15
 457.500000 0.0175177 0.437022 0.00615322 -3.86807 0.190569 0.181307 53.1616 15
 458.000000 0.0979817 0.52967 0.00432223 -3.79624 0.190569 0.181307 53.1616 15
 458.500000 0.0386302 0.45188 0.00576102 -3.7991 0.190569 0.181307 53.1616 15
 459.000000 -0.0550779 0.508907 0.00541367 -3.79835 0.190569 0.181307 53.1616 15
 459.500000 0.146646 0.516091 0.00438881 -3.79636 0.190569 0.181307 53.1616 15
 460.000000 0.110652 0.566601 0.00368388 -3.7952 0.184977 0.181305 53.1728 15
 460.500000 0.075512 0.518428 0.00456428 -3.72877 0.184977 0.181305 53.1728 15
 461.000000 0.0663959 0.451855 0.00555009 -3.73065 0.184977 0.181305 53.1728 15
 461.500000 0.0167709 0.494057 0.00525348 -3.73005 0.184977 0.181305 53.1728 15
 462.000000 0.0586773 0.433229 0.00583456 -3.73125 0.184977 0.181305 53.1728 15
 462.500000 0.179586 0.514257 0.00432755 -3.72837 0.179425 0.181302 53.1848 15
 463.000000 0.00648574 0.556593 0.00394126 -3.6601 0.179425 0.181302 53.1848 15
 463.500000 -0.0624521 0.496152 0.00579059 -3.66331 0.179425 0.181302 53.1848 15
 464.000000 0.22469 0.484127 0.00446964 -3.66089 0.179425 0.181302 53.1848 15
 464.500000 -0.0242206 0.47111 0.00598852 -3.66372 0.179425 0.181302 53.1848 15
 465.000000 0.230336 0.525794 0.00411631 -3.66035 0.173913 0.181299 53.1976 15
 465.500000 0.11248 0.425379 0.00550493 -3.59504 0.173913 0.181299 53.1976 15
 466.000000 -0.0755004 0.559455 0.00399116 -3.59262 0.173913 0.181299 53.1976 15
 466.500000 0.426676 0.39928 0.00422422 -3.59294 0.173913 0.181299 53.1976 15
 467.000000 0.0328496 0.529952 0.00449366 -3.59333 0.173913 0.181299 53.1976 15
 467.500000 -0.0294172 0.595749 0.00269141 -3.59122 0.168441 0.181296 53.2114 15
 468.000000 0.0735856 0.468236 0.00529591 -3.5271 0.168441 0.181296 53.2114 15
 468.500000 0.102436 0.498466 0.00475604 -3.5262 0.168441 0.181296 53.2114 15
 469.000000 0.156423 0.478896 0.00475666 -3.5262 0.168441 0.181296 53.2114 15
 469.500000 -0.087331 0.495338 0.0060439 -3.52852 0.168441 0.181296 53.2114 15
 470.000000 -0.111747 0.42787 0.00800672 -3.53327 0.163007 0.181293 53.2259 15
 470.500000 0.2263 0.587442 0.00345347 -3.45777 0.163007 0.181293 53.2259 15
 471.000000 0.226681 0.496187 0.00437181 -3.45872 0.163007 0.181293 53.2259 15
 471.500000 0.0976764 0.533532 0.00426171 -3.45859 0.163007 0.181293 53.2259 15
 472.000000 0.253077 0.455385 0.004565 -3.45897 0.163007 0.181293 53.2259 15
 472.500000 0.00664875 0.547231 0.0041771 -3.4585 0.157616 0.181289 53.2416 15
 473.000000 0.247932 0.506467 0.0042418 -3.39139 0.157616 0.181289 53.2416 15
 473.500000 -0.0432843 0.52126 0.00502124 -3.39236 0.157616 0.181289 53.2416 15
 474.000000 -0.0656689 0.59657 0.00254545 -3.39012 0.157616 0.181289 53.2416 15
 474.500000 -0.0319155 0.538796 0.00450407 -3.39169 0.157616 0.181289 53.2416 15
 475.000000 0.249001 0.498771 0.00429606 -3.39145 0.152265 0.181286 53.2584 15
 475.500000 0.0442593 0.486104 0.00522088 -3.32554 0.152265 0.181286 53.2584 15
 476.000000 0.28288 0.463952 0.00441945 -3.32454 0.152265 0.181286 53.2584 15
 476.500000 -0.0410655 0.526246 0.00487932 -3.32508 0.152265 0.181286 53.2584 15
 477.000000 0.00287023 0.486198 0.00548816 -3.32593 0.152265 0.181286 53.2584 15
 477.500000 -0.0991653 0.626275 0.000879397 -3.32321 0.146956 0.181282 53.2763 15
 478.000000 0.173737 0.585048 0.00342162 -3.25672 0.146956 0.181282 53.2763 15
 478.500000 0.062482 0.486712 0.00510791 -3.2585 0.146956 0.181282 53.2763 15
 479.000000 0.357016 0.568515 0.00369485 -3.25693 0.146956 0.181282 53.2763 15
 479.500000 0.049427 0.493935 0.00506856 -3.25845 0.146956 0.181282 53.2763 15
 480.000000 0.0147077 0.466213 0.0057406 -3.25947 0.141687 0.181278 53.2954 15
 480.500000 -0.156967 0.506493 0.00649122 -3.19392 0.141687 0.181278 53.2954 15
 481.000000 0.219167 0.477511 0.00453647 -3.19106 0.141687 0.181278 53.2954 15
 481.500000 0.067861 0.573462 0.00352407 -3.19021 0.141687 0.181278 53.2954 15
 482.000000 -0.0207757 0.588571 0.00297172 -3.18992 0.141687 0.181278 53.2954 15
 482.500000 -0.234271 0.483331 0.00881123 -3.19938 0.136459 0.181274 53.3157 15
 483.000000 0.255757 0.541047 0.00394952 -3.12444 0.136459 0.181274 53.3157 15
 483.500000 0.155282 0.497423 0.00457361 -3.1249 0.136459 0.181274 53.3157 15
 484.000000 0.00790279 0.555455 0.00396878 -3.12445 0.136459 0.181274 53.3157 15
 484.500000 0.291582 0.536331 0.00395185 -3.12444 0.136459 0.181274 53.3157 15
 485.000000 0.135577 0.430576 0.00530466 -3.12565 0.131276 0.18127 53.3376 15
 485.500000 0.0355434 0.521258 0.00465559 -3.0585 0.131276 0.18127 53.3376 15
 486.000000 -0.0658065 0.524631 0.00506211 -3.05887 0.131276 0.18127 53.3376 15
 486.500000 -0.144977 0.525484 0.00564911 -3.05953 0.131276 0.18127 53.3376 15
 487.000000 0.148594 0.504217 0.00452122 -3.05839 0.131276 0.18127 53.3376 15
 487.500000 -0.0766303 0.520573 0.00524957 -3.05906 0.126135 0.181265 53.361 15
 488.000000 0.0550194 0.490608 0.00509034 -2.99253 0.126135 0.181265 53.361 15
 488.500000 0.152376 0.437897 0.00514255 -2.99258 0.126135 0.181265 53.361 15
 489.000000 0.207949 0.568398 0.0036819 -2.99164 0.126135 0.181265 53.361 15
 489.500000 0.0555842 0.455345 0.00558437 -2.99305 0.126135 0.181265 53.361 15
 490.000000 0.170313 0.435389 0.00506337 -2.9925 0.121038 0.18126 53.3859 15
 490.500000 0.173128 0.545964 0.00397451 -2.92559 0.121038 0.18126 53.3859 15
 491.000000 0.19105 0.558052 0.00381147 -2.92553 0.121038 0.18126 53.3859 15
 491.500000 -0.0369451 0.4943 0.00562234 -2.92683 0.121038 0.18126 53.3859 15
 492.000000 0.143096 0.430133 0.00526175 -2.92645 0.121038 0.18126 53.3859 15
 492.500000 0.19107 0.459159 0.00478149 -2.92604 0.115986 0.181255 53.4126 15
 493.000000 0.218295 0.436752 0.00481734 -2.85998 0.115986 0.181255 53.4126 15
 493.500000 -0.063306 0.472008 0.00635948 -2.86161 0.115986 0.181255 53.4126 15
 494.000000 0.154211 0.536645 0.00411668 -2.85959 0.115986 0.181255 53.4126 15
 494.500000 0.283757 0.561884 0.00375268 -2.85948 0.115986 0.181255 53.4126 15
 495.000000 -0.116336 0.453599 0.00748503 -2.86347 0.110977 0.18125 53.441 15
 495.500000 0.11128 0.455733 0.00521361 -2.79449 0.110977 0.18125 53.441 15
 496.000000 0.212867 0.493907 0.00442817 -2.79404 0.110977 0.18125 53.441 15
 496.500000 -0.0914506 0.518197 0.00542944 -2.79467 0.110977 0.18125 53.441 15
 497.000000 0.0824361 0.553791 0.00393042 -2.79389 0.110977 0.18125 53.441 15
 497.500000 -0.0132501 0.449329 0.00626871 -2.79555 0.106016 0.181245 53.4714 15
 498.000000 0.236562 0.596838 0.00334537 -2.72827 0.106016 0.181245 53.4714 15
 498.500000 0.202301 0.533987 0.00407869 -2.72826 0.106016 0.181245 53.4714 15
 499.000000 0.15803 0.508352 0.004447 -2.72835 0.106016 0.181245 53.4714 15
 499.500000 0.00785321 0.409235 0.00663235 -2.73016 0.106016 0.181245 53.4714 15
 500.000000 0.213335 0.543154 0.00396933 -2.72825 0.101101 0.181239 53.5038 15
