#! FIELDS time cv.node-0 sigma_cv.node-0 height logweight
#! SET action OPES_METAD_kernels
#! SET biasfactor                      16
#! SET epsilon   3.872940653519386e-08
#! SET kernel_cutoff       5.842373946721771
#! SET compression_threshold                       1
                     25    -0.5700570940971375     0.1026442709487254  1.062430625987056e-07                    -16
                   27.5     0.1317413747310638     0.1020877071826897  1.068222806129694e-07                    -16
                     30    -0.2416761666536331    0.09911507985076885   0.009609054454253481     -4.622500860855781
                   32.5    -0.5848341584205627    0.09656496105019408     0.0101936987486246     -4.589502571899113
                     35    -0.5328893065452576    0.08186010513157681      1.570880382480905     0.2829149647805704
                   37.5     0.3181129395961761    0.08081077317720536  2.606460769790997e-07     -15.34172509465734
                     40     0.2348280698060989    0.08726172013562933  2.172305441399226e-06     -13.14454266465842
                   42.5     0.2826112508773804    0.08707787891281887  1.588448459362612e-05     -11.15709786465598
                     45    0.08661571145057678    0.08771017614827586  0.0002052751376943417     -8.590854423262661
                   47.5    -0.3896616399288177    0.07934870277253218      1.068350307525778    -0.1337652172128931
                     50    0.08849887549877167    0.07863866988616736  0.0007270751099810106     -7.435350215002141
                   52.5     0.6711069345474243    0.08422865359714998  1.337316519443426e-07     -15.96762848088035
                     55     0.7932457327842712    0.08879501428825194   3.57603530862479e-07     -14.93124342283735
                   57.5    -0.1203856393694878    0.08792100863920144    0.02331538669619428     -3.855935986803138
                     60    -0.6259599924087524    0.08294473901247615      2.203847557237846     0.6346463075799006
                   62.5     0.4777455627918243    0.08375098008769691  4.539105925612528e-06     -12.44866563075031
                     65    -0.4932689666748047    0.08208671883727599      3.518582451728974      1.092101425236753
                   67.5      -0.56786048412323    0.08001718545461711       4.61871074241045      1.338624029913891
                     70     -0.483014851808548    0.07812844075911042      6.017800033997535      1.579342892538633
                   72.5     0.3581399023532867     0.0774936873077796   1.60332535690518e-05     -11.26438217142509
                     75    -0.1486392617225647    0.07699344405529115    0.02543254486402058     -3.901738361102637
                   77.5    -0.6765703558921814     0.0740492321522009      2.333686744255167      0.578446476148992
                     80    -0.3920830488204956    0.07136041047905456      2.830692695346802     0.7345316849246754
                   82.5     0.2652309536933899    0.07284535882754344   7.77879247427623e-05     -9.746918531726671
                     85    -0.5401742458343506     0.0708385720738991       6.18141441512276      1.508217764758367
                   87.5    -0.2122066468000412    0.07044095808065437     0.1016483008730447     -2.605194575541619
                     90    -0.5876674652099609    0.06797614536767864      5.479150140225132      1.346373839308951
                   92.5    -0.4453146755695343    0.06629053119216614      4.418249100232407      1.106057549880412
                     95     0.4032861590385437    0.06678180492202568  1.782932910435593e-05     -11.30696809805095
                   97.5    -0.5898593664169312    0.06527491969238124      5.262360231133031      1.265454517601452
                    100   -0.02633967436850071    0.06485291549867753   0.006812971760647307     -5.390538010732519
                  102.5   -0.02367641031742096    0.06471057026045528    0.00901277043686995     -5.112921214308091
                    105      0.447441041469574    0.06477565039862715  1.599525067731013e-05     -11.44602195110613
                  107.5     0.3020995259284973    0.06512762360427891  5.896901182102788e-05     -10.13588269641408
                    110     0.5859864354133606    0.06567517300783109   2.28148605348874e-06     -13.37969558553347
                  112.5     0.2136253416538239    0.06574159205960108  0.0001686053482375481     -9.075951011920298
                    115    -0.5996581315994263    0.06472594026594797      6.513766293899278      1.470346875385759
                  117.5    -0.5043932795524597    0.06433111173580607      7.084339961396286      1.548197069901517
                    120     -0.590714156627655     0.0638017309382778      7.267416674962695      1.565448202691077
                  122.5    -0.5073276162147522    0.06261084332027005      7.650305715739693      1.597951083028992
                    125    -0.3593341708183289    0.06224468985718505      1.582646824139385    0.01643887286914854
                  127.5    -0.5362118482589722    0.06124820133475725      8.941853319524428      1.731944351228013
                    130    -0.6358873844146729    0.06032841811395776      5.470950010148748      1.225522543415077
                  132.5    -0.3528199791908264     0.0596307366783302      1.418218027249223    -0.1361606755566737
                    135     -0.618958055973053    0.05861093283034917      6.466646723991347      1.363845933792452
                  137.5    -0.3437013030052185    0.05808159860434916      1.320370990256898    -0.2339713612849357
                    140     0.5067346692085266    0.05878481560428794   6.80874510258924e-06     -12.39715214993502
                  142.5      0.709382951259613    0.06007164948531501  4.310383864438015e-07     -15.13526368520025
                    145    -0.0372377336025238    0.06059023145680253   0.008123391383187127     -5.282606876913661
                  147.5     0.1215197667479515    0.06033061178804817  0.0005339141034681743     -8.009168959713627
                    150    -0.4762627184391022    0.05941206402662962      6.362449656928856       1.36117776727934
                  152.5    -0.7638505101203918    0.05936907125827587      0.491133332479733     -1.200999236199939
                    155    -0.4814347922801971    0.05871495588702954      7.484434747488919      1.511786970555111
                  157.5     0.2377666980028152    0.05893665781911908  0.0001334143418206485     -9.419320655396715
                    160    -0.2117987871170044    0.05891086974480367     0.1226758678407666     -2.595917009277074
                  162.5    -0.4666126370429993    0.05812577762265592      7.209588391516623      1.464288097446914
                    165    0.02333263121545315    0.05785958350081461   0.003564044845859063     -6.152573091250732
                  167.5     0.3997654616832733    0.05774684728575247  2.310925337966893e-05     -11.19294169192073
                    170    -0.2755284607410431    0.05747738932153201     0.5449203593237787     -1.129456989337732
                  172.5    -0.6113172769546509    0.05709330743479134      7.541571186767844      1.491384436577855
                    175    -0.4942868947982788    0.05635787862291428      9.047778573864422      1.660508306750717
                  177.5    -0.6657083034515381     0.0559954385947613      4.142944880640003      0.872944086607667
                    180     0.4480457901954651    0.05652856102550588  1.669212522468563e-05     -11.53956048381847
                  182.5    -0.1428618580102921    0.05693508662573172    0.04092744769124403     -3.727775566511221
                    185   -0.05459314212203026    0.05675998516924485    0.01243621679656436      -4.92204376889001
                  187.5    -0.7094351053237915    0.05636545480666096      2.158574631165082     0.2275715723734989
                    190    0.04465021938085556    0.05621504045202245   0.003407097450788262     -6.226443198745696
                  192.5     0.6402434706687927    0.05615772798905746  9.666510382010334e-07     -14.39499698022241
                    195  -0.004713170696049929    0.05614710354136234   0.007618264381944951     -5.422964617012624
                  197.5    -0.4426422417163849    0.05542994189626028      6.290928325291657      1.280495556566571
                    200    -0.3455490171909332    0.05512733000826231       1.92775633373989    0.09226939994629851
                  202.5     0.2287197858095169    0.05500923255207794  0.0001237814193931405     -9.563225264864517
                    205    -0.2301902770996094    0.05485626689568347     0.2274428586812839     -2.049872813351393
                  207.5    0.07341588288545609    0.05456926695872602   0.002679262337199045     -6.496475927535293
                    210     0.4379460513591766    0.05436879836936913  1.944977854627296e-05     -11.42561744977058
                  212.5     0.3950099050998688    0.05446311881506825  2.999762287963488e-05     -10.99060166912249
                    215    -0.4953940510749817    0.05416928683029396      9.032720061629606      1.619234625302386
                  217.5    -0.3730095326900482    0.05390709848995445      3.210536431242576     0.5799671964247688
                    220    -0.3482343554496765     0.0538700997841341      2.480386794183749       0.32125709647916
                  222.5    -0.3598951697349548    0.05340337848111824        3.1827958238195     0.5619010058755088
                    225     -0.420627623796463    0.05294205504585778      6.230694532842853      1.224952817086593
                  227.5     0.7428834438323975    0.05300503504582049  4.697726603961923e-07     -15.17436305658125
                    230     0.6033300161361694    0.05385367109031217  1.713735843801597e-06     -13.86429729860437
                  232.5    -0.6726517081260681    0.05352523021231891      3.347795234949832     0.6147221199008744
                    235    -0.5845943689346313     0.0533313694398544      7.717608354922637      1.446296214401642
                  237.5    -0.7595062851905823    0.05344927346988854     0.7057264421957871    -0.9435275534846159
                    240     0.6789227724075317    0.05351900333809406  9.051306122623022e-07     -14.50888279324201
                  242.5    -0.0982871800661087    0.05339702564486822     0.0206055750758576     -4.478171566108043
                    245     -0.549662172794342    0.05295051487875432      9.702767197554078      1.668035912853311
                  247.5    -0.6348034143447876     0.0525449713485724       6.19599567405527      1.211839618476826
                    250     0.2159829586744308    0.05238070807209871  0.0001549916057099266     -9.387334248185061
                  252.5     0.1284514963626862    0.05242768444976544  0.0009496783630819227     -7.573685420805878
                    255    -0.1304078251123428    0.05228756509577523    0.03871960460490792     -3.868383652487219
                  257.5     -0.465615838766098    0.05190959145909631      8.217233003972529      1.482004108571569
                    260    -0.4843115210533142    0.05164682829769383      9.429171991568838      1.614504067165336
                  262.5    -0.3237766921520233    0.05137340731251942      1.965369363159959    0.04106786391292861
                    265   -0.08231902867555618    0.05124228216378728    0.01901012521507313     -4.599951526888311
                  267.5    -0.6422536373138428    0.05086880498167989      5.542327203759013      1.067931346442962
                    270    -0.6126023530960083     0.0505100939136894      7.483437621249395      1.361132451297135
                  272.5    -0.2465252578258514     0.0503434352466053     0.4230032134795016      -1.51524028075097
                    275    -0.6151162385940552     0.0499370483013092      7.630176024296675        1.3691410873238
                  277.5    -0.5438581705093384     0.0495433035419198      10.00655128529402      1.632354107255214
                    280     0.7392165064811707     0.0496150851465681  6.755810413497243e-07     -14.87713079677884
                  282.5    0.02184808626770973    0.04978621060707233   0.004620245051070024     -6.043302489627714
                    285     0.3864743709564209    0.04977378273033147  2.626307275619349e-05     -11.21359129486164
                  287.5    -0.1134343594312668    0.04963365159320791    0.02961286930868736     -4.188610180912451
                    290      -0.16285140812397    0.04945985157055794    0.07406085403810118     -3.275439916706042
                  292.5      0.242717370390892    0.04946259048066145  0.0001212523042494474     -9.690153394157669
                    295     0.3537914752960205    0.04950293754183982  4.045053175494201e-05     -10.78713176240889
                  297.5     0.3938747644424438    0.04976872476726794   3.46110584516468e-05     -10.93768355444882
                    300    -0.3774363994598389    0.04945877507609382      3.764424191685143     0.6530014023191599
                  302.5    -0.3759102821350098    0.04917726860845345      3.913310388054347     0.6860821529987338
                    305    -0.4919936656951904    0.04887010914015627      9.467595792188101      1.563307937362378
                  307.5    -0.3042389750480652    0.04880380649368553       1.51962781417386     -0.267459248421349
                    310      -0.54145348072052    0.04853275586954939      10.47929560323614      1.657907405996344
                  312.5    -0.6591933369636536    0.04825749077395515      5.047806810612534     0.9217719130245281
                    315    -0.4477775990962982    0.04800385741122707      7.716216403757944      1.340872505232198
                  317.5     -0.552010715007782    0.04773644665529757      10.38002265220473      1.631845241048287
                    320    -0.5555432438850403    0.04750211955884973       10.6082318749883      1.648671618105749
                  322.5   -0.08404364436864853    0.04738073543550566    0.02004926723124637     -4.625079958228262
                    325    -0.1328538209199905    0.04724674224891436    0.04466776474080173     -3.826852485739753
                  327.5     0.6172085404396057    0.04740497532030981  1.348142545065966e-06      -14.2317886236482
                    330     0.2441724687814713    0.04763035059868546  0.0001178170614114587     -9.756640293792938
                  332.5    -0.1786248683929443    0.04748304183614666    0.09646275139305513     -3.051958713697018
                    335    -0.5136303901672363    0.04719453073957098      11.02904239692594      1.681077017226634
                  337.5     0.2880155146121979    0.04712893980032582  8.989153991793134e-05     -10.03775248686225
                    340     0.5329741835594177    0.04732076495575659  4.921304482018158e-06     -12.93872072534859
                  342.5     0.2368862628936768    0.04767534636439196  0.0001427196509469066     -9.563946924216699
                    345      0.129653200507164    0.04766822647799437  0.0008715684376451925     -7.754684109087925
                  347.5       0.40108722448349    0.04771169156053573  3.527276552719567e-05     -10.96095593859186
                    350    -0.1193450465798378    0.04760239057004186    0.04525997176432055     -3.806182286533398
                  352.5    -0.5296628475189209    0.04740535487420555      12.20789982536471      1.787085457265936
                    355     0.3622172772884369    0.04744404712092737  5.038557063714204e-05     -10.60998766534025
                  357.5   -0.01479923073202372    0.04739103959287403   0.008441664321766082     -5.489875628523857
                    360       0.51417076587677    0.04728365561190371  8.307654766719558e-06     -12.41590152460439
                  362.5     0.2593647837638855    0.04729446096348764   0.000146543651753122     -9.545527031367309
                    365     0.3445099592208862    0.04721464105496454  6.993944196519478e-05     -10.28690977472857
                  367.5    -0.2781910598278046    0.04713826126389823     0.8823562506619509    -0.8458073858368679
                    370    0.01429880317300558    0.04704453130535653    0.00603715042010142     -5.832461541328289
                  372.5    -0.4420503973960876    0.04696789635156739      8.060895843293563      1.362756003186558
                    375    -0.3272058069705963    0.04700609063172926      2.135641780170392    0.03531137640700382
                  377.5    -0.5981981158256531    0.04688247636530098      9.428397897069321      1.517637149373616
                    380      -0.40781569480896    0.04672844452682164      5.778881422915117      1.024830202335822
                  382.5     0.1078287810087204    0.04661241458692256    0.00153539045352287     -7.210836656014203
                    385     0.2981837391853333    0.04692783549043199  0.0001131906125800859      -9.81155932265391
                  387.5     0.3817777335643768    0.04686684267486878  5.870799074570402e-05     -10.46935727157466
                    390       0.32605841755867    0.04678151851904142  0.0001013970134753929     -9.924711704594316
                  392.5   -0.02985205501317978    0.04666336960711816     0.0111860096274824     -5.223864947678793
                    395     0.1843213886022568    0.04672523348066221  0.0003273876623288157     -8.753814233219567
                  397.5   0.004616869613528252    0.04658076933737006   0.008013486054443008      -5.55917462493346
                    400   0.004288639407604933    0.04643544363945593   0.008755975151978134     -5.473688903920106
                  402.5   0.005007963161915541    0.04629130952787607   0.009490626343345188     -5.396229429830584
                    405   0.004894798621535301    0.04614834107616517     0.0102348972365169     -5.323824092298134
                  407.5   0.004548754543066025    0.04600657890470159    0.01105581605313147     -5.249747249843815
                    410   0.007978267967700958    0.04586601971726274    0.01158316458697545      -5.20621103798374
                  412.5   0.003762831212952733    0.04572658731463099    0.01287395818116994     -5.103601851565386
                    415   0.005153634585440159    0.04558835482977355    0.01372408967729483     -5.042683318237615
                  417.5   0.004447091836482286    0.04545126698168579     0.0148379832364664     -4.967657260303596
                    420   0.005131147801876068    0.04531533134080023    0.01589918110786456     -4.901575264244397
                  422.5   0.006078256759792566     0.0451805305887767    0.01701196303757969     -4.836905225399783
                    425   0.004463295452296734    0.04504683150373428    0.01846033197330308     -4.758161423920274
                  427.5   0.004161148332059383    0.04491422200205096    0.01988153348994278     -4.686942456375643
                    430   0.005818304605782032    0.04478271686947162    0.02121159380245091     -4.625118094426957
                  432.5    0.00403026957064867    0.04465227210997522    0.02298525330295373     -4.547730242213671
                    435   0.004522832110524178    0.04452287965663215    0.02465786684297137     -4.480389087013205
                  437.5   0.005874041002243757    0.04439452292249842    0.02636120683784705     -4.416478689182743
                    440   0.009366694837808609    0.04426719715551015    0.02791099045721516     -4.362223818224781
                  442.5   0.005672554951161146    0.04414084804635821    0.03044524234557308      -4.27817293448615
                    445    0.00440226448699832    0.04401547598860683    0.03283469137851796       -4.2054613653921
                  447.5   0.005693200044333935     0.0438910646419305    0.03513647799538681     -4.140537674519712
                    450   0.004842034075409174    0.04376758950216032    0.03782451695808656     -4.069637217998657
                  452.5   0.006072570569813251    0.04364503982783157    0.04048428406743719     -4.004484793107214
                    455   0.004897440318018198    0.04352338328248994    0.04359389034758072      -3.93327293363421
                  457.5   0.006153224036097527    0.04340261225232356    0.04666051726973735     -3.868070303011774
                    460   0.003683880669996142    0.04328269233187982    0.05032684541296359     -3.795196804259168
                  462.5   0.004327551461756229    0.04316361424843506    0.05395333363489674     -3.728370926350977
                    465   0.004116309341043234    0.04304535708969848    0.05790943195080341     -3.660353637097223
                  467.5   0.002691405592486262    0.04292789797236167    0.06222444082317184     -3.591218506110484
                    470    0.00800672173500061    0.04281123835563422    0.06611627254826984     -3.533272741076153
                  472.5   0.004177098162472248    0.04269531947846354    0.07144326364637603     -3.458495365515888
                    475   0.004296062048524618    0.04258013657748384    0.07660382540831555     -3.391453402353314
                  477.5  0.0008793966844677925    0.04246566486809559    0.08223529971422984     -3.323207774167802
                    480   0.005740601569414139    0.04235189518972431     0.0878830052205864     -3.259468670382178
                  482.5   0.008811225183308125    0.04223881638220819    0.09357539822611791     -3.199381157698028
                    485   0.005304661113768816    0.04212636105357445     0.1010048021652205      -3.12564652499055
                  487.5   0.005249571986496449    0.04201452841816666     0.1082462490503973     -3.059064096255017
                    490   0.005063372664153576    0.04190329333185954     0.1160034649476086     -2.992503800376269
                  492.5   0.004781492985785007    0.04179263113648717     0.1243033403441637     -2.926043378131216
                    495   0.007485034875571728    0.04168253187694744     0.1326788432995356     -2.863474647641916
                  497.5   0.006268707104027271    0.04157294588410673     0.1423789760431586     -2.795546320607389
                    500   0.003969334997236729    0.04146384757631636     0.1526912483916062     -2.728248481937611
