#! FIELDS time cv.node-0 sigma_cv.node-0 height logweight
#! SET action OPES_METAD_kernels
#! SET biasfactor                      16
#! SET epsilon   3.872940653519386e-08
#! SET kernel_cutoff       5.842373946721771
#! SET compression_threshold                       1
                     25      0.920340359210968    0.01909793649774194  1.062430625987056e-07                    -16
                   27.5     0.8103830218315125    0.01879848183320076   1.71187113752861e-07     -15.53877650117138
                     30     0.8670303821563721    0.01792437180600264    0.03608327457619318     -3.327808456947555
                   32.5      0.924310028553009    0.01743356107677038    0.02374677410206779     -3.773955407000211
                     35     0.9151080846786499    0.01483004850669855      1.301292343483115    0.06796934004613707
                   37.5     0.8004258871078491    0.01445963036821047  0.0001792858818547187     -8.847212234753355
                     40   -0.06096691638231277    0.04465852635662965  4.543417412909076e-08                    -16
                   42.5     0.1972615867853165    0.05778079074418006  3.511588093925463e-08     -15.99999994799818
                     45  -0.008136684074997902    0.06549536028332358  9.038641354439021e-08     -14.92923653671727
                   47.5  -0.008362100459635258    0.06919522297418271  3.434431907555083e-07     -13.53935626240773
                     50     0.1204112768173218    0.07183360950272541  2.677216758154729e-07     -13.75100942168361
                   52.5     0.3776758909225464    0.07303375056050375  3.020621173915932e-08     -15.91634054422651
                     55     0.1542870104312897    0.07680419323867603  9.387198628742941e-07     -12.42953346770766
                   57.5     0.2200109958648682    0.07994629968106795   2.03998717239253e-06     -11.61325585086191
                     60    -0.1529994606971741    0.08172738555089618  1.740927127321186e-07      -14.0523326736675
                   62.5    0.01652168855071068    0.08187218993079094  2.341191933257203e-06      -11.4517349811704
                     65    0.06970123946666718    0.08127575361399406  8.553002920325154e-06     -10.16342434737042
                   67.5     0.0940793976187706    0.08207596391368312   2.78560917519025e-05     -8.972857641515352
                     70    -0.2027394622564316    0.08204349959327197   8.35375217914072e-07      -12.4801792287912
                   72.5   -0.03251069411635399    0.08089472298341362  3.667065319625541e-05      -8.71242913814768
                     75     0.2178627103567123     0.0807347435557859  3.392316134304998e-05     -8.792287509439189
                   77.5     0.1142309159040451    0.07972854136921163  0.0001320358678090114     -7.445853282731531
                     80     0.4664833545684814    0.07887591187897895  1.089068866975886e-06      -12.2543555634112
                   82.5     0.1739838421344757    0.07788436184470908  0.0003664577172026785     -6.448446194253453
                     85    0.03373440727591515    0.07749326483062327  0.0004807004830575229     -6.182119118975539
                   87.5     0.3097068667411804    0.07676439450895373  0.0002603550277933341     -6.804767415371016
                     90     -0.115835577249527     0.0765677386166787  0.0002254501414099164     -6.951279672703079
                   92.5    0.04983235895633698    0.07583797331201657   0.001532353230374753      -5.04439549971411
                     95     0.1200006827712059    0.07478276503767037   0.003382890030467012     -4.266481419715118
                   97.5    0.07510051131248474    0.07363789319912827   0.009052493319504921      -3.29759927579127
                    100    -0.4337552785873413    0.07315878018037188  1.648577635880978e-07     -14.21759459159154
                  102.5    -0.1263270378112793    0.07258206994656505   0.001395033766321686     -5.182162705844211
                    105     0.4116510152816772    0.07187267102458109  0.0002564173642869862     -6.885851984312969
                  107.5    -0.0389944389462471    0.07082124892634373   0.009831387744194729     -3.254060066640597
                    110     0.2863261997699738    0.07012278501665342   0.002066268874424297     -4.823806965100951
                  112.5     0.2213095724582672    0.06896734757810673     0.0102122022916474     -3.242582769490145
                    115    -0.9341106414794922    0.07120264598470408  2.849645873092386e-08                    -16
                  117.5    -0.8457280993461609    0.07585205710072555  8.395525725154877e-08     -14.85624097369707
                    120    -0.9135749340057373    0.07920579156238397  3.778159466159422e-07     -13.30885321967427
                  122.5    -0.9066349267959595     0.0816357666828651  1.682535158540141e-06     -11.78498536389694
                    125    -0.9081198573112488    0.08330215750812087   6.60749531855024e-06     -10.39687541766517
                  127.5    -0.8709301352500916    0.08445016826560843  2.199832462220835e-05     -9.180426593288507
                    130    -0.8162217140197754    0.08520577274083574  5.900198029603374e-05     -8.184914331554673
                  132.5     -0.904755711555481    0.08568536115168653  0.0001636182556254693     -7.159336525074409
                    135     -0.864677906036377    0.08583899951303081   0.000545989730741294     -5.952480915547978
                  137.5    -0.8842743039131165    0.08576615913824052   0.001608137754865086     -4.873097898379393
                    140    -0.8392578959465027    0.08535968783203526   0.004154400215171907     -3.928757231715641
                  142.5    -0.9081965684890747    0.08451777431913093   0.009921414835609856      -3.06814185206908
                    145    -0.8770789504051208    0.08256423019805212    0.02841673699765748     -2.039244406200686
                  147.5    -0.8550605773925781    0.07906751295986818    0.07187405671106015     -1.154581790019473
                    150    -0.8537116646766663    0.07480342722787157     0.1839991960173009    -0.2700041563551848
                  152.5    -0.8426617980003357    0.07306963759864599       0.40754481780857     0.5017645881615034
                    155     -0.851382851600647     0.0736122170684735     0.7536770468995514      1.123975714260043
                  157.5    -0.8539730906486511    0.07305901672966644      1.127430871720694      1.519165074297745
                    160    -0.8501498103141785    0.07135342547053991       1.44975348271898      1.746994914242678
                  162.5    -0.8968021869659424    0.06872974062012993       1.42602005738763      1.693025430626307
                    165    -0.9488698840141296     0.0661783492674428      1.023474402298602      1.323512506962353
                  167.5    -0.8629226684570312    0.06408492638770127      1.463844738839477      1.649231567737868
                    170    -0.7827847003936768    0.06226566946079695     0.8488684007667279      1.075515144256815
                  172.5    -0.8949360847473145    0.06052014011054277      1.275250723446971      1.454075041161258
                    175    -0.8661578297615051    0.05896608949785731      1.435476005314977      1.546415061639575
                  177.5    -0.8770699501037598    0.05755338705945515      1.506018910949868      1.570138706024275
                    180     -0.879271388053894    0.05626248047750297      1.576177304730029      1.592986411751949
                  182.5    -0.9083464741706848    0.05505056940455814      1.458212191339126       1.49341939743076
                    185    -0.9468311071395874     0.0539780118099512      1.050294395590122      1.145603308573025
                  187.5    -0.9075824022293091    0.05292777623805862      1.587473935261745       1.53902833665626
                    190    -0.8702569603919983    0.05195569624021151      1.742702006344201      1.613784178028707
                  192.5    -0.8412761092185974    0.05102631026099226      1.576536308320976      1.495527649889768
                    195     -0.852553129196167    0.05015549019436237      1.770903989102265      1.594574160405076
                  197.5    -0.8294334411621094    0.04932362342099374      1.568648347279155      1.456573498441246
                    200    -0.9331099390983582    0.04854685333896153      1.345812839952749      1.287483584343679
                  202.5    -0.8176270723342896    0.04780273816959103      1.408781621484428      1.317764186356882
                    205     -0.882451057434082    0.04708758129422344      1.779835518096516       1.53648628595092
                  207.5    -0.8998781442642212    0.04640133865450075      1.715148850246346      1.484784211140194
                    210    -0.8677428364753723    0.04574954818776332      1.886590469192266      1.565909163386406
                  212.5    -0.8682507276535034    0.04512528815334849      1.937764107920302      1.578933621036711
                    215     -0.861117959022522    0.04452512909713119      1.961519035189052      1.577728951639925
                  217.5    -0.8564450144767761     0.0439480419039503      1.982691505625174      1.575419370248075
                    220    -0.9151435494422913    0.04339302073246162       1.66401918393296      1.387490518710435
                  222.5    -0.8784013390541077    0.04285626171029399      2.023721220776856      1.570745802478174
                    225    -0.8915926814079285    0.04233832834049678      1.996305618984979      1.544947097030808
                  227.5    -0.8426538705825806    0.04183705066715677      1.864629209660404      1.464800576672748
                    230     -0.859614372253418    0.04135778459594506       2.10151850951229      1.572876880037683
                  232.5    -0.7980345487594604    0.04093791761940648      1.075436610503801     0.8927394751761799
                    235    -0.8445702195167542    0.04048114121324514      2.027110517304852      1.515403637203028
                  237.5    -0.8402161002159119    0.04004016579008481      2.013377877431402      1.497652974649324
                    240    -0.8601939678192139    0.03961503937445135      2.270713277456506      1.607258861638678
                  242.5    -0.8437771201133728    0.03920051796990482      2.157015829485038      1.545371698278543
                    245    -0.8708106875419617    0.03880093516419859      2.370334788619182      1.629431586713712
                  247.5    -0.8877478241920471    0.03840946744862542      2.281251150308526      1.580984051953817
                    250    -0.8955972790718079    0.03802656090746698      2.208485351915661      1.538547838260587
                  252.5    -0.8904111981391907    0.03765653955728562      2.338507667846555      1.585975641734852
                    255    -0.8857764601707458    0.03729705835313262      2.444579224991593      1.620743503024642
                  257.5    -0.8502426147460938     0.0369473435863826      2.419763721269696      1.601119684272125
                    260    -0.9143336415290833    0.03660614774959933      1.935143869194971      1.368353904338725
                  262.5    -0.9514466524124146    0.03632349395062072     0.9901598773414184      0.690531923572787
                    265    -0.8359183073043823     0.0359952038311294      2.153987939376462       1.45866271422427
                  267.5    -0.8630751371383667    0.03567892289690811      2.614637351468229      1.643641559175734
                    270    -0.8799400329589844    0.03536890205935885      2.639159889515358      1.644249636016199
                  272.5    -0.8405525088310242    0.03506313410359273      2.365574948257849      1.526127399567741
                    275     -0.769963264465332    0.03484612954154723     0.5781128534439407     0.1109119213562433
                  277.5    -0.8776792883872986    0.03455731697807022      2.796791537011096      1.679048219719513
                    280    -0.8498965501785278    0.03427217546915127      2.701404031843991      1.636061495808989
                  282.5     -0.783582329750061    0.03404390352320558     0.8958405707416779     0.5256141874592711
                    285    -0.9073542356491089    0.03376865573143333      2.320390964292082      1.469224749599874
                  287.5    -0.8508473038673401    0.03350135036226393      2.728090651467725      1.623143748792684
                    290    -0.8978796601295471    0.03323642531987688      2.560148562795102      1.551667743847268
                  292.5    -0.8555055260658264    0.03297898169865566      2.764579087527817      1.620714866982951
                    295    -0.9449685215950012    0.03275815012138889      1.165498678435244     0.7502568673922561
                  297.5    -0.9181035161018372    0.03251234884175614      2.040620457974309      1.302829921221642
                    300    -0.8998454809188843    0.03226713689043259      2.584906066415041      1.531694479928571
                  302.5    -0.9425088167190552    0.03205212852053006      1.342230269832208     0.8696522365603728
                    305    -0.9086956381797791    0.03181674144830717      2.424109944165344      1.453413067588763
                  307.5    -0.8901553153991699    0.03158720836353533      2.830498257559644      1.601161030930809
                    310     0.2826640903949738    0.03213705446258357  0.0005516367073110155     -6.924655126250254
                  312.5     0.1089670807123184    0.03309631051383873  0.0008811257785277421     -6.426932330964443
                    315    0.03723596781492233    0.03350621535815161  0.0009029800237884555     -6.390123140127905
                  317.5   -0.05242650583386421    0.03406710307028055  0.0006739547649649946     -6.666059332284364
                    320   -0.04682463407516479    0.03455763826932583  0.0007167541738098472     -6.590192993474324
                  322.5    0.07195631414651871    0.03497305289427838  0.0009268860469731618     -6.321146046970552
                    325    0.09591790288686752    0.03523870405359076  0.0009401917372509214     -6.299325670166092
                  327.5     0.1979857981204987    0.03552373330869832  0.0007662276102417172     -6.495874242027777
                    330     0.1326144486665726    0.03571638844688849  0.0009075791953442935     -6.321164052435712
                  332.5   -0.07223738729953766    0.03571444857305112  0.0006001975106978545     -6.734740411565588
                    335     0.4027963280677795    0.03579689623565818  6.177790408751969e-05     -9.006147572136131
                  337.5     0.2291233390569687     0.0359360823438125  0.0007419631896913619     -6.516513023639252
                    340     0.0485493540763855    0.03591765687558982  0.0009835635478577754     -6.235143266662788
                  342.5     0.2370209544897079    0.03593382577538091  0.0007446543300895366     -6.512955327666232
                    345    -0.1780540347099304    0.03587430047711419  0.0001362924917997788     -8.212730099613365
                  347.5    0.08958572149276733    0.03582497000021342   0.001045258344592812     -6.176890036083807
                    350    0.02055109292268753    0.03580002398977648  0.0009851243094613441     -6.236838126730829
                  352.5   -0.02619479969143867    0.03574511293294657  0.0008585282597819881     -6.375921369909722
                    355    0.05463187769055367    0.03568622998380551   0.001132376366425112     -6.100715943633307
                  357.5    -0.1628772467374802    0.03559290228088156  0.0001877240679917354     -7.900435120882435
                    360     0.4234223961830139    0.03559903721906015  3.806935522734614e-05     -9.495826299118557
                  362.5     0.1816734969615936    0.03557380428903841  0.0008843020135099181     -6.351146344997001
                    365    0.05003184452652931    0.03550712959533948   0.001179901628571625     -6.064634667594937
                  367.5     0.1656834930181503    0.03542663416314027   0.000964526905632607     -6.268452883320167
                    370     0.6722747683525085    0.03578631105036528  6.398700064939259e-08     -15.87906440966844
                  372.5    0.06758467853069305    0.03579479114144068   0.001347058634279636      -5.92407343697756
                    375    0.07897365093231201    0.03572177387262773   0.001407956973593442      -5.88189913296396
                  377.5   -0.03816943988204002    0.03565741542507591  0.0009336688227134934     -6.294475598592536
                    380     0.1984017193317413     0.0355675339536102   0.001009500482738411     -6.218910355835145
                  382.5    -0.1170120090246201    0.03546907846759792  0.0004481727484088672     -7.033714480899748
                    385      0.364016592502594     0.0354907058122021  0.0001433035832924192      -8.17331833180285
                  387.5      0.167771190404892    0.03538696233008855   0.001138396539768304     -6.103835062194802
                    390      0.111345961689949    0.03529476764605433   0.001424592010954645     -5.882179054715487
                  392.5     0.1610163897275925    0.03519460295035727   0.001261761837364766     -6.006397473496047
                    395    -0.2264202833175659      0.035099637837569  5.799718852491907e-05     -9.088969177886947
                  397.5    0.02917093597352505    0.03502466704025512   0.001508390374730875     -5.832703555866248
                    400     -0.144211158156395    0.03493682641697971  0.0003394850152057619     -7.326583246686604
                  402.5    0.09043280035257339    0.03487257029974687   0.001772769319341348     -5.675555766985718
                    405     -0.206286832690239    0.03483542560222078   0.000111949251123832     -8.438874026240653
                  407.5    -0.2487596720457077    0.03475634879322857  4.185989746906374e-05     -9.424864003904233
                    410     0.1859406232833862    0.03466830491880155   0.001360025968617598     -5.946469586201441
                  412.5     0.1371487081050873    0.03466759771232961   0.001652280288898828     -5.751837452658893
                    415   -0.07635314017534256    0.03461692426552975  0.0008163552585391074      -6.45836219677851
                  417.5  -0.007853358052670956      0.034520980036329   0.001356523566287782     -5.953306764936219
                    420    0.09891659766435623    0.03442278660750437   0.001965745995357525     -5.585208685820346
                  422.5   -0.03250948339700699    0.03434286760836665   0.001239490824418207       -6.0487042188088
                    425     0.1067470535635948    0.03426654279038968   0.002034938684727459     -5.555164109603115
                  427.5     0.6373706459999084      0.034304352507924  8.607518099836564e-08     -15.62481645151611
                    430     0.7021434903144836    0.03457241669428102  6.514913823153447e-08     -15.89557457014218
                  432.5     0.3929480016231537    0.03476867229668862     8.007244376807e-05     -8.775905993958149
                    435    0.03066639229655266    0.03469074286618699   0.001944147813237471     -5.588502633033852
                  437.5     0.7302143573760986    0.03470537524028559  6.537196057495107e-08     -15.88832179477379
                    440     0.7396554350852966    0.03488395604862201  7.271685326277123e-08     -15.77670961652954
                  442.5     0.8582698702812195    0.03512298992867466   0.001763554131728779     -5.673612181337618
                    445     0.8826953172683716     0.0353741282426282    0.00721953956350596     -4.257027356123245
                  447.5     0.8886171579360962    0.03556223218816551    0.01386783138578432     -3.598943196608531
                    450     0.8908684849739075    0.03569113327981175    0.01791588407137539     -3.339209258895174
                  452.5     0.9093146920204163    0.03580554435954481     0.0530381264661252     -2.250685472957959
                    455     0.9369772672653198    0.03587264948270481    0.02490734461305914     -3.004661370324133
                  457.5     0.9062902927398682    0.03590242324333395    0.05563439240677222     -2.200192875449075
                    460     0.9143447279930115    0.03589565185319186    0.06163145138514168     -2.098010762430516
                  462.5     0.8976454138755798    0.03587014999330593    0.04517225952100772     -2.409410602833245
                    465     0.9257252812385559    0.03583507163255557    0.05654224926143878     -2.185884045322635
                  467.5      0.912850022315979     0.0357932290101538     0.0653033985708001     -2.042996424821937
                    470     0.8824448585510254    0.03574176904110463    0.03026327948734068     -2.813544161484219
                  472.5     0.9242968559265137    0.03568020442589354    0.06561370436965723     -2.041418627642164
                    475     0.8914920687675476    0.03561042660829928     0.0497989472804818     -2.319166924875685
                  477.5     0.8092211484909058    0.03552892422307685  3.765066084223373e-05     -9.508856888022089
                    480     0.8733310103416443    0.03545546952769528    0.02371592941360926     -3.065374767860028
                  482.5     0.8788083791732788    0.03537785510603837    0.03487624846119805     -2.681907146879436
                    485     0.9045654535293579    0.03529755364838054     0.0765507189609469     -1.898032073073171
                  487.5     0.8987542390823364    0.03521425988912402    0.07359574580333411     -1.939760913434109
                    490     0.9368830919265747    0.03513332535709809    0.05308620681195411     -2.268731990772611
                  492.5     0.9010554552078247    0.03504613592478029    0.07845498091778302     -1.880608915436211
                    495     0.9042051434516907    0.03495733199889139    0.08441159361094881      -1.80996625768788
                  497.5     0.9071885943412781    0.03486746682007548    0.08937389654351943     -1.755416380746992
                    500     0.9190341830253601    0.03477611394558152    0.08986385673192615     -1.752572654668141
