#! FIELDS time p.x p.y cv.node-0 opes.bias opes.rct opes.zed opes.neff opes.nker
 0.000000 -0.549627 1.47595 0.57584 -16 -16 1 1 0
 0.500000 -0.787898 1.18319 0.402486 -16 -16 1 1 0
 1.000000 -0.650177 1.38548 0.547733 -16 -16 1 1 0
 1.500000 -0.485267 1.55966 0.628878 -16 -16 1 1 0
 2.000000 -0.415573 1.50747 0.497482 -16 -16 1 1 0
 2.500000 -0.516923 1.54634 0.640567 -16 -16 1 1 0
 3.000000 -0.599669 1.44877 0.586121 -16 -16 1 1 0
 3.500000 -0.655368 1.33647 0.485755 -16 -16 1 1 0
 4.000000 -0.52221 1.50723 0.59255 -16 -16 1 1 0
 4.500000 -0.648828 1.38303 0.543072 -16 -16 1 1 0
 5.000000 -0.442094 1.54229 0.566333 -16 -16 1 1 0
 5.500000 -0.597741 1.40179 0.520376 -16 -16 1 1 0
 6.000000 -0.499025 1.45761 0.505079 -16 -16 1 1 0
 6.500000 -0.610286 1.37887 0.501062 -16 -16 1 1 0
 7.000000 -0.72339 1.27349 0.46434 -16 -16 1 1 0
 7.500000 -0.565332 1.41789 0.512096 -16 -16 1 1 0
 8.000000 -0.568188 1.41414 0.509683 -16 -16 1 1 0
 8.500000 -0.557128 1.36723 0.43715 -16 -16 1 1 0
 9.000000 -0.489691 1.58119 0.662135 -16 -16 1 1 0
 9.500000 -0.536371 1.56333 0.682375 -16 -16 1 1 0
 10.000000 -0.573924 1.47443 0.596661 -16 -16 1 1 0
 10.500000 -0.560815 1.30948 0.364426 -16 -16 1 1 0
 11.000000 -0.609283 1.39845 0.526639 -16 -16 1 1 0
 11.500000 -0.413306 1.56208 0.566844 -16 -16 1 1 0
 12.000000 -0.582509 1.34702 0.433011 -16 -16 1 1 0
 12.500000 -0.76915 1.25027 0.476521 -16 -16 1 1 0
 13.000000 -0.445026 1.63036 0.686558 -16 -16 1 1 0
 13.500000 -0.613023 1.47788 0.639082 -16 -16 1 1 0
 14.000000 -0.552932 1.42363 0.508458 -16 -16 1 1 0
 14.500000 -0.537974 1.38541 0.444196 -16 -16 1 1 0
 15.000000 -0.517857 1.42605 0.480077 -16 -16 1 1 0
 15.500000 -0.460554 1.45309 0.465385 -16 -16 1 1 0
 16.000000 -0.480625 1.47703 0.514391 -16 -16 1 1 0
 16.500000 -0.624622 1.27539 0.375666 -16 -16 1 1 0
 17.000000 -0.644759 1.42607 0.598392 -16 -16 1 1 0
 17.500000 -0.623668 1.43921 0.596054 -16 -16 1 1 0
 18.000000 -0.470451 1.55783 0.612721 -16 -16 1 1 0
 18.500000 -0.612148 1.46544 0.621041 -16 -16 1 1 0
 19.000000 -0.656231 1.44084 0.630128 -16 -16 1 1 0
 19.500000 -0.464779 1.52488 0.563605 -16 -16 1 1 0
 20.000000 -0.681669 1.16143 0.275973 -16 -16 1 1 0
 20.500000 -0.757759 1.19776 0.393742 -16 -16 1 1 0
 21.000000 -0.43974 1.57439 0.606766 -16 -16 1 1 0
 21.500000 -0.620657 1.28365 0.383064 -16 -16 1 1 0
 22.000000 -0.62194 1.38447 0.519539 -16 -16 1 1 0
 22.500000 -0.606933 1.42067 0.554644 -16 -16 1 1 0
 23.000000 -0.556514 1.42188 0.509374 -16 -16 1 1 0
 23.500000 -0.672126 1.27342 0.416134 -16 -16 1 1 0
 24.000000 -0.410616 1.56622 0.569908 -16 -16 1 1 0
 24.500000 -0.68822 1.30538 0.474445 -16 -16 1 1 0
 25.000000 -0.513804 1.49766 0.571892 -16 -16 0.472044 1 1
 25.500000 -0.508292 1.51976 0.596522 -0.0327574 -16 0.472044 1 1
 26.000000 -0.508567 1.42461 0.46994 -0.561254 -16 0.472044 1 1
 26.500000 -0.61948 1.4143 0.557867 -0.0106211 -16 0.472044 1 1
 27.000000 -0.713263 1.2144 0.374735 -2.09892 -16 0.472044 1 1
 27.500000 -0.722293 0.996198 0.0973011 -12.1622 -13.2186 0.476354 1.00001 2
 28.000000 -0.47096 1.52184 0.565136 -2.99861 -13.2186 0.476354 1.00001 2
 28.500000 -0.611937 1.36264 0.48069 -3.43645 -13.2186 0.476354 1.00001 2
 29.000000 -0.667894 1.2759 0.415567 -4.00301 -13.2186 0.476354 1.00001 2
 29.500000 -0.554193 1.53721 0.66372 -3.45154 -13.2186 0.476354 1.00001 2
 30.000000 -0.774123 1.24081 0.468295 -3.5577 -4.9438 0.505542 1.05697 3
 30.500000 -0.587554 1.59791 0.781247 -5.52824 -4.9438 0.505542 1.05697 3
 31.000000 -0.729154 1.51798 0.814848 -6.92812 -4.9438 0.505542 1.05697 3
 31.500000 -0.484012 1.74074 0.876091 -9.84717 -4.9438 0.505542 1.05697 3
 32.000000 -0.442827 1.79798 0.91377 -11.8874 -4.9438 0.505542 1.05697 3
 32.500000 -0.865307 1.51424 0.960371 -14.8848 -5.16693 0.379155 1.05697 4
 33.000000 -0.648837 1.43996 0.621629 -0.556697 -5.16693 0.379155 1.05697 4
 33.500000 -0.458467 1.72676 0.830979 -7.3555 -5.16693 0.379155 1.05697 4
 34.000000 -0.681251 1.56979 0.838701 -7.69639 -5.16693 0.379155 1.05697 4
 34.500000 -0.487197 1.7397 0.877889 -9.21919 -5.16693 0.379155 1.05697 4
 35.000000 -0.467559 1.64747 0.731153 -3.43634 -4.5937 0.276442 1.12299 5
 35.500000 -0.562428 1.46583 0.574118 0.14239 -4.5937 0.276442 1.12299 5
 36.000000 -0.473681 1.55955 0.61799 0.165113 -4.5937 0.276442 1.12299 5
 36.500000 -0.663358 1.36199 0.528146 0.361276 -4.5937 0.276442 1.12299 5
 37.000000 -0.58525 1.50787 0.653448 0.368766 -4.5937 0.276442 1.12299 5
 37.500000 -0.629871 1.10803 0.162914 -5.30996 -4.66956 0.2721 1.13345 5
 38.000000 -0.611725 1.46645 0.622032 0.124475 -4.66956 0.2721 1.13345 5
 38.500000 -0.403017 1.66344 0.691802 0.524432 -4.66956 0.2721 1.13345 5
 39.000000 -0.6746 1.35012 0.522641 0.329765 -4.66956 0.2721 1.13345 5
 39.500000 -0.553841 1.42408 0.509889 0.385521 -4.66956 0.2721 1.13345 5
 40.000000 -0.472794 1.49494 0.5311 0.287701 -1.74369 0.317389 2.07041 4
 40.500000 -0.633303 1.34242 0.473209 0.959177 -1.74369 0.317389 2.07041 4
 41.000000 -0.452773 1.56533 0.606555 0.72411 -1.74369 0.317389 2.07041 4
 41.500000 -0.622746 1.20627 0.283289 -4.0813 -1.74369 0.317389 2.07041 4
 42.000000 -0.759767 1.08653 0.24676 -4.48523 -1.74369 0.317389 2.07041 4
 42.500000 -0.782571 1.09904 0.28399 -4.06262 -1.84925 0.255427 2.09999 5
 43.000000 -0.546362 1.37424 0.436864 0.643792 -1.84925 0.255427 2.09999 5
 43.500000 -0.3921 1.69772 0.72748 -1.55886 -1.84925 0.255427 2.09999 5
 44.000000 -0.57839 1.40799 0.510807 1.41916 -1.84925 0.255427 2.09999 5
 44.500000 -0.766888 1.23725 0.456383 0.946842 -1.84925 0.255427 2.09999 5
 45.000000 -0.587762 1.23791 0.29442 -2.3347 -1.88847 0.258719 2.26406 5
 45.500000 -0.570754 1.54107 0.685157 -0.710198 -1.88847 0.258719 2.26406 5
 46.000000 -0.615778 1.31332 0.418116 0.256172 -1.88847 0.258719 2.26406 5
 46.500000 -0.713063 1.45843 0.712325 -1.32929 -1.88847 0.258719 2.26406 5
 47.000000 -0.609814 1.46697 0.620896 0.624419 -1.88847 0.258719 2.26406 5
 47.500000 -0.365658 1.56408 0.528154 1.37986 -0.695447 0.269781 2.26455 5
 48.000000 -0.643844 1.48814 0.683884 -1.04883 -0.695447 0.269781 2.26455 5
 48.500000 -0.646174 1.2656 0.382004 -0.736186 -0.695447 0.269781 2.26455 5
 49.000000 -0.77202 1.22411 0.443292 0.696418 -0.695447 0.269781 2.26455 5
 49.500000 -0.583817 1.28846 0.356898 -1.37385 -0.695447 0.269781 2.26455 5
 50.000000 -0.733955 1.21929 0.400567 -0.246978 -0.649366 0.266605 2.75237 6
 50.500000 -0.728611 1.1748 0.335764 -0.615766 -0.649366 0.266605 2.75237 6
 51.000000 -0.51696 1.68823 0.836244 -4.38563 -0.649366 0.266605 2.75237 6
 51.500000 -0.512756 1.62069 0.738296 -2.83871 -0.649366 0.266605 2.75237 6
 52.000000 -0.70093 1.28436 0.45783 0.978659 -0.649366 0.266605 2.75237 6
 52.500000 -0.70697 1.45029 0.694486 -1.49508 -0.694262 0.271338 2.91717 6
 53.000000 -0.521089 1.4345 0.494163 1.23258 -0.694262 0.271338 2.91717 6
 53.500000 -0.579756 1.3698 0.460872 0.9609 -0.694262 0.271338 2.91717 6
 54.000000 -0.562073 1.2873 0.336593 -0.652331 -0.694262 0.271338 2.91717 6
 54.500000 -0.470881 1.64382 0.729364 -1.40471 -0.694262 0.271338 2.91717 6
 55.000000 -0.731456 1.18127 0.347034 -0.493984 -0.678548 0.297319 3.34689 5
 55.500000 -0.417207 1.65403 0.69238 -1.03917 -0.678548 0.297319 3.34689 5
 56.000000 -0.665996 1.42682 0.620266 0.29767 -0.678548 0.297319 3.34689 5
 56.500000 -0.588759 1.27379 0.34199 0.0238403 -0.678548 0.297319 3.34689 5
 57.000000 -0.493279 1.45029 0.490296 1.05277 -0.678548 0.297319 3.34689 5
 57.500000 -0.812475 1.72664 1.22346 -15.9612 -0.74754 0.247765 3.34689 6
 58.000000 -0.631208 1.45318 0.622676 0.426314 -0.74754 0.247765 3.34689 6
 58.500000 -0.57529 1.39084 0.484931 1.19051 -0.74754 0.247765 3.34689 6
 59.000000 -0.525358 1.51854 0.610791 0.627179 -0.74754 0.247765 3.34689 6
 59.500000 -0.579583 1.55635 0.715064 -1.20587 -0.74754 0.247765 3.34689 6
 60.000000 -0.551719 1.5282 0.648974 -0.0701328 -0.688755 0.26988 3.9848 6
 60.500000 -0.534566 1.42487 0.493468 1.05078 -0.688755 0.26988 3.9848 6
 61.000000 -0.758528 1.38133 0.649435 0.368537 -0.688755 0.26988 3.9848 6
 61.500000 -1.00546 0.765796 0.0477613 -6.55261 -0.688755 0.26988 3.9848 6
 62.000000 -0.22083 0.55319 -0.696066 -16 -0.688755 0.26988 3.9848 6
 62.500000 0.0838118 0.496394 -0.834846 -16 -0.749379 0.231325 3.9848 7
 63.000000 0.151893 0.404331 -0.929154 -15.5076 -0.749379 0.231325 3.9848 7
 63.500000 -0.0199143 0.594115 -0.72057 -15.6854 -0.749379 0.231325 3.9848 7
 64.000000 0.0181928 0.547472 -0.77381 -15.1925 -0.749379 0.231325 3.9848 7
 64.500000 0.120391 0.530364 -0.810926 -14.948 -0.749379 0.231325 3.9848 7
 65.000000 0.0423069 0.508795 -0.815007 -14.9331 -0.806538 0.231325 3.9848 7
 65.500000 0.26295 0.528882 -0.833912 -14.0184 -0.806538 0.231325 3.9848 7
 66.000000 0.0702257 0.546532 -0.786324 -14.0967 -0.806538 0.231325 3.9848 7
 66.500000 0.0523945 0.447688 -0.873063 -14.209 -0.806538 0.231325 3.9848 7
 67.000000 0.113995 0.517835 -0.821084 -14.0057 -0.806538 0.231325 3.9848 7
 67.500000 0.0240174 0.559877 -0.763675 -14.2513 -0.860605 0.231325 3.9848 7
 68.000000 0.173907 0.500265 -0.846931 -13.5165 -0.860605 0.231325 3.9848 7
 68.500000 0.172595 0.509206 -0.83876 -13.4661 -0.860605 0.231325 3.9848 7
 69.000000 0.108904 0.449817 -0.881603 -13.8119 -0.860605 0.231325 3.9848 7
 69.500000 -0.00150629 0.515131 -0.799159 -13.3305 -0.860605 0.231325 3.9848 7
 70.000000 0.221588 0.414859 -0.92887 -14.3999 -0.911898 0.20241 3.9848 8
 70.500000 -0.13654 0.557011 -0.721576 -13.4302 -0.911898 0.20241 3.9848 8
 71.000000 -0.0078947 0.584393 -0.73288 -13.34 -0.911898 0.20241 3.9848 8
 71.500000 0.13125 0.444543 -0.890063 -13.2861 -0.911898 0.20241 3.9848 8
 72.000000 0.196526 0.511508 -0.840315 -13.0999 -0.911898 0.20241 3.9848 8
 72.500000 0.118547 0.443706 -0.888737 -13.2796 -0.960688 0.20241 3.9848 8
 73.000000 0.213576 0.460443 -0.887781 -12.4803 -0.960688 0.20241 3.9848 8
 73.500000 0.1136 0.51976 -0.819269 -12.4961 -0.960688 0.20241 3.9848 8
 74.000000 0.409769 0.546627 -0.833052 -12.4672 -0.960688 0.20241 3.9848 8
 74.500000 -0.299334 0.592472 -0.625441 -14.5099 -0.960688 0.20241 3.9848 8
 75.000000 0.122514 0.490493 -0.847295 -12.4514 -1.00721 0.231325 3.98481 7
 75.500000 0.167099 0.525255 -0.823564 -11.7982 -1.00721 0.231325 3.98481 7
 76.000000 -0.084395 0.480535 -0.810176 -11.8378 -1.00721 0.231325 3.98481 7
 76.500000 -0.0910522 0.544001 -0.748095 -12.2127 -1.00721 0.231325 3.98481 7
 77.000000 0.0731897 0.462053 -0.864035 -11.7681 -1.00721 0.231325 3.98481 7
 77.500000 0.0787662 0.580371 -0.75711 -12.1389 -1.05166 0.231325 3.98481 7
 78.000000 0.032972 0.42558 -0.889345 -11.4753 -1.05166 0.231325 3.98481 7
 78.500000 0.219241 0.513418 -0.841829 -11.3045 -1.05166 0.231325 3.98481 7
 79.000000 0.0799039 0.437505 -0.887578 -11.4661 -1.05166 0.231325 3.98481 7
 79.500000 -0.0591603 0.48247 -0.815167 -11.2775 -1.05166 0.231325 3.98481 7
 80.000000 -0.135136 0.540087 -0.738347 -11.476 -1.09422 0.231325 3.98482 7
 80.500000 0.0575224 0.524188 -0.804128 -10.7574 -1.09422 0.231325 3.98482 7
 81.000000 0.117957 0.439795 -0.892155 -11.1569 -1.09422 0.231325 3.98482 7
 81.500000 -0.335624 0.396303 -0.806123 -10.7607 -1.09422 0.231325 3.98482 7
 82.000000 0.110761 0.514185 -0.823792 -10.8014 -1.09422 0.231325 3.98482 7
 82.500000 0.0641054 0.502033 -0.825787 -10.8073 -1.13504 0.231325 3.98484 7
 83.000000 0.0951154 0.556668 -0.782186 -10.1766 -1.13504 0.231325 3.98484 7
 83.500000 0.298522 0.454466 -0.902361 -10.5235 -1.13504 0.231325 3.98484 7
 84.000000 0.0311866 0.526292 -0.796428 -10.1643 -1.13504 0.231325 3.98484 7
 84.500000 0.288656 0.453627 -0.90215 -10.522 -1.13504 0.231325 3.98484 7
 85.000000 -0.0183651 0.513984 -0.796112 -10.1645 -1.17425 0.231324 3.98487 7
 85.500000 0.102423 0.502683 -0.832665 -9.61935 -1.17425 0.231324 3.98487 7
 86.000000 0.202851 0.538876 -0.816982 -9.58873 -1.17425 0.231324 3.98487 7
 86.500000 -0.0563105 0.587505 -0.716756 -9.83172 -1.17425 0.231324 3.98487 7
 87.000000 -0.209906 0.549819 -0.703398 -9.92138 -1.17425 0.231324 3.98487 7
 87.500000 0.143651 0.516562 -0.827471 -9.60716 -1.21198 0.231323 3.98493 7
 88.000000 0.00266335 0.54755 -0.769997 -9.08527 -1.21198 0.231323 3.98493 7
 88.500000 0.230849 0.537035 -0.822607 -9.02248 -1.21198 0.231323 3.98493 7
 89.000000 0.11376 0.486094 -0.849725 -9.07352 -1.21198 0.231323 3.98493 7
 89.500000 0.216856 0.609068 -0.756911 -9.13405 -1.21198 0.231323 3.98493 7
 90.000000 0.0870854 0.525105 -0.809349 -9.01818 -1.24834 0.231322 3.98504 7
 90.500000 0.237782 0.513414 -0.844292 -8.5062 -1.24834 0.231322 3.98504 7
 91.000000 0.120779 0.450105 -0.883354 -8.67131 -1.24834 0.231322 3.98504 7
 91.500000 0.209643 0.573438 -0.787371 -8.48291 -1.24834 0.231322 3.98504 7
 92.000000 -0.101837 0.465028 -0.819942 -8.46469 -1.24834 0.231322 3.98504 7
 92.500000 0.0957085 0.489609 -0.843266 -8.5035 -1.2834 0.231319 3.98522 7
 93.000000 0.257726 0.46809 -0.886357 -8.08629 -1.2834 0.231319 3.98522 7
 93.500000 -0.104486 0.552162 -0.736282 -8.2455 -1.2834 0.231319 3.98522 7
 94.000000 -0.00828902 0.542611 -0.771896 -8.04587 -1.2834 0.231319 3.98522 7
 94.500000 -0.113011 0.462507 -0.819135 -7.93647 -1.2834 0.231319 3.98522 7
 95.000000 0.128057 0.504539 -0.835604 -7.93998 -1.31726 0.231314 3.98553 7
 95.500000 0.148664 0.517316 -0.827641 -7.4058 -1.31726 0.231314 3.98553 7
 96.000000 0.0687631 0.435813 -0.887043 -7.54086 -1.31726 0.231314 3.98553 7
 96.500000 0.323233 0.613365 -0.767919 -7.5594 -1.31726 0.231314 3.98553 7
 97.000000 0.0503991 0.396526 -0.919267 -7.73422 -1.31726 0.231314 3.98553 7
 97.500000 -0.0370352 0.538742 -0.768143 -7.55829 -1.34999 0.231307 3.98599 7
 98.000000 0.0654545 0.458063 -0.866173 -7.08511 -1.34999 0.231307 3.98599 7
 98.500000 -0.032089 0.478113 -0.826161 -6.96007 -1.34999 0.231307 3.98599 7
 99.000000 0.088193 0.472101 -0.857744 -7.04852 -1.34999 0.231307 3.98599 7
 99.500000 0.308567 0.559856 -0.812362 -6.94552 -1.34999 0.231307 3.98599 7
 100.000000 0.103896 0.461707 -0.870001 -7.10352 -1.38163 0.231295 3.98672 7
 100.500000 0.0158156 0.509812 -0.80816 -6.51082 -1.38163 0.231295 3.98672 7
 101.000000 0.0928915 0.490892 -0.841575 -6.49766 -1.38163 0.231295 3.98672 7
 101.500000 0.138269 0.561532 -0.786043 -6.56516 -1.38163 0.231295 3.98672 7
 102.000000 0.117341 0.403716 -0.924464 -6.82312 -1.38163 0.231295 3.98672 7
 102.500000 0.0355469 0.441128 -0.87565 -6.56967 -1.41223 0.231276 3.98795 7
 103.000000 -0.0494826 0.504833 -0.796722 -6.12044 -1.41223 0.231276 3.98795 7
 103.500000 0.0391944 0.436046 -0.881043 -6.06054 -1.41223 0.231276 3.98795 7
 104.000000 -0.0204626 0.534128 -0.776761 -6.21394 -1.41223 0.231276 3.98795 7
 104.500000 0.123937 0.600926 -0.747656 -6.40469 -1.41223 0.231276 3.98795 7
 105.000000 -0.105346 0.547791 -0.740205 -6.4639 -1.44189 0.231255 3.98933 7
 105.500000 0.113992 0.443259 -0.888377 -5.85259 -1.44189 0.231255 3.98933 7
 106.000000 -0.196891 0.532064 -0.725442 -5.93915 -1.44189 0.231255 3.98933 7
 106.500000 0.0541991 0.512708 -0.813956 -5.67459 -1.44189 0.231255 3.98933 7
 107.000000 -0.00160678 0.542322 -0.773821 -5.73043 -1.44189 0.231255 3.98933 7
 107.500000 0.223358 0.51359 -0.842235 -5.69914 -1.47046 0.231211 3.99228 7
 108.000000 0.0574453 0.459157 -0.863603 -5.24747 -1.47046 0.231211 3.99228 7
 108.500000 -0.00504052 0.444427 -0.863835 -5.24811 -1.47046 0.231211 3.99228 7
 109.000000 0.263688 0.523647 -0.838571 -5.20112 -1.47046 0.231211 3.99228 7
 109.500000 -0.148648 0.45012 -0.820312 -5.19634 -1.47046 0.231211 3.99228 7
 110.000000 -0.026221 0.564814 -0.746481 -5.42668 -1.49808 0.231153 3.99616 7
 110.500000 0.0383971 0.391737 -0.921312 -5.332 -1.49808 0.231153 3.99616 7
 111.000000 0.123973 0.435226 -0.897248 -5.14284 -1.49808 0.231153 3.99616 7
 111.500000 0.11389 0.448439 -0.883696 -5.05438 -1.49808 0.231153 3.99616 7
 112.000000 0.19511 0.525431 -0.827754 -4.82693 -1.49808 0.231153 3.99616 7
 112.500000 0.0215232 0.510826 -0.808526 -4.79996 -1.52446 0.231047 4.00342 7
 113.000000 0.124548 0.427842 -0.903969 -4.73103 -1.52446 0.231047 4.00342 7
 113.500000 0.332986 0.488307 -0.876342 -4.53994 -1.52446 0.231047 4.00342 7
 114.000000 0.208305 0.485546 -0.864941 -4.47861 -1.52446 0.231047 4.00342 7
 114.500000 0.216719 0.477933 -0.872773 -4.51964 -1.52446 0.231047 4.00342 7
 115.000000 0.167342 0.437233 -0.902074 -4.716 -1.55002 0.230933 4.01132 7
 115.500000 0.326672 0.659687 -0.728442 -4.36868 -1.55002 0.230933 4.01132 7
 116.000000 -0.00307241 0.440636 -0.867779 -4.03037 -1.55002 0.230933 4.01132 7
 116.500000 0.301301 0.422073 -0.930597 -4.3252 -1.55002 0.230933 4.01132 7
 117.000000 0.177557 0.532826 -0.818477 -3.9937 -1.55002 0.230933 4.01132 7
 117.500000 0.136781 0.491032 -0.849245 -3.9965 -1.57372 0.230702 4.02754 7
 118.000000 0.210612 0.435103 -0.90974 -3.72833 -1.57372 0.230702 4.02754 7
 118.500000 0.0648121 0.486844 -0.839806 -3.53088 -1.57372 0.230702 4.02754 7
 119.000000 0.266267 0.585269 -0.785093 -3.64558 -1.57372 0.230702 4.02754 7
 119.500000 -0.0203599 0.508621 -0.80062 -3.58901 -1.57372 0.230702 4.02754 7
 120.000000 0.0289175 0.518199 -0.803389 -3.58092 -1.5956 0.230359 4.05212 7
 120.500000 0.20055 0.493881 -0.856504 -3.13689 -1.5956 0.230359 4.05212 7
 121.000000 0.138645 0.501085 -0.840527 -3.10644 -1.5956 0.230359 4.05212 7
 121.500000 0.322017 0.486774 -0.876677 -3.20589 -1.5956 0.230359 4.05212 7
 122.000000 0.0899844 0.499813 -0.832924 -3.09947 -1.5956 0.230359 4.05212 7
 122.500000 0.0149433 0.48357 -0.832212 -3.09906 -1.61474 0.229817 4.09192 7
 123.000000 0.00791774 0.544528 -0.774089 -2.78716 -1.61474 0.229817 4.09192 7
 123.500000 0.333588 0.537797 -0.83397 -2.65635 -1.61474 0.229817 4.09192 7
 124.000000 0.0972948 0.478143 -0.853948 -2.68478 -1.61474 0.229817 4.09192 7
 124.500000 0.0418531 0.487566 -0.83441 -2.65659 -1.61474 0.229817 4.09192 7
 125.000000 0.240957 0.479105 -0.87478 -2.75281 -1.63106 0.229073 4.14827 7
 125.500000 0.207045 0.44362 -0.901782 -2.40229 -1.63106 0.229073 4.14827 7
 126.000000 -0.061365 0.466045 -0.829989 -2.26323 -1.63106 0.229073 4.14827 7
 126.500000 0.246412 0.540725 -0.821453 -2.27784 -1.63106 0.229073 4.14827 7
 127.000000 -0.246277 0.446241 -0.791486 -2.38154 -1.63106 0.229073 4.14827 7
 127.500000 0.118713 0.452145 -0.881174 -2.31446 -1.64264 0.227964 4.23565 7
 128.000000 0.055042 0.564749 -0.766293 -2.23876 -1.64264 0.227964 4.23565 7
 128.500000 -0.0279192 0.467823 -0.836769 -1.8686 -1.64264 0.227964 4.23565 7
 129.000000 0.0203399 0.453251 -0.861326 -1.84896 -1.64264 0.227964 4.23565 7
 129.500000 0.217297 0.56094 -0.799591 -2.00587 -1.64264 0.227964 4.23565 7
 130.000000 0.0461388 0.580427 -0.749799 -2.3926 -1.6547 0.201457 4.31737 8
 130.500000 0.0684946 0.587596 -0.748232 -1.859 -1.6547 0.201457 4.31737 8
 131.000000 0.0446477 0.517566 -0.807448 -1.60756 -1.6547 0.201457 4.31737 8
 131.500000 -0.0835189 0.563686 -0.731544 -1.97717 -1.6547 0.201457 4.31737 8
 132.000000 0.114415 0.499439 -0.83779 -1.57945 -1.6547 0.201457 4.31737 8
 132.500000 0.175444 0.453028 -0.889188 -1.69215 -1.65552 0.200507 4.48056 8
 133.000000 -0.0768511 0.641687 -0.658794 -2.71424 -1.65552 0.200507 4.48056 8
 133.500000 0.164653 0.485509 -0.858668 -1.18988 -1.65552 0.200507 4.48056 8
 134.000000 -0.00833784 0.593588 -0.724131 -1.89608 -1.65552 0.200507 4.48056 8
 134.500000 -0.0964971 0.481764 -0.805627 -1.30372 -1.65552 0.200507 4.48056 8
 135.000000 0.0893437 0.481107 -0.849787 -1.1929 -1.64281 0.200261 4.74709 8
 135.500000 -0.0616433 0.593292 -0.709715 -1.72834 -1.64281 0.200261 4.74709 8
 136.000000 0.138495 0.59465 -0.756168 -1.21977 -1.64281 0.200261 4.74709 8
 136.500000 0.0501891 0.510116 -0.815484 -0.837393 -1.64281 0.200261 4.74709 8
 137.000000 0.036161 0.504558 -0.817568 -0.829726 -1.64281 0.200261 4.74709 8
 137.500000 0.151616 0.465673 -0.874364 -0.779595 -1.61406 0.198929 5.14474 8
 138.000000 -0.0594565 0.593449 -0.710198 -1.5421 -1.61406 0.198929 5.14474 8
 138.500000 -0.728404 0.642623 -0.326842 -12.8746 -1.61406 0.198929 5.14474 8
 139.000000 -0.952621 0.548621 -0.267294 -15.3118 -1.61406 0.198929 5.14474 8
 139.500000 -0.655026 0.686645 -0.327209 -12.8577 -1.61406 0.198929 5.14474 8
 140.000000 -1.09306 0.590099 -0.0982246 -10.3187 -1.63511 0.176826 5.14477 9
 140.500000 -1.07266 0.59626 -0.108433 -9.68194 -1.63511 0.176826 5.14477 9
 141.000000 -0.865482 0.533634 -0.352683 -11.5313 -1.63511 0.176826 5.14477 9
 141.500000 -0.628387 0.699479 -0.33049 -12.3141 -1.63511 0.176826 5.14477 9
 142.000000 -1.0019 0.566245 -0.205814 -10.8454 -1.63511 0.176826 5.14477 9
 142.500000 -0.979979 0.510031 -0.291179 -12.3814 -1.65573 0.159143 5.14478 10
 143.000000 -0.720665 0.628465 -0.348586 -11.1897 -1.65573 0.159143 5.14478 10
 143.500000 -0.902064 0.537946 -0.319747 -11.5441 -1.65573 0.159143 5.14478 10
 144.000000 -0.463221 0.639393 -0.496917 -6.0937 -1.65573 0.159143 5.14478 10
 144.500000 -0.269323 0.663447 -0.566173 -4.19153 -1.65573 0.159143 5.14478 10
 145.000000 -0.00702412 0.500667 -0.811279 -0.299556 -1.59971 0.161655 5.75582 10
 145.500000 -0.181286 0.460206 -0.800338 0.119047 -1.59971 0.161655 5.75582 10
 146.000000 0.202486 0.561183 -0.79714 0.104148 -1.59971 0.161655 5.75582 10
 146.500000 0.142649 0.461214 -0.876944 0.150801 -1.59971 0.161655 5.75582 10
 147.000000 -0.0469218 0.645058 -0.664625 -1.43601 -1.59971 0.161655 5.75582 10
 147.500000 -0.0857421 0.550686 -0.743284 -0.307155 -1.5492 0.160704 6.38269 10
 148.000000 0.151928 0.43266 -0.903896 0.0129408 -1.5492 0.160704 6.38269 10
 148.500000 -0.0167627 0.538322 -0.773775 0.266607 -1.5492 0.160704 6.38269 10
 149.000000 0.084426 0.531014 -0.803433 0.334685 -1.5492 0.160704 6.38269 10
 149.500000 0.00459452 0.46924 -0.843107 0.311305 -1.5492 0.160704 6.38269 10
 150.000000 0.22884 0.536268 -0.823007 0.339537 -1.44673 0.163561 7.32871 10
 150.500000 0.237209 0.504634 -0.851926 0.622343 -1.44673 0.163561 7.32871 10
 151.000000 0.026819 0.449064 -0.866555 0.562344 -1.44673 0.163561 7.32871 10
 151.500000 -0.128144 0.524394 -0.755625 0.448929 -1.44673 0.163561 7.32871 10
 152.000000 0.0968953 0.507649 -0.827123 0.670691 -1.44673 0.163561 7.32871 10
 152.500000 0.21186 0.559988 -0.799624 0.64771 -1.32066 0.154686 8.32579 9
 153.000000 0.024862 0.595348 -0.730889 0.658443 -1.32066 0.154686 8.32579 9
 153.500000 0.384631 0.486629 -0.88183 0.748938 -1.32066 0.154686 8.32579 9
 154.000000 -0.14105 0.571656 -0.705938 0.380134 -1.32066 0.154686 8.32579 9
 154.500000 0.158971 0.454518 -0.88545 0.717533 -1.32066 0.154686 8.32579 9
 155.000000 -0.0642429 0.545393 -0.75447 0.852805 -1.18593 0.151581 9.25594 9
 155.500000 0.208142 0.476002 -0.873347 0.876242 -1.18593 0.151581 9.25594 9
 156.000000 0.0572579 0.577509 -0.755023 1.15648 -1.18593 0.151581 9.25594 9
 156.500000 -0.17158 0.460908 -0.802808 1.2465 -1.18593 0.151581 9.25594 9
 157.000000 -0.0827621 0.579359 -0.7168 0.88629 -1.18593 0.151581 9.25594 9
 157.500000 0.0677661 0.492981 -0.834796 1.15293 -1.02862 0.149021 9.90556 9
 158.000000 0.0175093 0.421949 -0.889459 0.980847 -1.02862 0.149021 9.90556 9
 158.500000 0.0110956 0.456223 -0.856571 1.26076 -1.02862 0.149021 9.90556 9
 159.000000 0.0619906 0.591896 -0.742818 1.16655 -1.02862 0.149021 9.90556 9
 159.500000 0.0708227 0.531779 -0.799961 1.4199 -1.02862 0.149021 9.90556 9
 160.000000 0.138867 0.511938 -0.830812 1.38379 -0.861884 0.147119 10.2971 9
 160.500000 0.104309 0.499933 -0.835505 1.52139 -0.861884 0.147119 10.2971 9
 161.000000 0.321608 0.501661 -0.863841 1.3786 -0.861884 0.147119 10.2971 9
 161.500000 0.303739 0.52786 -0.839466 1.50804 -0.861884 0.147119 10.2971 9
 162.000000 0.0626419 0.574794 -0.758725 1.3561 -0.861884 0.147119 10.2971 9
 162.500000 0.157891 0.507379 -0.838062 1.51302 -0.703982 0.145939 10.7015 9
 163.000000 0.147856 0.540321 -0.806846 1.64367 -0.703982 0.145939 10.7015 9
 163.500000 0.116243 0.472828 -0.862127 1.51895 -0.703982 0.145939 10.7015 9
 164.000000 0.213343 0.538533 -0.818824 1.65406 -0.703982 0.145939 10.7015 9
 164.500000 -0.11354 0.518434 -0.765793 1.45108 -0.703982 0.145939 10.7015 9
 165.000000 -0.553009 0.702555 -0.375583 -12.2598 -0.721374 0.145939 10.7015 9
 165.500000 -0.73073 0.574119 -0.403522 -10.6357 -0.721374 0.145939 10.7015 9
 166.000000 -0.704893 0.669763 -0.312118 -11.9928 -0.721374 0.145939 10.7015 9
 166.500000 -0.636693 0.647746 -0.383615 -11.4816 -0.721374 0.145939 10.7015 9
 167.000000 -0.866379 0.606985 -0.265981 -11.9241 -0.721374 0.145939 10.7015 9
 167.500000 -0.918911 0.654128 -0.167311 -11.1715 -0.738467 0.145939 10.7015 9
 168.000000 -0.927468 0.904647 0.158566 -4.83441 -0.738467 0.145939 10.7015 9
 168.500000 -0.576109 0.642539 -0.427963 -9.33788 -0.738467 0.145939 10.7015 9
 169.000000 -0.642786 0.680929 -0.341995 -11.9053 -0.738467 0.145939 10.7015 9
 169.500000 -0.759788 0.619698 -0.330891 -11.8531 -0.738467 0.145939 10.7015 9
 170.000000 -0.657088 0.74081 -0.26331 -11.4267 -0.755274 0.145939 10.7015 9
 170.500000 -0.969323 0.770491 0.0214791 -7.63235 -0.755274 0.145939 10.7015 9
 171.000000 -0.614826 0.820379 -0.19997 -10.6493 -0.755274 0.145939 10.7015 9
 171.500000 -0.473726 0.726777 -0.396328 -10.8683 -0.755274 0.145939 10.7015 9
 172.000000 -0.434925 0.765729 -0.375843 -11.3636 -0.755274 0.145939 10.7015 9
 172.500000 -0.651611 0.650702 -0.37042 -11.4072 -0.771803 0.145939 10.7015 9
 173.000000 -0.922784 0.6849 -0.126322 -10.3718 -0.771803 0.145939 10.7015 9
 173.500000 -0.82285 0.55913 -0.35494 -10.8653 -0.771803 0.145939 10.7015 9
 174.000000 -0.538828 0.70485 -0.381774 -10.8073 -0.771803 0.145939 10.7015 9
 174.500000 -0.614039 0.646054 -0.400203 -10.4515 -0.771803 0.145939 10.7015 9
 175.000000 -0.668435 1.18007 0.288792 -1.23791 -0.77783 0.136056 10.9036 10
 175.500000 -0.550811 1.57602 0.713934 -0.985622 -0.77783 0.136056 10.9036 10
 176.000000 -0.689334 1.62398 0.926227 -10.3343 -0.77783 0.136056 10.9036 10
 176.500000 -0.557655 1.76603 0.989219 -14.577 -0.77783 0.136056 10.9036 10
 177.000000 -0.47757 1.83648 1.00393 -14.9553 -0.77783 0.136056 10.9036 10
 177.500000 -0.58853 1.74604 0.993883 -14.7354 -0.793831 0.136056 10.9036 10
 178.000000 -0.810266 1.58373 1.00215 -14.269 -0.793831 0.136056 10.9036 10
 178.500000 -0.726724 1.64911 1.00494 -14.283 -0.793831 0.136056 10.9036 10
 179.000000 -0.961547 1.52109 1.08401 -14.8365 -0.793831 0.136056 10.9036 10
 179.500000 -0.636328 1.70509 0.986673 -14.0102 -0.793831 0.136056 10.9036 10
 180.000000 -0.684458 1.62969 0.929243 -10.545 -0.809578 0.136056 10.9037 10
 180.500000 -0.52049 1.71649 0.879498 -7.24449 -0.809578 0.136056 10.9037 10
 181.000000 -0.443926 1.71655 0.802588 -3.46177 -0.809578 0.136056 10.9037 10
 181.500000 -0.666096 1.32616 0.481832 0.433863 -0.809578 0.136056 10.9037 10
 182.000000 -0.573435 1.3864 0.47731 0.401241 -0.809578 0.136056 10.9037 10
 182.500000 -0.574757 1.37596 0.464558 0.29982 -0.778787 0.138477 11.6584 10
 183.000000 -0.44659 1.70502 0.789413 -3.00136 -0.778787 0.138477 11.6584 10
 183.500000 -0.567719 1.49615 0.620427 0.120215 -0.778787 0.138477 11.6584 10
 184.000000 -0.580036 1.42748 0.538635 0.68819 -0.778787 0.138477 11.6584 10
 184.500000 -0.717664 1.48234 0.751276 -1.81551 -0.778787 0.138477 11.6584 10
 185.000000 -0.529977 1.66503 0.816986 -4.09014 -0.793494 0.126062 11.671 11
 185.500000 -0.549281 1.43958 0.526499 0.804122 -0.793494 0.126062 11.671 11
 186.000000 -0.467246 1.53978 0.585654 0.504552 -0.793494 0.126062 11.671 11
 186.500000 -0.743764 1.36014 0.604496 0.348384 -0.793494 0.126062 11.671 11
 187.000000 -0.457599 1.54723 0.586828 0.495321 -0.793494 0.126062 11.671 11
 187.500000 -0.452167 1.56961 0.611704 0.285452 -0.764927 0.129983 12.4296 11
 188.000000 -0.691142 1.301 0.471245 0.643156 -0.764927 0.129983 12.4296 11
 188.500000 -0.607495 1.26895 0.352006 -0.27224 -0.764927 0.129983 12.4296 11
 189.000000 -0.523437 1.40191 0.453128 0.519735 -0.764927 0.129983 12.4296 11
 189.500000 -0.51785 1.4963 0.573784 0.714079 -0.764927 0.129983 12.4296 11
 190.000000 -0.522695 1.5248 0.616766 0.459534 -0.730208 0.132202 13.2831 11
 190.500000 -0.49921 1.48016 0.535186 0.855417 -0.730208 0.132202 13.2831 11
 191.000000 -0.629949 1.28544 0.393778 -0.0117124 -0.730208 0.132202 13.2831 11
 191.500000 -0.567782 1.49713 0.621833 0.596493 -0.730208 0.132202 13.2831 11
 192.000000 -0.453892 1.45971 0.46827 0.595433 -0.730208 0.132202 13.2831 11
 192.500000 -0.670113 1.38733 0.569522 0.820743 -0.677754 0.137485 14.2725 11
 193.000000 -0.601264 1.26369 0.339648 -0.499994 -0.677754 0.137485 14.2725 11
 193.500000 -0.440293 1.60009 0.641532 0.583244 -0.677754 0.137485 14.2725 11
 194.000000 -0.480449 1.56182 0.627312 0.697323 -0.677754 0.137485 14.2725 11
 194.500000 -0.650315 1.34016 0.48602 0.766489 -0.677754 0.137485 14.2725 11
 195.000000 -0.729944 1.26109 0.453631 0.511108 -0.645656 0.139427 15.1605 11
 195.500000 -0.606521 1.43232 0.570158 0.974656 -0.645656 0.139427 15.1605 11
 196.000000 -0.463705 1.55575 0.603749 0.829998 -0.645656 0.139427 15.1605 11
 196.500000 -0.6045 1.43008 0.565181 0.98823 -0.645656 0.139427 15.1605 11
 197.000000 -0.607678 1.49257 0.654191 0.437738 -0.645656 0.139427 15.1605 11
 197.500000 -0.480291 1.56673 0.633771 0.623026 -0.610286 0.139495 16.1001 11
 198.000000 -0.53682 1.45847 0.540419 1.03745 -0.610286 0.139495 16.1001 11
 198.500000 -0.622772 1.49465 0.671968 0.434727 -0.610286 0.139495 16.1001 11
 199.000000 -0.573145 1.35147 0.430544 0.493042 -0.610286 0.139495 16.1001 11
 199.500000 -0.661117 1.39756 0.574914 1.01294 -0.610286 0.139495 16.1001 11
 200.000000 -0.624548 1.27674 0.377381 -0.00908384 -0.598903 0.140818 16.7475 11
 200.500000 -0.611007 1.40258 0.533869 1.0063 -0.598903 0.140818 16.7475 11
 201.000000 -0.619193 1.30808 0.414217 0.432397 -0.598903 0.140818 16.7475 11
 201.500000 -0.591697 1.36628 0.467008 0.783024 -0.598903 0.140818 16.7475 11
 202.000000 -0.620926 1.43689 0.590214 0.941928 -0.598903 0.140818 16.7475 11
 202.500000 -0.590411 1.46269 0.596326 0.921059 -0.55113 0.144934 17.7462 11
 203.000000 -0.535884 1.4172 0.484451 0.850163 -0.55113 0.144934 17.7462 11
 203.500000 -0.693665 1.36681 0.564098 1.0704 -0.55113 0.144934 17.7462 11
 204.000000 -0.379468 1.60247 0.589975 1.03731 -0.55113 0.144934 17.7462 11
 204.500000 -0.426359 1.53909 0.548157 1.06375 -0.55113 0.144934 17.7462 11
 205.000000 -0.573972 1.47371 0.595729 1.02218 -0.500763 0.148086 18.7266 11
 205.500000 -0.625885 1.25931 0.355532 -0.204675 -0.500763 0.148086 18.7266 11
 206.000000 -0.327886 1.59388 0.534544 1.07791 -0.500763 0.148086 18.7266 11
 206.500000 -0.556652 1.44247 0.537172 1.08575 -0.500763 0.148086 18.7266 11
 207.000000 -0.580205 1.37607 0.469647 0.735193 -0.500763 0.148086 18.7266 11
 207.500000 -0.568866 1.30612 0.367017 -0.0993036 -0.494198 0.148699 19.3324 11
 208.000000 -0.428042 1.59187 0.61939 0.999495 -0.494198 0.148699 19.3324 11
 208.500000 -0.55085 1.39708 0.471133 0.747547 -0.494198 0.148699 19.3324 11
 209.000000 -0.697172 1.25496 0.414448 0.366958 -0.494198 0.148699 19.3324 11
 209.500000 -0.575549 1.3943 0.489809 0.860525 -0.494198 0.148699 19.3324 11
 210.000000 -0.697142 1.2511 0.409217 0.331755 -0.477444 0.150962 20.1558 11
 210.500000 -0.52218 1.46795 0.539733 1.04506 -0.477444 0.150962 20.1558 11
 211.000000 -0.680557 1.29662 0.45531 0.701203 -0.477444 0.150962 20.1558 11
 211.500000 -0.610244 1.44601 0.592469 1.05274 -0.477444 0.150962 20.1558 11
 212.000000 -0.568355 1.53623 0.67613 0.485761 -0.477444 0.150962 20.1558 11
 212.500000 -0.569865 1.34063 0.413282 0.479892 -0.456817 0.153035 21.0534 11
 213.000000 -0.374741 1.52485 0.485292 0.869456 -0.456817 0.153035 21.0534 11
 213.500000 -0.454486 1.60752 0.664649 0.569904 -0.456817 0.153035 21.0534 11
 214.000000 -0.504988 1.3975 0.431184 0.669184 -0.456817 0.153035 21.0534 11
 214.500000 -0.463283 1.49493 0.522638 0.983133 -0.456817 0.153035 21.0534 11
 215.000000 -0.606487 1.40057 0.526892 0.993296 -0.415828 0.154882 22.0343 11
 215.500000 -0.489609 1.52396 0.584939 1.06226 -0.415828 0.154882 22.0343 11
 216.000000 -0.49644 1.54057 0.613545 0.952497 -0.415828 0.154882 22.0343 11
 216.500000 -0.526967 1.47119 0.548454 1.09734 -0.415828 0.154882 22.0343 11
 217.000000 -0.558849 1.50297 0.621278 0.90893 -0.415828 0.154882 22.0343 11
 217.500000 -0.278633 0.800816 -0.419713 -10.2997 -0.428566 0.141975 22.0344 12
 218.000000 0.0440966 0.574229 -0.755063 0.822278 -0.428566 0.141975 22.0344 12
 218.500000 0.113445 0.527414 -0.812312 1.11259 -0.428566 0.141975 22.0344 12
 219.000000 0.0219116 0.514501 -0.805219 1.10228 -0.428566 0.141975 22.0344 12
 219.500000 0.0758022 0.33695 -0.977716 -0.704667 -0.428566 0.141975 22.0344 12
 220.000000 -0.20218 0.437158 -0.815602 1.11491 -0.383583 0.139908 22.961 12
 220.500000 -0.416283 0.576362 -0.58789 -2.75367 -0.383583 0.139908 22.961 12
 221.000000 -0.491179 0.672883 -0.445165 -9.07595 -0.383583 0.139908 22.961 12
 221.500000 -0.547966 0.648286 -0.438755 -9.38012 -0.383583 0.139908 22.961 12
 222.000000 -0.525838 0.665576 -0.43297 -9.63916 -0.383583 0.139908 22.961 12
 222.500000 -0.339005 0.490145 -0.711612 0.36295 -0.369976 0.144535 23.7992 13
 223.000000 0.255535 0.526383 -0.83518 1.15155 -0.369976 0.144535 23.7992 13
 223.500000 0.0654732 0.512186 -0.816783 1.17886 -0.369976 0.144535 23.7992 13
 224.000000 -0.164429 0.481925 -0.784927 1.11364 -0.369976 0.144535 23.7992 13
 224.500000 0.261703 0.297176 -1.0357 -2.36679 -0.369976 0.144535 23.7992 13
 225.000000 0.185618 0.513536 -0.836898 1.14653 -0.327521 0.143039 24.7066 13
 225.500000 -0.00387657 0.411651 -0.894306 0.831618 -0.327521 0.143039 24.7066 13
 226.000000 0.230815 0.556799 -0.805199 1.24578 -0.327521 0.143039 24.7066 13
 226.500000 -0.295277 0.521323 -0.698682 0.268589 -0.327521 0.143039 24.7066 13
 227.000000 -0.920871 0.945684 0.206954 -2.52732 -0.327521 0.143039 24.7066 13
 227.500000 -0.987279 0.460554 -0.34355 -11.0472 -0.339642 0.143039 24.7066 13
 228.000000 -1.08171 0.571407 -0.131498 -11.0739 -0.339642 0.143039 24.7066 13
 228.500000 -1.0474 0.398447 -0.367864 -10.6713 -0.339642 0.143039 24.7066 13
 229.000000 -0.89705 0.666137 -0.170499 -11.1968 -0.339642 0.143039 24.7066 13
 229.500000 -0.854476 0.738213 -0.116843 -10.9908 -0.339642 0.143039 24.7066 13
 230.000000 -0.991029 0.636815 -0.128382 -11.0589 -0.351618 0.143039 24.7066 13
 230.500000 -1.05688 0.729569 0.0474447 -7.47158 -0.351618 0.143039 24.7066 13
 231.000000 -0.988339 0.626931 -0.142886 -10.8571 -0.351618 0.143039 24.7066 13
 231.500000 -0.773034 0.761104 -0.153688 -10.8927 -0.351618 0.143039 24.7066 13
 232.000000 -0.785252 1.12177 0.316853 -0.319106 -0.351618 0.143039 24.7066 13
 232.500000 -0.46571 1.78342 0.916945 -6.00577 -0.363411 0.143044 24.7086 13
 233.000000 -0.44466 1.58544 0.625971 0.824266 -0.363411 0.143044 24.7086 13
 233.500000 -0.498066 1.48888 0.545766 1.04062 -0.363411 0.143044 24.7086 13
 234.000000 -0.583928 1.42688 0.541444 1.03705 -0.363411 0.143044 24.7086 13
 234.500000 -0.500345 1.4242 0.462161 0.788284 -0.363411 0.143044 24.7086 13
 235.000000 -0.592986 1.52067 0.678728 0.319731 -0.352079 0.141602 25.5227 13
 235.500000 -0.518104 1.66092 0.799294 -1.81052 -0.352079 0.141602 25.5227 13
 236.000000 -0.606101 1.50797 0.674015 0.518921 -0.352079 0.141602 25.5227 13
 236.500000 -0.579585 1.47485 0.602635 0.992823 -0.352079 0.141602 25.5227 13
 237.000000 -0.522769 1.62635 0.755967 -0.765493 -0.352079 0.141602 25.5227 13
 237.500000 -0.4077 1.6492 0.677118 0.48584 -0.337116 0.140268 26.4188 13
 238.000000 -0.547296 1.52098 0.634862 0.920695 -0.337116 0.140268 26.4188 13
 238.500000 -0.382292 1.61503 0.608935 1.02067 -0.337116 0.140268 26.4188 13
 239.000000 -0.680555 1.13783 0.24414 -1.6457 -0.337116 0.140268 26.4188 13
 239.500000 -0.635169 1.26979 0.377676 0.276379 -0.337116 0.140268 26.4188 13
 240.000000 -0.722002 1.28977 0.485314 0.868031 -0.310903 0.140355 27.4188 13
 240.500000 -0.53956 1.5136 0.61746 0.979571 -0.310903 0.140355 27.4188 13
 241.000000 -0.596871 1.51322 0.672216 0.627865 -0.310903 0.140355 27.4188 13
 241.500000 -0.409206 1.55023 0.547712 1.09678 -0.310903 0.140355 27.4188 13
 242.000000 -0.561339 1.42258 0.514743 1.05145 -0.310903 0.140355 27.4188 13
 242.500000 -0.656649 1.44662 0.638609 0.876177 -0.285635 0.139485 28.4188 13
 243.000000 -0.553597 1.44919 0.543393 1.10513 -0.285635 0.139485 28.4188 13
 243.500000 -0.435012 1.55687 0.579276 1.12328 -0.285635 0.139485 28.4188 13
 244.000000 -0.452141 1.55681 0.594629 1.10805 -0.285635 0.139485 28.4188 13
 244.500000 -0.555399 1.31512 0.367111 0.19613 -0.285635 0.139485 28.4188 13
 245.000000 -0.531002 1.46166 0.539365 1.09887 -0.252922 0.140387 29.3566 13
 245.500000 -0.64428 1.35766 0.504125 1.08175 -0.252922 0.140387 29.3566 13
 246.000000 -0.552643 1.45683 0.55281 1.18226 -0.252922 0.140387 29.3566 13
 246.500000 -0.611793 1.46442 0.619289 1.06614 -0.252922 0.140387 29.3566 13
 247.000000 -0.491204 1.43272 0.465348 0.898649 -0.252922 0.140387 29.3566 13
 247.500000 -0.436542 1.51983 0.531832 1.15767 -0.219441 0.140872 30.2611 13
 248.000000 -0.705628 1.28548 0.463813 0.938321 -0.219441 0.140872 30.2611 13
 248.500000 -0.578677 1.45902 0.580162 1.21134 -0.219441 0.140872 30.2611 13
 249.000000 -0.631548 1.34163 0.470511 0.980796 -0.219441 0.140872 30.2611 13
 249.500000 -0.649224 1.36459 0.518241 1.19456 -0.219441 0.140872 30.2611 13
 250.000000 -0.497665 1.42093 0.455519 0.882252 -0.197836 0.141841 31.261 13
 250.500000 -0.385119 1.55977 0.539241 1.25384 -0.197836 0.141841 31.261 13
 251.000000 -0.803421 1.0597 0.250665 -1.67081 -0.197836 0.141841 31.261 13
 251.500000 -0.525504 1.41163 0.467792 1.05395 -0.197836 0.141841 31.261 13
 252.000000 -0.646202 1.45905 0.645576 0.887086 -0.197836 0.141841 31.261 13
 252.500000 -0.526199 1.45459 0.525521 1.24554 -0.163643 0.142126 32.0951 13
 253.000000 -0.423209 1.52758 0.530309 1.30814 -0.163643 0.142126 32.0951 13
 253.500000 -0.552874 1.60472 0.755826 -0.612524 -0.163643 0.142126 32.0951 13
 254.000000 -0.602077 1.26752 0.345375 -0.0958547 -0.163643 0.142126 32.0951 13
 254.500000 -0.712246 1.24207 0.411087 0.644727 -0.163643 0.142126 32.0951 13
 255.000000 -0.475498 1.52112 0.568283 1.26938 -0.130256 0.1444 32.9226 13
 255.500000 -0.527506 1.69397 0.85504 -3.34643 -0.130256 0.1444 32.9226 13
 256.000000 -0.515375 1.47611 0.544445 1.36 -0.130256 0.1444 32.9226 13
 256.500000 -0.596559 1.41651 0.539212 1.36017 -0.130256 0.1444 32.9226 13
 257.000000 -0.488813 1.43771 0.469809 1.11637 -0.130256 0.1444 32.9226 13
 257.500000 -0.594846 1.481 0.62572 1.05838 -0.106513 0.144275 33.9048 13
 258.000000 -0.593028 1.29388 0.372078 0.143533 -0.106513 0.144275 33.9048 13
 258.500000 -0.400589 1.77096 0.834439 -2.74276 -0.106513 0.144275 33.9048 13
 259.000000 -0.512147 1.35819 0.386069 0.30435 -0.106513 0.144275 33.9048 13
 259.500000 -0.597784 1.4391 0.571117 1.34192 -0.106513 0.144275 33.9048 13
 260.000000 -0.550946 1.38037 0.44904 0.931331 -0.0876999 0.149055 34.9048 13
 260.500000 -0.702638 1.3796 0.590707 1.24062 -0.0876999 0.149055 34.9048 13
 261.000000 -0.589004 1.30921 0.388738 0.430815 -0.0876999 0.149055 34.9048 13
 261.500000 -0.511894 1.52825 0.61132 1.15019 -0.0876999 0.149055 34.9048 13
 262.000000 -0.496226 1.47046 0.519607 1.30835 -0.0876999 0.149055 34.9048 13
 262.500000 -0.566631 1.27644 0.326382 -0.397674 -0.0904515 0.151667 35.3637 13
 263.000000 -0.435219 1.46792 0.462934 1.05626 -0.0904515 0.151667 35.3637 13
 263.500000 -0.572002 1.45041 0.562181 1.29045 -0.0904515 0.151667 35.3637 13
 264.000000 -0.623423 1.19954 0.275111 -1.1624 -0.0904515 0.151667 35.3637 13
 264.500000 -0.678743 1.31926 0.484389 1.17204 -0.0904515 0.151667 35.3637 13
 265.000000 -0.555286 1.4814 0.588531 1.2249 -0.0630144 0.154225 36.2516 13
 265.500000 -0.556953 1.33338 0.392378 0.42382 -0.0630144 0.154225 36.2516 13
 266.000000 -0.519829 1.53891 0.63322 1.04667 -0.0630144 0.154225 36.2516 13
 266.500000 -0.671597 1.51488 0.74988 -0.588965 -0.0630144 0.154225 36.2516 13
 267.000000 -0.536586 1.44303 0.519522 1.28381 -0.0630144 0.154225 36.2516 13
 267.500000 -0.462598 1.55051 0.595741 1.24405 -0.0361532 0.155622 37.1335 13
 268.000000 -0.5419 1.3807 0.441451 0.8359 -0.0361532 0.155622 37.1335 13
 268.500000 -0.422913 1.62377 0.657193 0.895008 -0.0361532 0.155622 37.1335 13
 269.000000 -0.647315 1.27819 0.399817 0.4585 -0.0361532 0.155622 37.1335 13
 269.500000 -0.456575 1.50002 0.523416 1.29304 -0.0361532 0.155622 37.1335 13
 270.000000 -0.464604 1.49322 0.521552 1.28775 -0.0089459 0.155984 37.9852 13
 270.500000 -0.590638 1.41535 0.532107 1.35331 -0.0089459 0.155984 37.9852 13
 271.000000 -0.552999 1.45041 0.544492 1.3687 -0.0089459 0.155984 37.9852 13
 271.500000 -0.452018 1.50289 0.523184 1.3341 -0.0089459 0.155984 37.9852 13
 272.000000 -0.711967 1.25823 0.432714 0.780726 -0.0089459 0.155984 37.9852 13
 272.500000 -0.576108 1.51753 0.657872 0.862459 0.00472523 0.154426 38.9752 13
 273.000000 -0.592639 1.38427 0.492013 1.20179 0.00472523 0.154426 38.9752 13
 273.500000 -0.612703 1.45256 0.603841 1.2905 0.00472523 0.154426 38.9752 13
 274.000000 -0.400733 1.66946 0.697726 0.453186 0.00472523 0.154426 38.9752 13
 274.500000 -0.520418 1.73152 0.900597 -5.47376 0.00472523 0.154426 38.9752 13
 275.000000 -0.454725 1.52366 0.552971 1.37495 0.0331052 0.15584 39.735 13
 275.500000 -0.531809 1.3962 0.452983 0.939658 0.0331052 0.15584 39.735 13
 276.000000 -0.637549 1.27195 0.382675 0.201185 0.0331052 0.15584 39.735 13
 276.500000 -0.721657 1.30243 0.502382 1.28115 0.0331052 0.15584 39.735 13
 277.000000 -0.419153 1.61751 0.645404 1.04219 0.0331052 0.15584 39.735 13
 277.500000 -0.559604 1.44904 0.548763 1.40867 0.0614126 0.156889 40.4725 13
 278.000000 -0.565535 1.33623 0.403656 0.408179 0.0614126 0.156889 40.4725 13
 278.500000 -0.708717 1.40631 0.634158 1.13044 0.0614126 0.156889 40.4725 13
 279.000000 -0.682431 1.15416 0.267116 -1.5658 0.0614126 0.156889 40.4725 13
 279.500000 -0.80682 1.28227 0.558448 1.44222 0.0614126 0.156889 40.4725 13
 280.000000 -0.883828 1.22558 0.556649 1.44287 0.08967 0.158228 41.187 13
 280.500000 -0.771343 1.22316 0.441338 0.810086 0.08967 0.158228 41.187 13
 281.000000 -0.617588 1.47074 0.633672 1.13849 0.08967 0.158228 41.187 13
 281.500000 -0.538138 1.3577 0.407864 0.419693 0.08967 0.158228 41.187 13
 282.000000 -0.668937 1.49218 0.714946 0.0884998 0.08967 0.158228 41.187 13
 282.500000 -0.656412 1.53561 0.763676 -0.960354 0.0834596 0.161452 41.4432 13
 283.000000 -0.539597 1.36574 0.419708 0.54027 0.0834596 0.161452 41.4432 13
 283.500000 -0.635633 1.68535 0.957112 -7.24888 0.0834596 0.161452 41.4432 13
 284.000000 -0.510456 1.56154 0.655098 0.916771 0.0834596 0.161452 41.4432 13
 284.500000 -0.716859 1.29775 0.491332 1.24035 0.0834596 0.161452 41.4432 13
 285.000000 -0.594967 1.23732 0.299802 -1.05472 0.0770277 0.161041 41.6785 13
 285.500000 -0.514337 1.60821 0.722654 -0.0526738 0.0770277 0.161041 41.6785 13
 286.000000 -0.464235 1.43821 0.449151 0.871444 0.0770277 0.161041 41.6785 13
 286.500000 -0.750177 1.6121 0.976299 -7.90216 0.0770277 0.161041 41.6785 13
 287.000000 -1.00469 1.44235 1.01308 -8.88977 0.0770277 0.161041 41.6785 13
 287.500000 -0.490568 1.50533 0.5609 1.44813 0.104131 0.162398 42.4069 13
 288.000000 -0.508261 1.40024 0.437622 0.725298 0.104131 0.162398 42.4069 13
 288.500000 -0.415022 1.59447 0.61107 1.29376 0.104131 0.162398 42.4069 13
 289.000000 -0.6316 1.26491 0.368004 -0.135734 0.104131 0.162398 42.4069 13
 289.500000 -0.655084 1.22888 0.341274 -0.466339 0.104131 0.162398 42.4069 13
 290.000000 -0.46531 1.46603 0.486429 1.21429 0.122796 0.162664 43.371 13
 290.500000 -0.630256 1.28744 0.396714 0.266844 0.122796 0.162664 43.371 13
 291.000000 -0.535002 1.53159 0.637639 1.06451 0.122796 0.162664 43.371 13
 291.500000 -0.472092 1.51375 0.555405 1.48929 0.122796 0.162664 43.371 13
 292.000000 -0.658272 1.19664 0.301605 -1.01162 0.122796 0.162664 43.371 13
 292.500000 -0.558485 1.38169 0.457528 1.00447 0.135694 0.167132 44.3696 13
 293.000000 -0.66939 1.71482 1.03779 -9.60476 0.135694 0.167132 44.3696 13
 293.500000 -1.15394 1.50704 1.30093 -15.92 0.135694 0.167132 44.3696 13
 294.000000 -0.706373 1.50213 0.767848 -1.11336 0.135694 0.167132 44.3696 13
 294.500000 -0.620794 1.32173 0.433897 0.787254 0.135694 0.167132 44.3696 13
 295.000000 -0.487169 1.44185 0.473807 1.17114 0.152072 0.17252 45.3513 13
 295.500000 -0.575415 1.32846 0.40213 0.454411 0.152072 0.17252 45.3513 13
 296.000000 -0.87269 0.746127 -0.0921175 -11.4705 0.152072 0.17252 45.3513 13
 296.500000 -0.893994 0.617949 -0.231215 -11.9984 0.152072 0.17252 45.3513 13
 297.000000 -0.756793 0.64243 -0.306689 -11.819 0.152072 0.17252 45.3513 13
 297.500000 -0.690779 0.580126 -0.423855 -9.98062 0.143022 0.17252 45.3513 13
 298.000000 -0.71196 0.633268 -0.349161 -11.3772 0.143022 0.17252 45.3513 13
 298.500000 -0.787662 0.80913 -0.0835065 -11.3718 0.143022 0.17252 45.3513 13
 299.000000 -0.199129 0.518952 -0.737446 -0.103132 0.143022 0.17252 45.3513 13
 299.500000 0.168166 0.391637 -0.942708 -0.793113 0.143022 0.17252 45.3513 13
 300.000000 0.0637766 0.494997 -0.832151 0.343519 0.145002 0.17208 46.0981 13
 300.500000 0.0947178 0.488212 -0.844348 0.361471 0.145002 0.17208 46.0981 13
 301.000000 0.109051 0.461678 -0.870932 0.206557 0.145002 0.17208 46.0981 13
 301.500000 0.270021 0.476499 -0.88038 0.125315 0.145002 0.17208 46.0981 13
 302.000000 0.102253 0.477658 -0.85529 0.310826 0.145002 0.17208 46.0981 13
 302.500000 0.0729054 0.408845 -0.912269 -0.250978 0.142104 0.169012 46.5731 14
 303.000000 -0.130913 0.470083 -0.806672 0.414907 0.142104 0.169012 46.5731 14
 303.500000 0.0249463 0.501374 -0.818024 0.428956 0.142104 0.169012 46.5731 14
 304.000000 0.245057 0.503642 -0.853782 0.351155 0.142104 0.169012 46.5731 14
 304.500000 0.209772 0.446091 -0.899949 -0.0250864 0.142104 0.169012 46.5731 14
 305.000000 0.0938383 0.474231 -0.856857 0.335777 0.143977 0.169168 47.3209 14
 305.500000 0.110123 0.48963 -0.845883 0.433632 0.143977 0.169168 47.3209 14
 306.000000 0.296208 0.455483 -0.901265 0.0191073 0.143977 0.169168 47.3209 14
 306.500000 0.125701 0.494271 -0.844443 0.438328 0.143977 0.169168 47.3209 14
 307.000000 0.265824 0.444416 -0.907863 -0.0608758 0.143977 0.169168 47.3209 14
 307.500000 0.0428604 0.454355 -0.865049 0.34183 0.145878 0.169393 48.0743 14
 308.000000 0.0591109 0.633256 -0.7039 -0.545832 0.145878 0.169393 48.0743 14
 308.500000 0.323917 0.432017 -0.923898 -0.21682 0.145878 0.169393 48.0743 14
 309.000000 -0.130999 0.694395 -0.589403 -3.22567 0.145878 0.169393 48.0743 14
 309.500000 -0.582414 0.743698 -0.310487 -11.7017 0.145878 0.169393 48.0743 14
 310.000000 -0.596013 1.25156 0.319237 -0.820419 0.140523 0.169421 48.3655 14
 310.500000 -0.536619 1.39819 0.459884 1.05693 0.140523 0.169421 48.3655 14
 311.000000 -0.599889 1.43875 0.572637 1.36237 0.140523 0.169421 48.3655 14
 311.500000 -0.601605 1.27542 0.355341 -0.204783 0.140523 0.169421 48.3655 14
 312.000000 -0.526829 1.42824 0.490992 1.27373 0.140523 0.169421 48.3655 14
 312.500000 -0.388745 1.66197 0.676716 0.501876 0.144236 0.168254 49.2018 14
 313.000000 -0.416271 1.50012 0.488533 1.25499 0.144236 0.168254 49.2018 14
 313.500000 -0.496628 1.49011 0.546102 1.41076 0.144236 0.168254 49.2018 14
 314.000000 -0.663733 1.35978 0.525482 1.39499 0.144236 0.168254 49.2018 14
 314.500000 -0.638289 1.35466 0.494424 1.28683 0.144236 0.168254 49.2018 14
 315.000000 -0.646167 1.42821 0.602721 1.23661 0.160888 0.168875 50.1438 14
 315.500000 -0.322486 1.66749 0.624758 1.1244 0.160888 0.168875 50.1438 14
 316.000000 -0.732102 1.38481 0.627465 1.10393 0.160888 0.168875 50.1438 14
 316.500000 -0.535957 1.58566 0.712697 0.0559142 0.160888 0.168875 50.1438 14
 317.000000 -0.68025 1.30667 0.468666 1.10234 0.160888 0.168875 50.1438 14
 317.500000 -0.52224 1.45734 0.5256 1.39028 0.181013 0.168829 50.9558 14
 318.000000 -0.475665 1.47393 0.505909 1.35337 0.181013 0.168829 50.9558 14
 318.500000 -0.390146 1.59464 0.589134 1.33582 0.181013 0.168829 50.9558 14
 319.000000 -0.491735 1.61564 0.710969 0.0583813 0.181013 0.168829 50.9558 14
 319.500000 -0.585123 1.42861 0.544915 1.43582 0.181013 0.168829 50.9558 14
 320.000000 -0.49435 1.43477 0.470798 1.13929 0.194317 0.171409 51.9443 14
 320.500000 -0.816764 1.06497 0.269904 -1.75395 0.194317 0.171409 51.9443 14
 321.000000 -0.450101 1.57329 0.614735 1.16119 0.194317 0.171409 51.9443 14
 321.500000 -0.592144 1.34079 0.433384 0.819406 0.194317 0.171409 51.9443 14
 322.000000 -0.542897 1.33445 0.381559 0.15847 0.194317 0.171409 51.9443 14
 322.500000 -0.543378 1.42468 0.501165 1.33651 0.211797 0.171709 52.8278 14
 323.000000 -0.48231 1.69176 0.806356 -2.18913 0.211797 0.171709 52.8278 14
 323.500000 -0.77829 1.12528 0.315126 -0.931239 0.211797 0.171709 52.8278 14
 324.000000 -0.717783 1.35801 0.575599 1.36608 0.211797 0.171709 52.8278 14
 324.500000 -0.555595 1.47334 0.577892 1.35716 0.211797 0.171709 52.8278 14
 325.000000 -0.604642 1.47966 0.633371 0.995805 0.221506 0.170859 53.8253 14
 325.500000 -0.62505 1.33005 0.448942 0.989689 0.221506 0.170859 53.8253 14
 326.000000 -0.536889 1.56339 0.682955 0.482976 0.221506 0.170859 53.8253 14
 326.500000 -0.646372 1.39696 0.559835 1.41813 0.221506 0.170859 53.8253 14
 327.000000 -0.51531 1.34667 0.373804 0.0333532 0.221506 0.170859 53.8253 14
 327.500000 -0.735304 1.22137 0.404642 0.477414 0.223874 0.169691 54.6382 14
 328.000000 -0.670163 1.27302 0.413787 0.641418 0.223874 0.169691 54.6382 14
 328.500000 -0.568414 1.4117 0.506612 1.37774 0.223874 0.169691 54.6382 14
 329.000000 -0.640952 1.50052 0.698337 0.25208 0.223874 0.169691 54.6382 14
 329.500000 -0.506301 1.47494 0.534634 1.43279 0.223874 0.169691 54.6382 14
 330.000000 -0.62507 1.47946 0.653106 0.841431 0.230741 0.168653 55.6056 14
 330.500000 -0.496835 1.51403 0.57826 1.37195 0.230741 0.168653 55.6056 14
 331.000000 -0.462054 1.62994 0.702065 0.25679 0.230741 0.168653 55.6056 14
 331.500000 -0.693745 1.26028 0.41845 0.687455 0.230741 0.168653 55.6056 14
 332.000000 -0.5731 1.40901 0.507311 1.37268 0.230741 0.168653 55.6056 14
 332.500000 -0.534126 1.43698 0.509208 1.379 0.247816 0.168775 56.4474 14
 333.000000 -0.553974 1.4435 0.53608 1.44922 0.247816 0.168775 56.4474 14
 333.500000 -0.450795 1.6031 0.655279 0.841133 0.247816 0.168775 56.4474 14
 334.000000 -0.618758 1.41014 0.551492 1.44193 0.247816 0.168775 56.4474 14
 334.500000 -0.49905 1.49406 0.553563 1.43918 0.247816 0.168775 56.4474 14
 335.000000 -0.530749 1.56879 0.684435 0.490293 0.249991 0.167934 57.2652 14
 335.500000 -0.474062 1.5565 0.614251 1.20503 0.249991 0.167934 57.2652 14
 336.000000 -0.696509 1.27046 0.434789 0.877086 0.249991 0.167934 57.2652 14
 336.500000 -0.693299 1.21607 0.35868 -0.152141 0.249991 0.167934 57.2652 14
 337.000000 -0.690145 1.24264 0.391365 0.33897 0.249991 0.167934 57.2652 14
 337.500000 -0.683681 1.63497 0.93613 -6.72307 0.242093 0.167928 57.266 14
 338.000000 -0.588946 1.62849 0.825864 -2.60004 0.242093 0.167928 57.266 14
 338.500000 -0.589227 1.29824 0.374474 0.0932341 0.242093 0.167928 57.266 14
 339.000000 -0.808004 0.979515 0.149373 -5.13682 0.242093 0.167928 57.266 14
 339.500000 -0.637325 0.631462 -0.401505 -10.8764 0.242093 0.167928 57.266 14
 340.000000 -0.830691 0.549846 -0.359874 -11.4785 0.23425 0.167928 57.266 14
 340.500000 -0.713744 0.615911 -0.367765 -11.3065 0.23425 0.167928 57.266 14
 341.000000 -0.786797 0.678085 -0.242594 -12.1373 0.23425 0.167928 57.266 14
 341.500000 -1.00867 0.570388 -0.195127 -12.1233 0.23425 0.167928 57.266 14
 342.000000 -0.981116 0.66224 -0.105237 -11.7783 0.23425 0.167928 57.266 14
 342.500000 -0.849011 0.812804 -0.0286045 -10.494 0.226468 0.156733 57.2661 15
 343.000000 -1.03482 0.577304 -0.164589 -11.929 0.226468 0.156733 57.2661 15
 343.500000 -0.74137 0.668037 -0.288045 -11.8386 0.226468 0.156733 57.2661 15
 344.000000 -0.305664 0.525187 -0.690545 -0.891869 0.226468 0.156733 57.2661 15
 344.500000 -0.364889 0.736077 -0.445581 -9.08418 0.226468 0.156733 57.2661 15
 345.000000 -0.425969 0.503125 -0.658864 -1.53371 0.220079 0.155886 57.4122 15
 345.500000 0.144002 0.432362 -0.902966 -0.0458082 0.220079 0.155886 57.4122 15
 346.000000 -0.0197335 0.541687 -0.769871 0.180699 0.220079 0.155886 57.4122 15
 346.500000 -0.0547036 0.484213 -0.814701 0.396401 0.220079 0.155886 57.4122 15
 347.000000 -0.068155 0.698017 -0.607119 -2.64622 0.220079 0.155886 57.4122 15
 347.500000 -0.0454189 0.391255 -0.903613 -0.0533838 0.218251 0.156391 57.9693 15
 348.000000 0.0399587 0.592076 -0.737564 -0.154734 0.218251 0.156391 57.9693 15
 348.500000 -0.00105399 0.488314 -0.824156 0.40976 0.218251 0.156391 57.9693 15
 349.000000 0.0330992 0.510961 -0.810998 0.391062 0.218251 0.156391 57.9693 15
 349.500000 0.0321772 0.470216 -0.848279 0.379816 0.218251 0.156391 57.9693 15
 350.000000 0.0952968 0.464216 -0.866193 0.303472 0.218925 0.15662 58.6989 15
 350.500000 -0.0581524 0.654482 -0.652234 -1.63171 0.218925 0.15662 58.6989 15
 351.000000 0.210252 0.393071 -0.946717 -0.571872 0.218925 0.15662 58.6989 15
 351.500000 -0.0591994 0.614479 -0.690221 -0.881938 0.218925 0.15662 58.6989 15
 352.000000 -0.00390683 0.520363 -0.793714 0.355941 0.218925 0.15662 58.6989 15
 352.500000 0.295089 0.595186 -0.78019 0.273258 0.219344 0.156724 59.4155 15
 353.000000 -0.0642997 0.60709 -0.695776 -0.718966 0.219344 0.156724 59.4155 15
 353.500000 -0.00594866 0.478499 -0.832107 0.481655 0.219344 0.156724 59.4155 15
 354.000000 -0.140913 0.546803 -0.730019 -0.187735 0.219344 0.156724 59.4155 15
 354.500000 0.00365592 0.247544 -1.0456 -3.23016 0.219344 0.156724 59.4155 15
 355.000000 0.059923 0.485222 -0.840302 0.470843 0.221476 0.156769 60.2325 15
 355.500000 0.0972749 0.426978 -0.900195 0.130261 0.221476 0.156769 60.2325 15
 356.000000 0.196432 0.530017 -0.823882 0.523199 0.221476 0.156769 60.2325 15
 356.500000 0.0103631 0.589459 -0.732791 -0.136666 0.221476 0.156769 60.2325 15
 357.000000 0.153102 0.548516 -0.80039 0.468007 0.221476 0.156769 60.2325 15
 357.500000 0.218782 0.443622 -0.903245 0.0960951 0.220603 0.156905 60.8664 15
 358.000000 0.028868 0.501725 -0.818573 0.522987 0.220603 0.156905 60.8664 15
 358.500000 -0.228314 0.720558 -0.5254 -5.17733 0.220603 0.156905 60.8664 15
 359.000000 -0.880415 0.842988 0.0364438 -8.95679 0.220603 0.156905 60.8664 15
 359.500000 -0.679394 0.724019 -0.267166 -12.0083 0.220603 0.156905 60.8664 15
 360.000000 -1.18561 0.494448 -0.135673 -11.8173 0.213223 0.156905 60.8664 15
 360.500000 -0.744877 0.91228 0.0100266 -9.54001 0.213223 0.156905 60.8664 15
 361.000000 -0.766464 0.606122 -0.341767 -11.4559 0.213223 0.156905 60.8664 15
 361.500000 -0.812922 0.617493 -0.294387 -11.827 0.213223 0.156905 60.8664 15
 362.000000 -0.945469 0.723244 -0.059378 -10.9477 0.213223 0.156905 60.8664 15
 362.500000 -0.880831 0.682556 -0.163635 -11.8471 0.205897 0.156905 60.8664 15
 363.000000 -1.06255 0.621957 -0.0850812 -11.2745 0.205897 0.156905 60.8664 15
 363.500000 -0.737714 0.928501 0.0245094 -9.22563 0.205897 0.156905 60.8664 15
 364.000000 -0.767198 1.30491 0.550499 1.46809 0.205897 0.156905 60.8664 15
 364.500000 -0.686507 1.36149 0.549767 1.46881 0.205897 0.156905 60.8664 15
 365.000000 -0.608982 1.14027 0.186748 -3.83416 0.198752 0.15698 60.8819 15
 365.500000 -0.657042 1.37202 0.535841 1.47208 0.198752 0.15698 60.8819 15
 366.000000 -0.530629 1.59218 0.716483 0.0924028 0.198752 0.15698 60.8819 15
 366.500000 -0.566715 1.33237 0.399605 0.477995 0.198752 0.15698 60.8819 15
 367.000000 -0.393051 1.53325 0.511633 1.43249 0.198752 0.15698 60.8819 15
 367.500000 -0.703579 1.27234 0.443983 0.997107 0.207504 0.157117 61.8813 15
 368.000000 -0.767538 1.22046 0.433983 0.93218 0.207504 0.157117 61.8813 15
 368.500000 -0.606493 1.44523 0.5878 1.35497 0.207504 0.157117 61.8813 15
 369.000000 -0.700474 1.34396 0.539123 1.46595 0.207504 0.157117 61.8813 15
 369.500000 -0.545671 1.63378 0.789153 -1.52261 0.207504 0.157117 61.8813 15
 370.000000 -0.56317 1.29749 0.350806 -0.210893 0.205059 0.158187 62.3797 15
 370.500000 -0.358416 1.5684 0.527568 1.45068 0.205059 0.158187 62.3797 15
 371.000000 -0.336928 1.72879 0.717782 0.043426 0.205059 0.158187 62.3797 15
 371.500000 -0.559205 1.43885 0.534649 1.45499 0.205059 0.158187 62.3797 15
 372.000000 -0.491381 1.5257 0.588895 1.33947 0.205059 0.158187 62.3797 15
 372.500000 -0.563092 1.4146 0.505636 1.406 0.221402 0.158325 63.1642 15
 373.000000 -0.416067 1.61155 0.634668 1.04344 0.221402 0.158325 63.1642 15
 373.500000 -0.499335 1.73322 0.881237 -4.52983 0.221402 0.158325 63.1642 15
 374.000000 -0.672976 1.34712 0.516976 1.45797 0.221402 0.158325 63.1642 15
 374.500000 -0.524583 1.45622 0.526235 1.47034 0.221402 0.158325 63.1642 15
 375.000000 -0.617032 1.29665 0.397065 0.506479 0.223722 0.157489 63.999 15
 375.500000 -0.540369 1.38686 0.44823 1.10099 0.223722 0.157489 63.999 15
 376.000000 -0.566805 1.49481 0.617721 1.16661 0.223722 0.157489 63.999 15
 376.500000 -0.536868 1.55324 0.669008 0.706048 0.223722 0.157489 63.999 15
 377.000000 -0.703317 1.34278 0.540266 1.46949 0.223722 0.157489 63.999 15
 377.500000 -0.387745 1.57278 0.55844 1.4426 0.240252 0.157818 64.7416 15
 378.000000 -0.601879 1.21005 0.270346 -1.61431 0.240252 0.157818 64.7416 15
 378.500000 -0.410631 1.66975 0.707323 0.174515 0.240252 0.157818 64.7416 15
 379.000000 -0.633809 1.44313 0.611301 1.22612 0.240252 0.157818 64.7416 15
 379.500000 -0.601311 1.25258 0.32515 -0.555832 0.240252 0.157818 64.7416 15
 380.000000 -0.70479 1.50877 0.775714 -1.23423 0.234883 0.157343 64.9373 15
 380.500000 -0.734166 1.2703 0.470277 1.26762 0.234883 0.157343 64.9373 15
 381.000000 -0.615222 1.43433 0.581225 1.39307 0.234883 0.157343 64.9373 15
 381.500000 -0.709846 1.3864 0.607363 1.25323 0.234883 0.157343 64.9373 15
 382.000000 -0.526037 1.51472 0.606258 1.26023 0.234883 0.157343 64.9373 15
 382.500000 -0.508459 1.4337 0.481842 1.34033 0.248721 0.157991 65.8149 15
 383.000000 -0.740313 1.09448 0.239883 -2.33846 0.248721 0.157991 65.8149 15
 383.500000 -0.752039 0.791386 -0.133281 -11.7558 0.248721 0.157991 65.8149 15
 384.000000 -1.04963 0.577881 -0.151219 -11.8022 0.248721 0.157991 65.8149 15
 384.500000 -0.727286 0.693863 -0.268075 -12.0465 0.248721 0.157991 65.8149 15
 385.000000 -0.91641 0.74227 -0.0602801 -11.6142 0.241849 0.157991 65.8149 15
 385.500000 -0.857087 0.597067 -0.284889 -11.9654 0.241849 0.157991 65.8149 15
 386.000000 -0.977483 0.614942 -0.166763 -11.8317 0.241849 0.157991 65.8149 15
 386.500000 -0.963813 0.6964 -0.0773528 -11.5757 0.241849 0.157991 65.8149 15
 387.000000 -0.937762 0.576081 -0.24642 -12.097 0.241849 0.157991 65.8149 15
 387.500000 -0.990179 0.698406 -0.0520414 -11.4354 0.235023 0.157991 65.8149 15
 388.000000 -0.681016 0.747398 -0.238687 -12.097 0.235023 0.157991 65.8149 15
 388.500000 -0.652975 0.658886 -0.360231 -11.3739 0.235023 0.157991 65.8149 15
 389.000000 -1.08994 0.616684 -0.0675199 -11.4344 0.235023 0.157991 65.8149 15
 389.500000 -0.664636 0.628737 -0.386577 -10.9425 0.235023 0.157991 65.8149 15
 390.000000 -0.780767 0.749535 -0.161675 -11.7822 0.228243 0.157991 65.8149 15
 390.500000 -0.683991 0.680646 -0.314187 -11.7626 0.228243 0.157991 65.8149 15
 391.000000 -0.882396 0.669552 -0.178198 -11.7615 0.228243 0.157991 65.8149 15
 391.500000 -1.04345 0.563163 -0.17461 -11.7424 0.228243 0.157991 65.8149 15
 392.000000 -0.714843 0.75903 -0.200312 -11.8807 0.228243 0.157991 65.8149 15
 392.500000 -0.95995 0.70537 -0.0694141 -11.4105 0.221509 0.157991 65.8149 15
 393.000000 -0.828576 0.813716 -0.0444823 -11.1533 0.221509 0.157991 65.8149 15
 393.500000 -0.838755 0.519863 -0.388421 -10.8972 0.221509 0.157991 65.8149 15
 394.000000 -0.824027 0.547137 -0.367906 -11.2787 0.221509 0.157991 65.8149 15
 394.500000 -1.02822 0.498969 -0.26508 -12.0168 0.221509 0.157991 65.8149 15
 395.000000 -0.541011 0.624554 -0.468861 -7.54768 0.214823 0.157993 65.8153 15
 395.500000 -0.661475 0.654735 -0.359241 -10.7881 0.214823 0.157993 65.8153 15
 396.000000 -0.664996 0.787244 -0.20331 -11.8852 0.214823 0.157993 65.8153 15
 396.500000 -0.67183 1.07082 0.150275 -5.00103 0.214823 0.157993 65.8153 15
 397.000000 -0.76699 0.892381 0.00319621 -9.92531 0.214823 0.157993 65.8153 15
 397.500000 -0.610569 1.23039 0.3042 -0.944552 0.210267 0.157598 66.0706 15
 398.000000 -0.588827 1.54669 0.710789 0.101469 0.210267 0.157598 66.0706 15
 398.500000 -0.549168 1.3373 0.390737 0.473624 0.210267 0.157598 66.0706 15
 399.000000 -0.712194 1.20064 0.355307 -0.0391026 0.210267 0.157598 66.0706 15
 399.500000 -0.711391 0.815889 -0.134813 -11.4973 0.210267 0.157598 66.0706 15
 400.000000 -0.74075 0.853383 -0.0663845 -11.2933 0.203667 0.157598 66.0706 15
 400.500000 -0.601298 0.712981 -0.333043 -11.308 0.203667 0.157598 66.0706 15
 401.000000 -0.898129 0.726115 -0.0958252 -11.2658 0.203667 0.157598 66.0706 15
 401.500000 -0.694315 0.700629 -0.28382 -11.9341 0.203667 0.157598 66.0706 15
 402.000000 -0.843188 0.764351 -0.0938112 -11.2599 0.203667 0.157598 66.0706 15
 402.500000 -0.96267 0.569078 -0.234679 -12.0181 0.197109 0.147748 66.0706 16
 403.000000 -0.584951 0.646101 -0.418537 -9.27314 0.197109 0.147748 66.0706 16
 403.500000 -0.993134 0.648227 -0.112415 -11.2594 0.197109 0.147748 66.0706 16
 404.000000 -1.09235 0.680476 0.0161929 -9.37228 0.197109 0.147748 66.0706 16
 404.500000 -0.635839 0.793065 -0.21723 -11.7975 0.197109 0.147748 66.0706 16
 405.000000 -0.316948 0.471507 -0.739428 -0.0940102 0.195468 0.149009 66.6103 16
 405.500000 0.102003 0.492172 -0.842109 0.477618 0.195468 0.149009 66.6103 16
 406.000000 0.127757 0.356182 -0.968616 -0.966777 0.195468 0.149009 66.6103 16
 406.500000 0.217371 0.642387 -0.727422 -0.204612 0.195468 0.149009 66.6103 16
 407.000000 0.0864146 0.374442 -0.945718 -0.514598 0.195468 0.149009 66.6103 16
 407.500000 0.306662 0.442336 -0.913571 -0.0299231 0.194165 0.148653 67.18 16
 408.000000 -0.00412239 0.512137 -0.801313 0.441087 0.194165 0.148653 67.18 16
 408.500000 0.107092 0.423306 -0.905178 0.111917 0.194165 0.148653 67.18 16
 409.000000 0.144073 0.520855 -0.823687 0.495158 0.194165 0.148653 67.18 16
 409.500000 0.002351 0.514563 -0.800608 0.438284 0.194165 0.148653 67.18 16
 410.000000 -0.140778 0.508924 -0.766519 0.223902 0.194359 0.15061 67.8719 16
 410.500000 -0.268811 0.526335 -0.704296 -0.483571 0.194359 0.15061 67.8719 16
 411.000000 -0.254899 0.596883 -0.639462 -1.80416 0.194359 0.15061 67.8719 16
 411.500000 -0.191632 0.683608 -0.577571 -3.63884 0.194359 0.15061 67.8719 16
 412.000000 0.180611 0.448665 -0.893791 0.210106 0.194359 0.15061 67.8719 16
 412.500000 0.0637967 0.554301 -0.777824 0.342539 0.195376 0.152245 68.6247 16
 413.000000 0.359494 0.576054 -0.803813 0.490822 0.195376 0.152245 68.6247 16
 413.500000 0.0379431 0.505706 -0.816901 0.514024 0.195376 0.152245 68.6247 16
 414.000000 -0.0915349 0.516073 -0.774524 0.358173 0.195376 0.152245 68.6247 16
 414.500000 0.303119 0.506249 -0.858069 0.443626 0.195376 0.152245 68.6247 16
 415.000000 0.120424 0.453793 -0.879979 0.316562 0.196191 0.152533 69.3664 15
 415.500000 0.139439 0.499743 -0.841866 0.589925 0.196191 0.152533 69.3664 15
 416.000000 -0.0473256 0.515565 -0.78721 0.478915 0.196191 0.152533 69.3664 15
 416.500000 0.0603864 0.382411 -0.93394 -0.170142 0.196191 0.152533 69.3664 15
 417.000000 -0.0803946 0.503244 -0.789841 0.493315 0.196191 0.152533 69.3664 15
 417.500000 0.166567 0.486261 -0.858291 0.543808 0.198802 0.152266 70.2215 15
 418.000000 0.0389475 0.675103 -0.659907 -1.32455 0.198802 0.152266 70.2215 15
 418.500000 0.00694317 0.4617 -0.850597 0.609568 0.198802 0.152266 70.2215 15
 419.000000 0.114646 0.505765 -0.832116 0.63564 0.198802 0.152266 70.2215 15
 419.500000 0.0757514 0.530941 -0.801742 0.575332 0.198802 0.152266 70.2215 15
 420.000000 0.0147376 0.472704 -0.84219 0.627424 0.202141 0.152095 71.1163 15
 420.500000 0.118732 0.395581 -0.931982 -0.0732982 0.202141 0.152095 71.1163 15
 421.000000 -0.0560925 0.573514 -0.730105 -0.042145 0.202141 0.152095 71.1163 15
 421.500000 0.106368 0.378446 -0.945397 -0.290817 0.202141 0.152095 71.1163 15
 422.000000 0.279038 0.450148 -0.904223 0.287161 0.202141 0.152095 71.1163 15
 422.500000 -0.00183165 0.457732 -0.852275 0.643195 0.205578 0.151847 72.0192 15
 423.000000 -0.0215512 0.647123 -0.669978 -1.13059 0.205578 0.151847 72.0192 15
 423.500000 -0.0313325 0.454722 -0.848121 0.692234 0.205578 0.151847 72.0192 15
 424.000000 -0.195919 0.552758 -0.705551 -0.426 0.205578 0.151847 72.0192 15
 424.500000 -0.0256975 0.460961 -0.843687 0.700607 0.205578 0.151847 72.0192 15
 425.000000 0.026137 0.502458 -0.81729 0.690101 0.209419 0.151924 72.9427 15
 425.500000 0.0492085 0.506811 -0.818309 0.72886 0.209419 0.151924 72.9427 15
 426.000000 -0.144683 0.539815 -0.735546 0.0646224 0.209419 0.151924 72.9427 15
 426.500000 -0.148425 0.604426 -0.671595 -1.08487 0.209419 0.151924 72.9427 15
 427.000000 -0.870419 0.578799 -0.29617 -11.8135 0.209419 0.151924 72.9427 15
 427.500000 -0.882859 0.744913 -0.0851871 -11.266 0.203265 0.151924 72.9427 15
 428.000000 -0.740764 1.0067 0.126297 -5.70438 0.203265 0.151924 72.9427 15
 428.500000 -0.646913 1.31721 0.451804 1.12541 0.203265 0.151924 72.9427 15
 429.000000 -0.625628 1.35212 0.479184 1.32286 0.203265 0.151924 72.9427 15
 429.500000 -0.547011 1.35244 0.408721 0.673795 0.203265 0.151924 72.9427 15
 430.000000 -0.738264 1.24977 0.446092 1.07485 0.211709 0.152388 73.9386 15
 430.500000 -0.55896 1.43867 0.534184 1.46838 0.211709 0.152388 73.9386 15
 431.000000 -0.591012 1.35123 0.446277 1.104 0.211709 0.152388 73.9386 15
 431.500000 -0.714649 1.3245 0.526029 1.4688 0.211709 0.152388 73.9386 15
 432.000000 -0.380285 1.62934 0.625949 1.05525 0.211709 0.152388 73.9386 15
 432.500000 -0.565179 1.57628 0.728487 -0.252612 0.209455 0.154435 74.4236 15
 433.000000 -0.453312 1.79574 0.921387 -5.83364 0.209455 0.154435 74.4236 15
 433.500000 -0.441202 1.56627 0.597305 1.24029 0.209455 0.154435 74.4236 15
 434.000000 -0.520311 1.24298 0.244914 -2.1857 0.209455 0.154435 74.4236 15
 434.500000 -0.663975 1.45171 0.652995 0.800407 0.209455 0.154435 74.4236 15
 435.000000 -0.599334 0.988483 -0.0100995 -10.4018 0.203413 0.154435 74.4237 15
 435.500000 -0.490261 1.53803 0.60441 1.1964 0.203413 0.154435 74.4237 15
 436.000000 -0.472155 1.58073 0.645062 0.876928 0.203413 0.154435 74.4237 15
 436.500000 -0.569539 1.4987 0.625656 1.04408 0.203413 0.154435 74.4237 15
 437.000000 -0.585188 1.36609 0.460842 1.20361 0.203413 0.154435 74.4237 15
 437.500000 -0.615816 1.41677 0.557763 1.41401 0.217419 0.154796 75.1839 15
 438.000000 -0.490235 1.4099 0.434626 0.9681 0.217419 0.154796 75.1839 15
 438.500000 -0.745862 1.22329 0.417208 0.779597 0.217419 0.154796 75.1839 15
 439.000000 -0.485785 1.54782 0.613428 1.15176 0.217419 0.154796 75.1839 15
 439.500000 -0.68089 1.34475 0.521303 1.46708 0.217419 0.154796 75.1839 15
 440.000000 -0.622593 1.43265 0.585998 1.32447 0.229404 0.156339 76.0605 15
 440.500000 -0.781566 1.13508 0.331325 -0.50681 0.229404 0.156339 76.0605 15
 441.000000 -0.637703 1.43381 0.602222 1.25288 0.229404 0.156339 76.0605 15
 441.500000 -0.407489 1.45867 0.427674 0.873242 0.229404 0.156339 76.0605 15
 442.000000 -0.707014 1.34523 0.547258 1.4641 0.229404 0.156339 76.0605 15
 442.500000 -0.650787 1.25322 0.369698 0.117644 0.228778 0.157899 76.7048 15
 443.000000 -0.686545 1.28856 0.449997 1.08392 0.228778 0.157899 76.7048 15
 443.500000 -0.531108 1.44827 0.521543 1.44868 0.228778 0.157899 76.7048 15
 444.000000 -0.515327 1.40899 0.455306 1.12814 0.228778 0.157899 76.7048 15
 444.500000 -0.58599 1.41526 0.527655 1.45524 0.228778 0.157899 76.7048 15
 445.000000 -0.541194 1.46928 0.558995 1.42822 0.242322 0.158292 77.4628 15
 445.500000 -0.446437 1.56097 0.594995 1.29979 0.242322 0.158292 77.4628 15
 446.000000 -0.581189 1.54822 0.705351 0.121707 0.242322 0.158292 77.4628 15
 446.500000 -0.593016 1.52697 0.687504 0.389685 0.242322 0.158292 77.4628 15
 447.000000 -0.487421 1.53102 0.592389 1.31465 0.242322 0.158292 77.4628 15
 447.500000 -0.599746 1.41925 0.54593 1.47141 0.256364 0.158435 78.1691 15
 448.000000 -0.435973 1.45136 0.442123 0.997475 0.256364 0.158435 78.1691 15
 448.500000 -0.65921 1.41091 0.591513 1.33282 0.256364 0.158435 78.1691 15
 449.000000 -0.506312 1.48843 0.55266 1.48091 0.256364 0.158435 78.1691 15
 449.500000 -0.577732 1.48083 0.609041 1.2183 0.256364 0.158435 78.1691 15
 450.000000 -0.492141 1.45118 0.490467 1.37096 0.268203 0.158895 79.0227 15
 450.500000 -0.497981 1.55014 0.627895 1.04921 0.268203 0.158895 79.0227 15
 451.000000 -0.487299 1.44346 0.476045 1.30728 0.268203 0.158895 79.0227 15
 451.500000 -0.39323 1.56739 0.556196 1.47876 0.268203 0.158895 79.0227 15
 452.000000 -0.606945 1.40692 0.535948 1.5063 0.268203 0.158895 79.0227 15
 452.500000 -0.715866 1.66719 1.01958 -9.21639 0.262406 0.148965 79.0228 16
 453.000000 -0.581223 1.42698 0.539061 1.56561 0.262406 0.148965 79.0228 16
 453.500000 -0.623571 1.4451 0.604083 1.30368 0.262406 0.148965 79.0228 16
 454.000000 -0.45486 1.61239 0.671556 0.632495 0.262406 0.148965 79.0228 16
 454.500000 -0.519929 1.7683 0.952156 -7.18178 0.262406 0.148965 79.0228 16
 455.000000 -0.497368 1.53741 0.61016 1.25865 0.272175 0.149164 79.9702 16
 455.500000 -0.559937 1.45691 0.559703 1.53458 0.272175 0.149164 79.9702 16
 456.000000 -0.640148 1.23722 0.339021 -0.323353 0.272175 0.149164 79.9702 16
 456.500000 -0.454635 1.47214 0.485141 1.41259 0.272175 0.149164 79.9702 16
 457.000000 -0.582134 1.35892 0.448514 1.1285 0.272175 0.149164 79.9702 16
 457.500000 -0.558306 1.46267 0.565973 1.51669 0.286198 0.14972 80.6345 16
 458.000000 -0.592926 1.44496 0.574498 1.50651 0.286198 0.14972 80.6345 16
 458.500000 -0.654154 1.43882 0.625271 1.17598 0.286198 0.14972 80.6345 16
 459.000000 -0.60077 1.38584 0.501648 1.50075 0.286198 0.14972 80.6345 16
 459.500000 -0.536451 1.43927 0.514367 1.54651 0.286198 0.14972 80.6345 16
 460.000000 -0.516381 1.58631 0.694578 0.333715 0.286474 0.153259 81.3661 16
 460.500000 -0.677038 1.27735 0.425968 0.84676 0.286474 0.153259 81.3661 16
 461.000000 -0.500758 1.33797 0.350262 -0.196999 0.286474 0.153259 81.3661 16
 461.500000 -0.603506 1.28523 0.369924 0.102492 0.286474 0.153259 81.3661 16
 462.000000 -0.74322 0.8921 -0.0165085 -10.5869 0.286474 0.153259 81.3661 16
 462.500000 -0.705113 0.631026 -0.356479 -11.0721 0.280809 0.153259 81.3661 16
 463.000000 -0.869178 0.617609 -0.251173 -12.0603 0.280809 0.153259 81.3661 16
 463.500000 -0.996962 0.573698 -0.200866 -11.945 0.280809 0.153259 81.3661 16
 464.000000 -0.552785 0.653476 -0.43014 -9.81397 0.280809 0.153259 81.3661 16
 464.500000 -0.773772 0.623396 -0.316463 -11.6055 0.280809 0.153259 81.3661 16
 465.000000 -0.504268 0.542796 -0.577386 -4.01191 0.275252 0.144366 81.3786 17
 465.500000 -0.779885 0.573509 -0.369641 -10.6376 0.275252 0.144366 81.3786 17
 466.000000 -0.971576 0.573837 -0.221668 -11.9792 0.275252 0.144366 81.3786 17
 466.500000 -0.290512 0.515239 -0.706681 -0.48831 0.275252 0.144366 81.3786 17
 467.000000 0.0677418 0.501385 -0.827119 0.63968 0.275252 0.144366 81.3786 17
 467.500000 -0.058153 0.597501 -0.706717 -0.48768 0.272266 0.143726 81.7584 17
 468.000000 0.0216962 0.513277 -0.806301 0.596799 0.272266 0.143726 81.7584 17
 468.500000 0.114861 0.480577 -0.854898 0.60568 0.272266 0.143726 81.7584 17
 469.000000 0.160834 0.452901 -0.88717 0.412323 0.272266 0.143726 81.7584 17
 469.500000 -0.198913 0.589887 -0.66797 -1.18162 0.272266 0.143726 81.7584 17
 470.000000 -0.657822 0.567755 -0.459259 -8.13954 0.266696 0.143726 81.7586 17
 470.500000 -0.624564 0.795583 -0.222188 -11.9786 0.266696 0.143726 81.7586 17
 471.000000 -0.226597 0.574728 -0.672616 -1.08197 0.266696 0.143726 81.7586 17
 471.500000 0.118823 0.540696 -0.801289 0.576286 0.266696 0.143726 81.7586 17
 472.000000 0.209734 0.424978 -0.918553 0.0651846 0.266696 0.143726 81.7586 17
 472.500000 0.00808585 0.549493 -0.769509 0.365566 0.26727 0.144367 82.5087 17
 473.000000 0.263629 0.452013 -0.901017 0.273233 0.26727 0.144367 82.5087 17
 473.500000 -0.0428441 0.559804 -0.746749 0.175477 0.26727 0.144367 82.5087 17
 474.000000 -0.0581474 0.592986 -0.711016 -0.313832 0.26727 0.144367 82.5087 17
 474.500000 -0.0706931 0.546042 -0.752038 0.233483 0.26727 0.144367 82.5087 17
 475.000000 0.262405 0.490933 -0.866957 0.551883 0.269078 0.14406 83.352 17
 475.500000 0.0427529 0.511436 -0.812675 0.657378 0.269078 0.14406 83.352 17
 476.000000 0.307124 0.472522 -0.887573 0.445144 0.269078 0.14406 83.352 17
 476.500000 -0.0475338 0.571718 -0.7342 0.0234195 0.269078 0.14406 83.352 17
 477.000000 -0.100121 0.517064 -0.771085 0.423986 0.269078 0.14406 83.352 17
 477.500000 -0.132663 0.641876 -0.640394 -1.83369 0.264269 0.137196 83.4604 18
 478.000000 0.0684747 0.575673 -0.759198 0.360106 0.264269 0.137196 83.4604 18
 478.500000 0.069592 0.475316 -0.851267 0.699474 0.264269 0.137196 83.4604 18
 479.000000 0.365374 0.578989 -0.801887 0.664926 0.264269 0.137196 83.4604 18
 479.500000 0.0653697 0.517777 -0.811647 0.699674 0.264269 0.137196 83.4604 18
 480.000000 0.0122843 0.442001 -0.869922 0.617682 0.26657 0.136852 84.3362 18
 480.500000 -0.210713 0.5934 -0.660117 -1.28258 0.26657 0.136852 84.3362 18
 481.000000 0.192154 0.475642 -0.871481 0.647768 0.26657 0.136852 84.3362 18
 481.500000 0.0529057 0.593777 -0.73901 0.133446 0.26657 0.136852 84.3362 18
 482.000000 -0.0200605 0.615464 -0.700382 -0.460227 0.26657 0.136852 84.3362 18
 482.500000 -0.365317 0.57271 -0.616151 -2.41643 0.261522 0.144356 84.3976 17
 483.000000 0.0977975 0.540805 -0.797167 0.613288 0.261522 0.144356 84.3976 17
 483.500000 0.171305 0.492686 -0.853287 0.678496 0.261522 0.144356 84.3976 17
 484.000000 -0.00990147 0.560761 -0.754517 0.267992 0.261522 0.144356 84.3976 17
 484.500000 0.288375 0.56685 -0.803953 0.645459 0.261522 0.144356 84.3976 17
 485.000000 0.148311 0.412259 -0.921563 0.0998094 0.260718 0.145134 85.0219 18
 485.500000 -0.0741073 0.601065 -0.698624 -0.548807 0.260718 0.145134 85.0219 18
 486.000000 -0.0883094 0.526825 -0.765241 0.368841 0.260718 0.145134 85.0219 18
 486.500000 -0.269415 0.630436 -0.59968 -2.8694 0.260718 0.145134 85.0219 18
 487.000000 -0.0595195 0.489672 -0.808311 0.656429 0.260718 0.145134 85.0219 18
 487.500000 -0.117095 0.526629 -0.756883 0.284586 0.260848 0.145191 85.7377 18
 488.000000 0.0145788 0.486653 -0.829284 0.710223 0.260848 0.145191 85.7377 18
 488.500000 0.151372 0.455879 -0.883079 0.527312 0.260848 0.145191 85.7377 18
 489.000000 0.199978 0.565753 -0.792694 0.599797 0.260848 0.145191 85.7377 18
 489.500000 0.0493598 0.454483 -0.866252 0.630514 0.260848 0.145191 85.7377 18
 490.000000 0.163193 0.414228 -0.921949 0.121338 0.260155 0.14504 86.3749 18
 490.500000 0.192136 0.560304 -0.796306 0.617366 0.260155 0.14504 86.3749 18
 491.000000 0.186126 0.553034 -0.801825 0.643382 0.260155 0.14504 86.3749 18
 491.500000 -0.0762172 0.508889 -0.785668 0.55598 0.260155 0.14504 86.3749 18
 492.000000 0.143083 0.447908 -0.888922 0.501378 0.260155 0.14504 86.3749 18
 492.500000 0.163283 0.439245 -0.899698 0.407897 0.260997 0.143649 87.1551 17
 493.000000 0.229121 0.414104 -0.930393 0.134195 0.260997 0.143649 87.1551 17
 493.500000 -0.101553 0.496806 -0.789922 0.611044 0.260997 0.143649 87.1551 17
 494.000000 0.0865173 0.526468 -0.807994 0.70589 0.260997 0.143649 87.1551 17
 494.500000 0.298352 0.54991 -0.819807 0.74487 0.260997 0.143649 87.1551 17
 495.000000 -0.222314 0.533792 -0.714609 -0.223475 0.258974 0.143201 87.6414 17
 495.500000 0.107329 0.434555 -0.895088 0.530483 0.258974 0.143201 87.6414 17
 496.000000 0.208257 0.51153 -0.841973 0.768159 0.258974 0.143201 87.6414 17
 496.500000 -0.130016 0.524127 -0.755298 0.336739 0.258974 0.143201 87.6414 17
 497.000000 0.0189639 0.548149 -0.773365 0.502395 0.258974 0.143201 87.6414 17
 497.500000 -0.0195257 0.455342 -0.850376 0.758005 0.262356 0.142928 88.5826 17
 498.000000 0.250618 0.627491 -0.745861 0.243627 0.262356 0.142928 88.5826 17
 498.500000 0.189676 0.528549 -0.824166 0.787325 0.262356 0.142928 88.5826 17
 499.000000 0.146489 0.480017 -0.860719 0.764942 0.262356 0.142928 88.5826 17
 499.500000 -0.00613997 0.445173 -0.862896 0.757465 0.262356 0.142928 88.5826 17
 500.000000 0.223085 0.55137 -0.808887 0.741619 0.265554 0.143042 89.5184 17
