#! FIELDS time cv.node-0 sigma_cv.node-0 height logweight
#! SET action OPES_METAD_kernels
#! SET biasfactor                      16
#! SET epsilon   3.872940653519386e-08
#! SET kernel_cutoff       5.842373946721771
#! SET compression_threshold                       1
                     25     0.5718917846679688     0.0931717924622531  1.062430625987055e-07                    -16
                   27.5    0.09730112552642822    0.09036467085570155  5.085558234312937e-06     -12.16216106743802
                     30     0.4682945013046265     0.0861380877566805    0.02910809156733936     -3.557696098028005
                   32.5     0.9603709578514099    0.08659716553925748  3.486725189096014e-07     -14.88477430739111
                     35     0.7311532497406006    0.08384352408502278    0.03376305250646484     -3.436344637785438
                   37.5      0.162913516163826    0.08125102755344007   0.005350351197067452     -5.309958303410935
                     40     0.5310996174812317    0.07001915998943332      1.675046829361401     0.2877013460098209
                   42.5      0.283990353345871    0.06852197417888453    0.02208487138381101     -4.062616668317343
                     45     0.2944199740886688    0.06626751807419287      0.128543575702478     -2.334696163368128
                   47.5     0.5281538367271423    0.06471083037903479      5.402361815040594      1.379856116971573
                     50     0.4005671739578247    0.06125750833655454      1.121698183357087    -0.2469784963134704
                   52.5      0.694486141204834    0.05963677180966837     0.3307335676976983      -1.49507849410682
                     55      0.347034215927124     0.0569210794284012     0.9429513902220507    -0.4939835041291668
                   57.5      1.223464012145996    0.05645188245319564  1.822800274766419e-07     -15.96124177794123
                     60     0.6489736437797546    0.05379418063607659      1.524414733694299   -0.07013284552124514
                   62.5    -0.8348455429077148    0.06155861423183871  1.608037591899035e-07                    -16
                     65    -0.8150068521499634    0.07748231115106624  3.713172992735726e-07     -14.93306791409324
                   67.5    -0.7636747360229492    0.08828769472022228  6.443774969039597e-07     -14.25128906243747
                     70     -0.928869903087616    0.09525195818075358  5.147851345429569e-07     -14.39989936113227
                   72.5    -0.8887370228767395    0.09994286562897023  1.504213130394532e-06     -13.27955064987404
                     75    -0.8472946286201477     0.1030232286114745   3.34044170256163e-06     -12.45136172557537
                   77.5    -0.7571097016334534     0.1049159775597343  4.483382526735822e-06     -12.13888164747514
                     80    -0.7383468151092529      0.106056996959808  8.606118026582159e-06     -11.47596924785692
                   82.5    -0.8257872462272644     0.1066857409878105  1.669708973766257e-05     -10.80729730346935
                     85    -0.7961118221282959     0.1069638071142642  3.167340431765374e-05     -10.16445137919968
                   87.5    -0.8274711966514587     0.1067014220381432  5.543602023406046e-05     -9.607155200532894
                     90    -0.8093491196632385     0.1064484165024469  0.0001001409038890247     -9.018180504561643
                   92.5    -0.8432655334472656     0.1059558809425032  0.0001683246802917464     -8.503501728375095
                     95    -0.8356038928031921     0.1052835187161788  0.0002976086865939426     -7.939982872568335
                   97.5    -0.7681428194046021     0.1045124820654862  0.0004391427872307535     -7.558288127683129
                    100    -0.8700006008148193     0.1037240410683131  0.0006972630355332125      -7.10352261019588
                  102.5    -0.8756500482559204     0.1028124628859971   0.001199724572848841     -6.569665386621473
                    105    -0.7402052283287048     0.1018702327469302   0.001345905573550678     -6.463897123691743
                  107.5      -0.84223473072052     0.1008962346628908   0.002919561213629982     -5.699138029583874
                    110    -0.7464810609817505    0.09994578749790894   0.003870393647130758     -5.426679840979544
                  112.5    -0.8085264563560486    0.09899048021404493   0.007313196148292834     -4.799959880567289
                    115    -0.9020735025405884    0.09808735353038452    0.00802692470651007     -4.716004051142847
                  117.5    -0.8492454290390015    0.09710006895810488    0.01665023118128401     -3.996497787852429
                    120    -0.8033885955810547    0.09605320765605541    0.02550403730072243     -3.580924924919468
                  122.5    -0.8322124481201172    0.09497749635805271    0.04176095487996723     -3.099062182106528
                    125    -0.8747795224189758    0.09383353369577889    0.05975947851809815     -2.752813865690371
                  127.5    -0.8811741471290588    0.09257417096042768    0.09389630165310706     -2.314462803564124
                    130    -0.7497989535331726    0.09136341764833705    0.08798970580562204     -2.392598992470329
                  132.5    -0.8891882300376892    0.08986190149749375     0.1802303434192359     -1.692154191880022
                    135    -0.8497873544692993    0.08802521462228972     0.3031229534635422     -1.192902160973869
                  137.5      -0.87436443567276    0.08585031254042834     0.4698735919948996    -0.7795950412124467
                    140   -0.09822463989257812    0.08566957848981219  3.389498251521662e-05     -10.31865447256532
                  142.5     -0.291178971529007    0.08568359485594096  4.307649446049032e-06     -12.38136548817182
                    145    -0.8112788796424866    0.08335079835124551     0.7821523654842283    -0.2995562246282755
                  147.5    -0.7432839274406433    0.08101884931064116     0.7985738208238843    -0.3071547265241414
                    150    -0.8230070471763611    0.07823074001391288      1.578986665736756     0.3395372601674254
                  152.5    -0.7996242642402649    0.07568427431820349      2.221200606428259     0.6477095699516096
                    155    -0.7544703483581543     0.0735618382833411      2.805515402236966     0.8528049604547996
                  157.5     -0.834796130657196    0.07202962629827718      3.868099804098794      1.152932195078106
                    160    -0.8308119177818298    0.07095583655788985      4.946302064858316      1.383789207549304
                  162.5    -0.8380622267723083    0.06991518167005484      5.712420786350627      1.513017010898035
                    165     -0.375583291053772    0.06943305957741684  6.003159726507268e-06     -12.25977018482822
                  167.5    -0.1673114448785782    0.06938337424734597  1.783657403234226e-05     -11.17152090858195
                    170     -0.263310432434082    0.06937752103778672    1.3820445032468e-05      -11.4267073228289
                  172.5    -0.3704195916652679    0.06925699492876292  1.411654770403899e-05     -11.40724739834191
                    175     0.2887918949127197    0.06886370210243294     0.3704150943501932     -1.237910501782882
                  177.5     0.9938827157020569    0.07347949269823505  4.771198280065747e-07     -14.73540050490833
                    180     0.9292428493499756    0.07771768194685283  2.979488868376116e-05     -10.54499959691102
                  182.5     0.4645580053329468    0.07846938832648664      1.512887417616665     0.2998199176778067
                    185     0.8169860243797302    0.07966388432155323    0.01848040571697905     -4.090136616243494
                  187.5     0.6117042899131775    0.07926113327310201      1.476408695537761     0.2854517722425831
                    190     0.6167659759521484    0.07836997932358025      1.777134049037433     0.4595342237126181
                  192.5     0.5695216655731201    0.07730254883927457       2.58551393561197     0.8207425357051098
                    195     0.4536305367946625    0.07636512491275736      1.920318145243654     0.5111082892794117
                  197.5     0.6337711215019226    0.07538807168497227      2.175559110048006     0.6230260601958852
                    200     0.3773809671401978    0.07463076570688133      1.167975633289148  -0.009083842024942366
                  202.5     0.5963261723518372     0.0735115897847111      3.005743634369489     0.9210593855512952
                    205     0.5957286357879639    0.07255246594454831      3.369555528091063      1.022182117796135
                  207.5     0.3670165836811066    0.07183503839504138      1.108749374189228   -0.09930364827107868
                    210     0.4092174768447876    0.07092119500690842      1.728224579648523     0.3317552627094299
                  212.5     0.4132818877696991    0.06998067991482103      2.031108050288056      0.479891989020705
                    215     0.5268920063972473     0.0690966791285714      3.437339410973693     0.9932957203563716
                  217.5    -0.4197130799293518    0.06882178361982469  4.299962064028243e-05      -10.2997076428578
                    220    -0.8156019449234009    0.06980280863702377      3.842584728214851      1.114910798347363
                  222.5    -0.7116117477416992    0.06975184687576258      1.812876871085023      0.362950218428119
                    225     -0.836897611618042    0.07023224403220803      3.941762170915317      1.146526701664973
                  227.5    -0.3435501456260681    0.07062513398044021  1.984198054947275e-05      -11.0472332439099
                    230    -0.1283823698759079    0.07030422427975874  1.970097011639979e-05     -11.05891948804151
                  232.5     0.9169445633888245    0.07004026276936497   0.003095098511628875     -6.005773980390254
                    235     0.6787277460098267    0.06966521845338187      1.738353765258943     0.3197310333547043
                  237.5     0.6771182417869568    0.06929721442070175      2.063377485805663     0.4858402104160244
                    240     0.4853143095970154     0.0686162322563848      3.053873628716646     0.8680312601192781
                  242.5     0.6386085152626038     0.0679966946217356      3.106904336469637     0.8761772403140831
                    245     0.5393648147583008    0.06737737875752721       3.91755206926209      1.098867626016164
                  247.5     0.5318317413330078    0.06674424166801682      4.194245180727092        1.1576727216267
                    250     0.4555191397666931    0.06607546601601784      3.216722821596467     0.8822519018858477
                  252.5      0.525521457195282    0.06548273539003217      4.667692059015266      1.245542574373066
                    255     0.5682827830314636    0.06492704285899099      4.821191359448838      1.269376594055152
                  257.5     0.6257198452949524    0.06430709583654469      3.941721574709843      1.058378860647577
                    260     0.4490398466587067    0.06370873911448532      3.504043775635059     0.9313307155256555
                  262.5     0.3263822197914124    0.06328279145537209      0.933907067933037    -0.3976736048948349
                    265      0.588530957698822     0.0626964695651263      4.775517213103701      1.224898728789155
                  267.5     0.5957406163215637    0.06216076754396015      4.909799031836607      1.244048369012873
                    270     0.5215524435043335    0.06162067015946066      5.174100528034362      1.287754186391697
                  272.5     0.6578719615936279    0.06105004246643165      3.413279042003319     0.8624586258756441
                    275     0.5529714226722717    0.06062137085324588      5.738565110164876      1.374947988089545
                  277.5     0.5487634539604187    0.06013848248958158      5.983044296746891      1.408670766992274
                    280     0.5566494464874268    0.05967671984175552      6.239094349831734      1.442868332115741
                  282.5     0.7636761069297791    0.05939088894564133     0.5668924715022188    -0.9603535034409947
                    285     0.2998019158840179    0.05912158155643683     0.5181943191899496     -1.054717641018336
                  287.5     0.5609002709388733    0.05881224659757283      6.364183998824428      1.448127435758269
                    290     0.4864285290241241    0.05830928128253091      5.080630229524845        1.2142878987471
                  292.5     0.4575279951095581    0.05780604958726792      4.154898343677201      1.004472700891446
                    295     0.4738070666790009    0.05757090506340718      4.928460268689705         1.171135244772
                  297.5    -0.4238548874855042    0.05777645214543566  7.047183274939923e-05     -9.980624868547112
                    300     -0.832151472568512     0.0584347780790782      2.122333198765499     0.3435185811639971
                  302.5    -0.9122693538665771    0.05954633416012859      1.149325815880896    -0.2509784371476646
                    305    -0.8568574190139771    0.06020821884282768      2.043934774531103     0.3357769343222589
                  307.5     -0.865048885345459    0.06072320703938561      2.038904870628719     0.3418300887005925
                    310     0.3192374408245087    0.06092047840275435     0.6356677898533502    -0.8204185095806554
                  312.5     0.6767162680625916    0.06071620482952739      2.393062671942434     0.5018759311703863
                    315     0.6027208566665649    0.06046548929809475      5.010051981499682      1.236610372614227
                  317.5     0.5255997180938721    0.06023332638103406      5.864741588902733      1.390275519343582
                    320     0.4707981944084167     0.0600136020589512      4.579678739096217      1.139291393440228
                  322.5      0.501164972782135    0.05967518769583897      5.609749397550506       1.33651366995412
                    325     0.6333714723587036    0.05931169593681245      4.014476661271641     0.9958048174741359
                  327.5     0.4046420753002167    0.05896527078242059      2.404576394671071      0.477413697125004
                    330     0.6531063914299011    0.05860258430476661       3.48184143932265     0.8414314040060957
                  332.5     0.5092083215713501    0.05825582501259176      5.995846462481051      1.379002365481848
                    335     0.6844353675842285    0.05794349197724909      2.478699093028085     0.4902934272258329
                  337.5     0.9361297488212585    0.05779432954068042   0.001830701303651077     -6.723074188904431
                    340    -0.3598741590976715    0.05779498533571057  1.575207336258337e-05     -11.47854524170642
                  342.5   -0.02860449813306332    0.05784660732587231  4.212556338323918e-05     -10.49396968486609
                    345    -0.6588636636734009    0.05797957296780711     0.3272946944362968     -1.533712244832875
                  347.5    -0.9036133885383606    0.05848947234704382      1.425721655823781   -0.05338380660166777
                    350    -0.8661929368972778    0.05880486729954362      2.026186776330293     0.3034715245228624
                  352.5    -0.7801903486251831    0.05899353846903951       1.95959685522571     0.2732579909758022
                    355    -0.8403024077415466    0.05907298754079165      2.384473047095355      0.470843216198058
                  357.5    -0.9032454490661621    0.05912907823164595      1.637680628168095    0.09609511515384617
                    360    -0.1356731355190277    0.05904835632105505  1.098727722027539e-05     -11.81732455945663
                  362.5    -0.1636345833539963    0.05886485927756762  1.069824365044457e-05     -11.84709537429193
                    365     0.1867483407258987    0.05883388863364667    0.03232321340348765     -3.834160294901083
                  367.5     0.4439834356307983    0.05883134518589768      4.052529232258846     0.9971072868153088
                    370     0.3508056700229645    0.05882551789908475      1.210991724595482    -0.2108933257784653
                  372.5     0.5056360960006714     0.0587382386553972      6.109340720960134       1.40600111016651
                    375     0.3970645666122437    0.05859168099701995      2.491276522861466     0.5064792674570107
                  377.5     0.5584403276443481    0.05842123467090607      6.371475429713602      1.442601800071244
                    380     0.7757135033607483    0.05831520913533451     0.4390296158857296     -1.234234165022623
                  382.5     0.4818423986434937    0.05806362676084144      5.787488971722552      1.340329240826483
                    385   -0.06028008833527565    0.05797281237371999  1.371207470677816e-05     -11.61416829481121
                  387.5   -0.05204137414693832    0.05784605566833895  1.643132729881521e-05     -11.43544427027237
                    390    -0.1616748720407486    0.05777853692821378  1.163006511062089e-05     -11.78220831508395
                  392.5   -0.06941406428813934    0.05767453495137609  1.689603015140692e-05     -11.41052482058255
                    395    -0.4688606560230255    0.05756921284954902  0.0008057301416836438      -7.54768245309538
                  397.5     0.3041999638080597    0.05741024636777384     0.5957905725040121    -0.9445519619753826
                    400   -0.06638450175523758    0.05732933517307071   1.91124288535327e-05     -11.29326795430079
                  402.5    -0.2346791923046112    0.05721991433632397  9.275420685416104e-06     -12.01814929848894
                    405    -0.7394278645515442    0.05702811424941689       1.40404043729425    -0.0940102100735237
                  407.5    -0.9135711193084717    0.05722824709866452      1.491732182942921   -0.02992310492728823
                    410    -0.7665191292762756    0.05728756476515783      1.920772272430294     0.2239022153207967
                  412.5    -0.7778242826461792    0.05721353529169053      2.165512264742233     0.3425387512877819
                    415    -0.8799786567687988    0.05716715601886226      2.111695580542127     0.3165620600168724
                  417.5    -0.8582911491394043    0.05704240396915682      2.656266404436946     0.5438077545639821
                    420    -0.8421896696090698    0.05688043885076259      2.896147225805197     0.6274241162801689
                  422.5    -0.8522753715515137    0.05670825812170205      2.951118270764638     0.6431953239349183
                    425    -0.8172903656959534    0.05648297979704044      3.105176616526925     0.6901012499010359
                  427.5    -0.0851871445775032    0.05638414504267061  1.996940493750666e-05     -11.26602990151853
                    430     0.4460923373699188    0.05647500069130969      4.562916471233669      1.074851375268717
                  432.5     0.7284871339797974    0.05669889049152855      1.205075175699015     -0.252612101474858
                    435   -0.01009947806596756    0.05697651710615811  4.689716461294233e-05     -10.40182283343543
                  437.5     0.5577627420425415    0.05702505556930613      6.343513157020014      1.414014787898455
                    440     0.5859978795051575    0.05700236830146138       5.80251105838817      1.324474885646339
                  442.5     0.3696978688240051    0.05691862122950234      1.738339283215271     0.1176440770693487
                    445      0.558995246887207      0.056808732696345      6.458787206461067      1.428222924359664
                  447.5     0.5459302663803101    0.05672171152386694      6.754210449907099      1.471414442072851
                    450     0.4904667139053345    0.05655480570032435      6.126722712851294      1.370961461080021
                  452.5      1.019575357437134    0.05653046354273464  0.0001546629614715334     -9.216391275535617
                    455     0.6101600527763367    0.05641065884272588      5.489874426510131      1.258654813914837
                  457.5     0.5659732818603516    0.05621757719420607      7.130435798616563      1.516693128411324
                    460     0.6945783495903015    0.05600999443318337      2.192611363003834     0.3337146880751436
                  462.5    -0.3564790785312653    0.05590935752456986  2.445001768293157e-05     -11.07205655052179
                    465    -0.5773858428001404    0.05593902715835752    0.02845981090241566     -4.011908729288777
                  467.5    -0.7067169547080994    0.05604637272974014     0.9637238858848247    -0.4876797137431886
                    470     -0.459259033203125    0.05633572072418908   0.000455570275604746     -8.139540461186062
                  472.5    -0.7695085406303406    0.05638629437725259      2.248466858848312     0.3655660139351469
                    475    -0.8669572472572327    0.05647224911128289      2.704838383853696     0.5518828192079445
                  477.5    -0.6403944492340088    0.05658660515109031     0.2484394490948707     -1.833692525093041
                    480    -0.8699224591255188    0.05654602591661066      2.885031821974469     0.6176821591353726
                  482.5     -0.616150975227356    0.05655747873893056     0.1387915450710134     -2.416433398830938
                    485    -0.9215628504753113    0.05647280270420087      1.721092020822817    0.09980944394650483
                  487.5    -0.7568830847740173    0.05632401285935542      2.075855355916422     0.2845855533923204
                    490    -0.9219492673873901     0.0561992981678135      1.767104112689723     0.1213376854650113
                  492.5    -0.8996976613998413    0.05604664466563675      2.359905609169057     0.4078972111780608
                    495    -0.7146090269088745    0.05591190785244762      1.258167306205052    -0.2234751741046649
                  497.5    -0.8503761887550354    0.05570496598472665      3.369768943347648     0.7580047826523162
                    500    -0.8088865876197815    0.05549926735966969      3.327290133453856     0.7416193234644266
