-5.430624451200054548e-01 1.457168676670915985e+00 1.423118640926857026e-02
-5.569358945669991012e-01 1.443074679590863330e+00 -2.835778582297443506e-04
-5.708575484002980094e-01 1.429028420412738587e+00 9.314578153830410656e-03
-5.849678375443355671e-01 1.415171538963942988e+00 4.255242246120083394e-02
-5.990398742900430173e-01 1.401276616616250470e+00 9.892745063730234989e-02
-6.127754782907914866e-01 1.387048243612952758e+00 1.778283161641844856e-01
-6.265771889531243088e-01 1.372886405368806795e+00 2.787830413479035485e-01
-6.408281617937272578e-01 1.359174424033440909e+00 4.011120213727186190e-01
-6.549014158586005108e-01 1.345281394688609966e+00 5.442495713618926700e-01
-6.686826722036730564e-01 1.331097347765516803e+00 7.074080352998910470e-01
-6.825617677738841094e-01 1.317008967548201070e+00 8.899801801570381699e-01
-6.965289303699284673e-01 1.303008076246825908e+00 1.091188151708327947e+00
-7.105223726809350993e-01 1.289034612181900297e+00 1.310238806843613713e+00
-7.242814478852873661e-01 1.274828963494410106e+00 1.546286161776755819e+00
-7.380794744517062966e-01 1.260661120035675653e+00 1.798542888362065550e+00
-7.518980956202905297e-01 1.246513372697712008e+00 2.066113713180505851e+00
-7.656956459752503052e-01 1.232345345377909851e+00 2.348082200174270717e+00
-7.793946513274839782e-01 1.218081732047630039e+00 2.643517508300244234e+00
-7.930846085715226312e-01 1.203809437464972154e+00 2.951464660354788272e+00
-8.067292604654235921e-01 1.189493976158723987e+00 3.270935202968039857e+00
-8.203095209264494869e-01 1.175117261858037221e+00 3.600930665913203210e+00
-8.338517068956063927e-01 1.160704907753317139e+00 3.940421994038642239e+00
-8.472414986693921346e-01 1.146151214190071155e+00 4.288388807594992969e+00
-8.604133523252315285e-01 1.131400249267544122e+00 4.643819881902444990e+00
-8.734873479681427577e-01 1.116561952832007654e+00 5.005717474289563818e+00
-8.865250762599533596e-01 1.101693069050878826e+00 5.372981075992733224e+00
-8.991420743885839562e-01 1.086467941629196021e+00 5.744732367960280861e+00
-9.112303134706010166e-01 1.070818698823376991e+00 6.120256480063937410e+00
-9.227940442868372006e-01 1.054778995286970167e+00 6.499018516586348326e+00
-9.336591697055025563e-01 1.038262221258308360e+00 6.880804914311248410e+00
-9.435972419768781094e-01 1.021173407597887994e+00 7.266096837499027572e+00
-9.523764140259840527e-01 1.003468270036591115e+00 7.656079928592527395e+00
-9.595554585989751750e-01 9.850673243491996356e-01 8.053213140514253965e+00
-9.648683583879338332e-01 9.660402763311796148e-01 8.461576648131181599e+00
-9.683275981209754635e-01 9.465913244561973139e-01 8.885224176600072354e+00
-9.695008632130525106e-01 9.268930212015238368e-01 9.327831040649449790e+00
-9.685036321015303429e-01 9.071581423734141891e-01 9.793032064293957006e+00
-9.657446610410148624e-01 8.875971110015854482e-01 1.027936185163931526e+01
-9.611062868501318857e-01 8.683942574395546732e-01 1.078324458797609608e+01
-9.549796028084529542e-01 8.496010771900178726e-01 1.129814890733952382e+01
-9.477156060235634172e-01 8.312161778415292357e-01 1.181435228317279496e+01
-9.394822639397041319e-01 8.132414397910813220e-01 1.232089706908919524e+01
-9.304371758450160623e-01 7.956600212379553172e-01 1.280622261928437311e+01
-9.206629636579051201e-01 7.784727220273760517e-01 1.325911966830144095e+01
-9.103032840941678305e-01 7.616287193787159016e-01 1.366935185647103523e+01
-8.995031255792532709e-01 7.450637559180600666e-01 1.402797971249906439e+01
-8.881939378707982558e-01 7.288442688076870457e-01 1.432814784350574300e+01
-8.762690195576988694e-01 7.130700393487692246e-01 1.456525639438079622e+01
-8.638562681170107727e-01 6.976752583199882229e-01 1.473654725584773395e+01
-8.510535281984765721e-01 6.826034055096237285e-01 1.484129590553232703e+01
-8.377460714397467756e-01 6.679758640003570225e-01 1.488085433031658589e+01
-8.234599516469143232e-01 6.543003308189576650e-01 1.485841852487573433e+01
-8.084200044525363671e-01 6.414595982776278849e-01 1.477799548985171540e+01
-7.932719778733419158e-01 6.287454688873362896e-01 1.464380938281170152e+01
-7.779534888707846374e-01 6.162375705921180336e-01 1.446160726461602586e+01
-7.620626201874647343e-01 6.044725053904861367e-01 1.423788670739526552e+01
-7.455560092624380353e-01 5.935897423437137554e-01 1.397858389545247348e+01
-7.286067393917036172e-01 5.834051928583955382e-01 1.368899681544371383e+01
-7.113616342883949395e-01 5.737273574139039045e-01 1.337412866058913785e+01
-6.937792807636699033e-01 5.646810574197613786e-01 1.303886351049445125e+01
-6.757570102435488391e-01 5.565554446310186920e-01 1.268737414941918118e+01
-6.573747781339391860e-01 5.492713440851060280e-01 1.232266783801282806e+01
-6.387544476008943928e-01 5.426145441984276951e-01 1.194732887429146651e+01
-6.198858467878669565e-01 5.367067600391673965e-01 1.156380573055781369e+01
-6.007901776164155105e-01 5.315751402087740551e-01 1.117383053235562862e+01
-5.815463986997270185e-01 5.270220660561929504e-01 1.077877936615038301e+01
-5.622097920161384099e-01 5.228776170033494486e-01 1.038000870179641311e+01
-5.427680241126858762e-01 5.192681066281831237e-01 9.978850987855636845e+00
-5.232282194977793122e-01 5.162279023906792830e-01 9.576259169251398973e+00
-5.036211702470270168e-01 5.136525509316317573e-01 9.173149074907431810e+00
-4.839677199790738960e-01 5.114556303733094333e-01 8.770439319803859490e+00
-4.642831615070989182e-01 5.095543153389867630e-01 8.369055269998526114e+00
-4.445599494763337600e-01 5.081342261139792926e-01 7.969929477358521197e+00
-4.248116233628069227e-01 5.070821620207220937e-01 7.573865414496424364e+00
-4.050567026508897217e-01 5.061574239023779453e-01 7.181782168804087263e+00
-3.852959393636468666e-01 5.053710199539417358e-01 6.794633810588249112e+00
-3.655283342584323414e-01 5.047839410420743578e-01 6.413354315245570092e+00
-3.457586030735644300e-01 5.042633053073064531e-01 6.038832607705768574e+00
-3.259880296226396745e-01 5.037765873591353305e-01 5.671991885092142027e+00
-3.062143032307854673e-01 5.034575097438656055e-01 5.313762370005349567e+00
-2.864399479172703988e-01 5.031629419127230385e-01 4.965011318799730233e+00
-2.666661491130443706e-01 5.028308809217281183e-01 4.626633092614491183e+00
-2.468906344434684541e-01 5.026595706484588977e-01 4.299540587176471362e+00
-2.271149111585429314e-01 5.024834925077354963e-01 3.984575212472698524e+00
-2.073401906936085948e-01 5.022141395044963375e-01 3.682599640042870881e+00
-1.875662058791087994e-01 5.018937518159626299e-01 3.394485376604137183e+00
-1.677927074339746749e-01 5.015443736127480623e-01 3.121082655135476891e+00
-1.480169636677881040e-01 5.014297540857223234e-01 2.863174458084527974e+00
-1.282408085019969002e-01 5.015353276641049129e-01 2.621586657864062087e+00
-1.084643926726087393e-01 5.015321417895313161e-01 2.397105086480812997e+00
-8.868849584490715032e-02 5.013764076679326775e-01 2.190491746350892388e+00
-6.891207313787892086e-02 5.013461489840332908e-01 2.002515623685183321e+00
-4.913567703579553581e-02 5.012680352877068035e-01 1.833892717350009027e+00
-2.936003553981363784e-02 5.010787038955404338e-01 1.685326930631358966e+00
-9.584886728553548146e-03 5.008404637737949860e-01 1.557510282935032908e+00
1.019008413099991781e-02 5.005875959778399720e-01 1.451101559467198765e+00
2.996650617714425452e-02 5.005393386677727818e-01 1.366697398988321321e+00
4.974299358403873328e-02 5.004770231201178809e-01 1.304917072765061636e+00
6.951867416596811677e-02 5.002895413627684862e-01 1.266339905540495803e+00
8.929521591301156636e-02 5.002545265707265543e-01 1.251480104647911595e+00
8.617489130475070036e-02 5.002327116475990820e-01 1.252228962746698926e+00
9.723243787497616586e-02 5.002675354392882578e-01 1.252304738241510673e+00
1.082896517424274396e-01 5.001741263916615887e-01 1.260029280441026689e+00
1.193467853592328765e-01 5.000716749536114891e-01 1.275477789222053016e+00
1.304040438978966987e-01 4.999839996621208704e-01 1.298727990079596051e+00
1.414615335779204619e-01 4.999330578175719131e-01 1.329853761195591844e+00
1.525191054826640913e-01 4.999053283129217817e-01 1.368929978469771935e+00
1.635765770764904536e-01 4.998507067387614744e-01 1.416031042266074014e+00
1.746338988829190808e-01 4.997711334838577657e-01 1.471222999788315278e+00
1.856911398202220342e-01 4.996810240294308203e-01 1.534568675084067468e+00
1.967482972240388317e-01 4.995811553497104818e-01 1.606128546804212132e+00
2.078054087609831901e-01 4.994763467665924161e-01 1.685959491098030227e+00
2.188624440379297043e-01 4.993638144786821109e-01 1.774115369127711617e+00
2.299193847629159571e-01 4.992423029857153693e-01 1.870646470541559303e+00
2.409763820050728755e-01 4.991260908024664489e-01 1.975597951333937008e+00
2.520334582394068157e-01 4.990176126549135671e-01 2.089011741141587386e+00
2.630904705646948671e-01 4.989028866781236582e-01 2.210927690487712649e+00
2.741473335773871867e-01 4.987746562848853205e-01 2.341380840289239984e+00
2.852039668979059472e-01 4.986280744228904216e-01 2.480401473712882332e+00
2.962602488071051643e-01 4.984572027471541600e-01 2.628015262831591148e+00
3.073159916668285474e-01 4.982546923878818923e-01 2.784243090616358884e+00
3.183708953807706799e-01 4.980109942950530777e-01 2.949101011620107737e+00
3.294247831721195952e-01 4.977242926844427373e-01 3.122599870162118485e+00
3.404780911459911463e-01 4.974161133580687899e-01 3.304741461445947159e+00
3.515304156683288772e-01 4.970751524118968701e-01 3.495522314524738938e+00
3.625806789094530580e-01 4.966735214820038324e-01 3.694935716734078834e+00
3.736277311748791852e-01 4.961921879933015034e-01 3.902968622189389780e+00
3.846707143846879173e-01 4.956245872081959103e-01 4.119602303783857167e+00
3.957098118612740745e-01 4.949857853384061479e-01 4.344806321340797695e+00
4.067442791875984787e-01 4.942719683505465422e-01 4.578540282692653562e+00
4.177714970207895284e-01 4.934549867005632029e-01 4.820759708603052474e+00
4.287874377880970256e-01 4.924986984797334877e-01 5.071420518988199788e+00
4.397893090306579378e-01 4.913918764755509372e-01 5.330473282564987869e+00
4.507763421887199251e-01 4.901461823402590290e-01 5.597852499781899915e+00
4.617463510742111921e-01 4.887590759781432759e-01 5.873476080970293722e+00
4.726962274981451051e-01 4.872208854531812627e-01 6.157251308488892683e+00
4.836244692546686763e-01 4.855359958720133484e-01 6.449054462506513374e+00
4.945268242255120850e-01 4.836915191186439422e-01 6.748740541948222926e+00
5.053963335603967044e-01 4.816630313798459517e-01 7.056150011522428933e+00
5.162218704313463746e-01 4.794130154655775744e-01 7.371109975058606878e+00
5.269862153352083967e-01 4.768879070161696765e-01 7.693446028325238828e+00
5.376781538273477379e-01 4.740712111752359292e-01 8.022957377954309521e+00
5.483007531357918518e-01 4.710023652446889697e-01 8.359350544235288893e+00
5.588520542828476767e-01 4.676972347789798423e-01 8.702230837616028225e+00
5.693229787066090841e-01 4.641455446108083693e-01 9.051142235792818624e+00
5.797051680814586661e-01 4.603426968619284132e-01 9.405516826076475212e+00
5.899890127994806832e-01 4.562813161249870131e-01 9.764687375425950222e+00
6.001872553604078453e-01 4.520082997392433910e-01 1.012779255774172604e+01
6.103103000829818159e-01 4.475603624896616894e-01 1.049373009953357894e+01
6.203379994931694785e-01 4.429021332883559259e-01 1.086133391415655147e+01
6.302443596235226542e-01 4.379917262611917605e-01 1.122933607980894877e+01
6.400046059885160510e-01 4.327975116204107464e-01 1.159630224432731715e+01
6.495934163524499372e-01 4.272937540624553443e-01 1.196060925180448109e+01
6.590154754231490886e-01 4.215079032456072183e-01 1.232038913528282720e+01
6.683096869811356866e-01 4.155180480179752056e-01 1.267343133366760455e+01
6.775074568670479414e-01 4.093807808382701752e-01 1.301726070909393407e+01
6.866132566107572277e-01 4.031080947252952962e-01 1.334922424988525869e+01
6.956028074069149358e-01 3.966702616121906555e-01 1.366660233004907532e+01
7.044432814133696485e-01 3.900297337112786922e-01 1.396657898996576463e+01
7.131072609501306614e-01 3.831604736166314695e-01 1.424621136198540761e+01
7.216063833259328542e-01 3.760875756224279498e-01 1.450234624326345312e+01
7.299963970690380721e-01 3.688850187519478463e-01 1.473161640804548256e+01
7.383339748669052183e-01 3.616217832522032882e-01 1.493055377110710324e+01
7.466267042298044831e-01 3.543073770173898462e-01 1.509582568063575536e+01
7.548718255138835431e-01 3.469393706764394292e-01 1.522424060336563834e+01
7.630550223884723371e-01 3.395026546607645135e-01 1.531280480596224081e+01
7.711444068553598985e-01 3.319652502351672640e-01 1.535875920085313595e+01
7.786702833644164601e-01 3.238638992172356290e-01 1.536053731773807307e+01
7.857909671013004749e-01 3.154044845999030566e-01 1.531553271738589572e+01
7.929411450513205173e-01 3.069697063992635200e-01 1.522049026760013390e+01
8.001189006359398226e-01 2.985583826968628007e-01 1.507344652767745075e+01
8.072945833749509692e-01 2.901452817231650605e-01 1.487309836867587975e+01
8.144217916587406236e-01 2.816911540568952654e-01 1.461878832651290772e+01
8.215089943469047196e-01 2.732034099581156505e-01 1.431023646132571336e+01
8.285717689188777380e-01 2.646953117857485105e-01 1.394776502970287524e+01
8.355700238674296232e-01 2.561343276366767618e-01 1.353253675214343765e+01
8.423986062152246657e-01 2.474386527159825599e-01 1.306654562341418213e+01
8.490120427887041243e-01 2.385775081725822755e-01 1.255217200505710373e+01
8.554649859548378865e-01 2.295984541355804986e-01 1.199215283028189205e+01
8.617964688274533103e-01 2.205331642995418950e-01 1.138990678020988767e+01
8.680351128384833359e-01 2.114036385409252816e-01 1.074954034621277188e+01
8.742053794997588501e-01 2.022276946726099534e-01 1.007582886365665686e+01
8.803306795494699744e-01 1.930216607462059697e-01 9.374205999537528200e+00
8.864187323932137819e-01 1.837909450391815303e-01 8.650813557086216576e+00
8.924757598485649757e-01 1.745398367897567637e-01 7.912382824046179763e+00
8.984861230291871781e-01 1.652586904602879048e-01 7.166239972872379127e+00
9.042719195423571943e-01 1.558358664502130786e-01 6.420357622539579978e+00
9.098420255408609103e-01 1.462838434375674512e-01 5.682384884853396656e+00
9.152475066032201845e-01 1.366376913472430454e-01 4.960028045274587072e+00
9.204956191183226721e-01 1.269052096430253740e-01 4.261295964811493420e+00
9.255182719219033904e-01 1.170550338232399235e-01 3.594491948304852968e+00
9.302367411211068804e-01 1.070554075224402490e-01 2.967810613842278400e+00
9.347091979588795230e-01 9.694305353031913708e-02 2.388646759803712882e+00
9.389880548919489200e-01 8.674729830937474850e-02 1.864148848257393354e+00
9.430773779535386314e-01 7.647405688412668712e-02 1.401352488198465807e+00
9.469820750838893186e-01 6.612920888488682536e-02 1.006829159867312029e+00
9.507367896513132521e-01 5.572876717925047407e-02 6.865006778908941953e-01
9.542602365440684409e-01 4.524844063491314378e-02 4.461340433537692718e-01