#! FIELDS time p.x p.y cv.node-0 opes.bias opes.rct opes.zed opes.neff opes.nker
 0.000000 0.223085 0.55137 0.449431 -16 -16 1 1 0
 0.500000 -0.0900958 0.459669 0.172942 -16 -16 1 1 0
 1.000000 0.0465917 0.549251 0.321343 -16 -16 1 1 0
 1.500000 0.241594 0.512041 0.442581 -16 -16 1 1 0
 2.000000 0.111128 0.502918 0.343336 -16 -16 1 1 0
 2.500000 0.152605 0.563018 0.404884 -16 -16 1 1 0
 3.000000 0.160186 0.486879 0.37051 -16 -16 1 1 0
 3.500000 -0.0558233 0.509376 0.225527 -16 -16 1 1 0
 4.000000 0.0269884 0.478924 0.269173 -16 -16 1 1 0
 4.500000 0.170082 0.5552 0.413366 -16 -16 1 1 0
 5.000000 0.235945 0.488347 0.426297 -16 -16 1 1 0
 5.500000 0.207939 0.45879 0.390574 -16 -16 1 1 0
 6.000000 0.10155 0.484022 0.326308 -16 -16 1 1 0
 6.500000 0.0858893 0.496382 0.32151 -16 -16 1 1 0
 7.000000 -0.289057 0.510984 0.0573123 -16 -16 1 1 0
 7.500000 -0.0233527 0.490716 0.238892 -16 -16 1 1 0
 8.000000 0.0993763 0.517349 0.342478 -16 -16 1 1 0
 8.500000 0.295029 0.431871 0.440229 -16 -16 1 1 0
 9.000000 0.243117 0.586361 0.481569 -16 -16 1 1 0
 9.500000 0.183077 0.520287 0.404583 -16 -16 1 1 0
 10.000000 0.154876 0.564945 0.407517 -16 -16 1 1 0
 10.500000 -0.0424319 0.413226 0.182086 -16 -16 1 1 0
 11.000000 0.0337409 0.448898 0.257778 -16 -16 1 1 0
 11.500000 -0.0708782 0.578598 0.252711 -16 -16 1 1 0
 12.000000 0.173508 0.390444 0.329237 -16 -16 1 1 0
 12.500000 0.179042 0.48634 0.383937 -16 -16 1 1 0
 13.000000 0.338565 0.528585 0.520684 -16 -16 1 1 0
 13.500000 0.0854496 0.616544 0.384877 -16 -16 1 1 0
 14.000000 0.263747 0.541264 0.473441 -16 -16 1 1 0
 14.500000 -0.019477 0.481321 0.236563 -16 -16 1 1 0
 15.000000 0.216138 0.460131 0.397256 -16 -16 1 1 0
 15.500000 0.0520063 0.458469 0.276367 -16 -16 1 1 0
 16.000000 0.0722355 0.48442 0.305154 -16 -16 1 1 0
 16.500000 -0.000764456 0.412679 0.212531 -16 -16 1 1 0
 17.000000 0.0893687 0.538874 0.346674 -16 -16 1 1 0
 17.500000 0.159773 0.556244 0.406504 -16 -16 1 1 0
 18.000000 0.205683 0.516299 0.418844 -16 -16 1 1 0
 18.500000 -0.00443902 0.524759 0.271234 -16 -16 1 1 0
 19.000000 -0.140814 0.561874 0.193186 -16 -16 1 1 0
 19.500000 0.258202 0.485614 0.441026 -16 -16 1 1 0
 20.000000 -0.00196316 0.398801 0.203984 -16 -16 1 1 0
 20.500000 -0.0703276 0.418156 0.164264 -16 -16 1 1 0
 21.000000 0.169712 0.48598 0.376965 -16 -16 1 1 0
 21.500000 0.0662023 0.458907 0.287 -16 -16 1 1 0
 22.000000 -0.0885535 0.47437 0.182275 -16 -16 1 1 0
 22.500000 0.00842701 0.486588 0.259802 -16 -16 1 1 0
 23.000000 0.0729745 0.462532 0.293913 -16 -16 1 1 0
 23.500000 -0.10125 0.457969 0.163824 -16 -16 1 1 0
 24.000000 0.268071 0.506769 0.458993 -16 -16 1 1 0
 24.500000 -0.109654 0.456241 0.156701 -16 -16 1 1 0
 25.000000 0.358898 0.54193 0.541849 -16 -16 0.472044 1 1
 25.500000 -0.474169 0.380846 -0.153966 -16 -16 0.472044 1 1
 26.000000 -0.245362 0.381129 0.0140493 -13.1675 -16 0.472044 1 1
 26.500000 -0.418478 0.536621 -0.020825 -14.9651 -16 0.472044 1 1
 27.000000 -0.415208 0.487649 -0.0474437 -16 -16 0.472044 1 1
 27.500000 -0.330477 0.401948 -0.036386 -15.8043 -15.9304 0.327273 1 2
 28.000000 0.0190388 0.512809 0.281774 -3.12695 -15.9304 0.327273 1 2
 28.500000 -0.0455806 0.502921 0.229417 -3.13153 -15.9304 0.327273 1 2
 29.000000 -0.0780397 0.456645 0.180084 -2.16128 -15.9304 0.327273 1 2
 29.500000 -0.0445837 0.538397 0.249623 -3.34005 -15.9304 0.327273 1 2
 30.000000 -0.0413344 0.516894 0.240183 -3.27183 -4.65812 0.341819 1.07577 3
 30.500000 0.635174 0.493375 0.71468 -10.9039 -4.65812 0.341819 1.07577 3
 31.000000 0.36944 0.434448 0.495789 -2.50402 -4.65812 0.341819 1.07577 3
 31.500000 0.533369 0.512292 0.65158 -8.07582 -4.65812 0.341819 1.07577 3
 32.000000 0.513082 0.56069 0.660155 -8.4515 -4.65812 0.341819 1.07577 3
 32.500000 -0.0834945 0.508568 0.204978 0.946727 -0.648098 0.375785 1.70986 3
 33.000000 -0.493671 0.483442 -0.10643 -5.2995 -0.648098 0.375785 1.70986 3
 33.500000 -0.767761 0.514202 -0.282244 -14.8044 -0.648098 0.375785 1.70986 3
 34.000000 -1.08004 0.841378 -0.285475 -15.1368 -0.648098 0.375785 1.70986 3
 34.500000 -1.17148 0.75828 -0.399983 -15.9965 -0.648098 0.375785 1.70986 3
 35.000000 -1.02797 0.806478 -0.273868 -14.0916 -0.83042 0.281838 1.70986 4
 35.500000 -1.11154 0.898255 -0.268883 -12.4767 -0.83042 0.281838 1.70986 4
 36.000000 -1.05565 0.846819 -0.265965 -12.4005 -0.83042 0.281838 1.70986 4
 36.500000 -1.21771 0.813977 -0.393356 -13.6399 -0.83042 0.281838 1.70986 4
 37.000000 -1.13807 0.979919 -0.232488 -11.0483 -0.83042 0.281838 1.70986 4
 37.500000 -1.18466 0.663532 -0.471255 -14.8558 -0.98457 0.225471 1.70986 5
 38.000000 -1.18002 0.890452 -0.318266 -12.6356 -0.98457 0.225471 1.70986 5
 38.500000 -0.960822 0.717415 -0.286396 -12.5402 -0.98457 0.225471 1.70986 5
 39.000000 -1.06806 0.886728 -0.248167 -11.5615 -0.98457 0.225471 1.70986 5
 39.500000 -1.04188 0.832565 -0.266164 -12.1783 -0.98457 0.225471 1.70986 5
 40.000000 -1.03437 0.809991 -0.275822 -12.3896 -1.1181 0.225471 1.70986 5
 40.500000 -1.06213 0.938097 -0.211005 -9.57971 -1.1181 0.225471 1.70986 5
 41.000000 -1.04556 0.810571 -0.282831 -10.9335 -1.1181 0.225471 1.70986 5
 41.500000 -1.11726 0.739534 -0.376507 -11.4273 -1.1181 0.225471 1.70986 5
 42.000000 -1.16498 0.776687 -0.38357 -11.4941 -1.1181 0.225471 1.70986 5
 42.500000 -1.30394 0.700935 -0.525179 -13.1713 -1.23588 0.225471 1.70986 5
 43.000000 -1.03607 0.848415 -0.252091 -10.7415 -1.23588 0.225471 1.70986 5
 43.500000 -1.00999 0.874383 -0.218246 -9.87812 -1.23588 0.225471 1.70986 5
 44.000000 -1.17218 0.809328 -0.366752 -11.2105 -1.23588 0.225471 1.70986 5
 44.500000 -1.45882 0.673775 -0.644689 -12.4933 -1.23588 0.225471 1.70986 5
 45.000000 -1.15605 0.678692 -0.442218 -11.5247 -1.34124 0.225471 1.70987 5
 45.500000 -1.08462 0.880469 -0.263016 -10.5713 -1.34124 0.225471 1.70987 5
 46.000000 -1.04662 0.879697 -0.23876 -10.3895 -1.34124 0.225471 1.70987 5
 46.500000 -1.14344 0.944672 -0.259035 -10.5659 -1.34124 0.225471 1.70987 5
 47.000000 -1.09221 0.869655 -0.275001 -10.5575 -1.34124 0.225471 1.70987 5
 47.500000 -1.00126 0.815579 -0.250344 -10.5265 -1.43654 0.225471 1.7099 5
 48.000000 -1.15695 0.785802 -0.372294 -9.51366 -1.43654 0.225471 1.7099 5
 48.500000 -1.04376 0.69609 -0.355835 -9.43515 -1.43654 0.225471 1.7099 5
 49.000000 -1.16689 0.83835 -0.344152 -9.38186 -1.43654 0.225471 1.7099 5
 49.500000 -1.0392 0.914508 -0.211421 -8.86705 -1.43654 0.225471 1.7099 5
 50.000000 -1.08736 0.847462 -0.286302 -9.19527 -1.52351 0.225472 1.70999 5
 50.500000 -1.13943 0.604451 -0.479859 -9.38754 -1.52351 0.225472 1.70999 5
 51.000000 -0.912756 1.16082 0.0256222 -0.606476 -1.52351 0.225472 1.70999 5
 51.500000 -1.09675 1.02841 -0.174566 -7.46486 -1.52351 0.225472 1.70999 5
 52.000000 -1.08209 0.933472 -0.226892 -7.95716 -1.52351 0.225472 1.70999 5
 52.500000 -1.16494 0.880447 -0.315128 -7.91684 -1.60341 0.225478 1.71034 5
 53.000000 -0.945353 0.981723 -0.107646 -4.85328 -1.60341 0.225478 1.71034 5
 53.500000 -0.990538 0.928325 -0.170934 -6.97792 -1.60341 0.225478 1.71034 5
 54.000000 -0.938765 0.870598 -0.173913 -7.01908 -1.60341 0.225478 1.71034 5
 54.500000 -1.01403 0.972965 -0.157512 -6.69247 -1.60341 0.225478 1.71034 5
 55.000000 -1.0098 0.934759 -0.179309 -7.07352 -1.6772 0.187951 1.71114 6
 55.500000 -0.707673 1.24943 0.206977 1.66226 -1.6772 0.187951 1.71114 6
 56.000000 -0.390781 1.67684 0.629976 -10.037 -1.6772 0.187951 1.71114 6
 56.500000 -0.262563 1.67269 0.700347 -14.8933 -1.6772 0.187951 1.71114 6
 57.000000 -0.217078 1.63883 0.709461 -15.1978 -1.6772 0.187951 1.71114 6
 57.500000 -0.33258 1.80776 0.728358 -15.3664 -1.74619 0.161101 1.71114 7
 58.000000 -0.325598 1.66952 0.663073 -11.7112 -1.74619 0.161101 1.71114 7
 58.500000 -0.320309 1.67192 0.667279 -11.9386 -1.74619 0.161101 1.71114 7
 59.000000 -0.30663 1.68015 0.679147 -12.5485 -1.74619 0.161101 1.71114 7
 59.500000 -0.336372 1.75035 0.697665 -13.3159 -1.74619 0.161101 1.71114 7
 60.000000 -0.331109 1.70095 0.675812 -12.3834 -1.81073 0.161101 1.71115 7
 60.500000 -0.322734 1.69361 0.676828 -10.671 -1.81073 0.161101 1.71115 7
 61.000000 -0.392384 1.63867 0.609443 -8.70378 -1.81073 0.161101 1.71115 7
 61.500000 -0.409774 1.55131 0.554 -6.07566 -1.81073 0.161101 1.71115 7
 62.000000 -0.306227 1.65411 0.666291 -10.5672 -1.81073 0.161101 1.71115 7
 62.500000 -0.346515 1.63539 0.633881 -9.76864 -1.87133 0.187878 1.7112 6
 63.000000 -0.375622 1.55007 0.573187 -6.94964 -1.87133 0.187878 1.7112 6
 63.500000 -0.296614 1.71291 0.701164 -8.66036 -1.87133 0.187878 1.7112 6
 64.000000 -0.293124 1.69485 0.694118 -8.61831 -1.87133 0.187878 1.7112 6
 64.500000 -0.385604 1.64211 0.615069 -8.13747 -1.87133 0.187878 1.7112 6
 65.000000 -0.276078 1.60573 0.659169 -8.45954 -1.92841 0.187875 1.7114 6
 65.500000 -0.422946 1.62217 0.583474 -6.79924 -1.92841 0.187875 1.7114 6
 66.000000 -0.424188 1.65176 0.598155 -6.97509 -1.92841 0.187875 1.7114 6
 66.500000 -0.481788 1.58605 0.530755 -5.14849 -1.92841 0.187875 1.7114 6
 67.000000 -0.374106 1.64059 0.620829 -7.05704 -1.92841 0.187875 1.7114 6
 67.500000 -0.402413 1.63923 0.604024 -7.01249 -1.98213 0.187866 1.71225 6
 68.000000 -0.447872 1.57504 0.544451 -5.21565 -1.98213 0.187866 1.71225 6
 68.500000 -0.402037 1.6113 0.589773 -5.6514 -1.98213 0.187866 1.71225 6
 69.000000 -0.332122 1.59493 0.621467 -5.69397 -1.98213 0.187866 1.71225 6
 69.500000 -0.468223 1.57768 0.534115 -4.97312 -1.98213 0.187866 1.71225 6
 70.000000 -0.391268 1.51421 0.545319 -5.23337 -2.03139 0.187842 1.7173 6
 70.500000 -0.420675 1.57813 0.561763 -4.03476 -2.03139 0.187842 1.7173 6
 71.000000 -0.456164 1.63476 0.571136 -4.0651 -2.03139 0.187842 1.7173 6
 71.500000 -0.484698 1.53972 0.504336 -3.5314 -2.03139 0.187842 1.7173 6
 72.000000 -0.385695 1.54087 0.562532 -4.03735 -2.03139 0.187842 1.7173 6
 72.500000 -0.483969 1.51193 0.489835 -3.23049 -2.06522 0.187922 1.75463 6
 73.000000 -0.425192 1.51637 0.526596 -2.25086 -2.06522 0.187922 1.75463 6
 73.500000 -0.488913 1.50631 0.483916 -2.02586 -2.06522 0.187922 1.75463 6
 74.000000 -0.283636 1.78233 0.74276 -5.02628 -2.06522 0.187922 1.75463 6
 74.500000 -0.552012 1.40926 0.393391 -0.555555 -2.06522 0.187922 1.75463 6
 75.000000 -0.505997 1.46907 0.453679 -1.70778 -2.04588 0.188241 1.92433 6
 75.500000 -0.423439 1.52157 0.530374 -1.02626 -2.04588 0.188241 1.92433 6
 76.000000 -0.515884 1.4919 0.460282 -0.683058 -2.04588 0.188241 1.92433 6
 76.500000 -0.520347 1.38464 0.398753 -0.273599 -2.04588 0.188241 1.92433 6
 77.000000 -0.489973 1.4439 0.449468 -0.638411 -2.04588 0.188241 1.92433 6
 77.500000 -0.435282 1.7011 0.617443 -2.00211 -2.04393 0.165313 2.05704 7
 78.000000 -0.604241 1.37467 0.342591 0.559189 -2.04393 0.165313 2.05704 7
 78.500000 -0.48052 1.50862 0.490071 -0.527316 -2.04393 0.165313 2.05704 7
 79.000000 -0.563843 1.4608 0.414945 -0.317308 -2.04393 0.165313 2.05704 7
 79.500000 -0.481868 1.46618 0.466371 -0.504522 -2.04393 0.165313 2.05704 7
 80.000000 -0.545939 1.48425 0.438434 -0.442322 -1.89118 0.168212 2.63377 7
 80.500000 -0.53974 1.4352 0.415087 0.492614 -1.89118 0.168212 2.63377 7
 81.000000 -0.652203 1.37607 0.314491 0.902692 -1.89118 0.168212 2.63377 7
 81.500000 -0.727302 1.20577 0.168901 1.37793 -1.89118 0.168212 2.63377 7
 82.000000 -0.463477 1.51676 0.50441 0.268892 -1.89118 0.168212 2.63377 7
 82.500000 -0.564345 1.4532 0.410433 0.494814 -1.55843 0.17337 3.63057 7
 83.000000 -0.317941 1.69602 0.680736 -1.79393 -1.55843 0.17337 3.63057 7
 83.500000 -0.438028 1.56064 0.542537 0.19501 -1.55843 0.17337 3.63057 7
 84.000000 -0.549225 1.38611 0.382173 1.0882 -1.55843 0.17337 3.63057 7
 84.500000 -0.534715 1.41145 0.404961 1.11834 -1.55843 0.17337 3.63057 7
 85.000000 -0.610269 1.46208 0.388223 1.09934 -1.14621 0.18034 4.33152 7
 85.500000 -0.351595 1.6066 0.616251 -1.36217 -1.14621 0.18034 4.33152 7
 86.000000 -0.319118 1.69957 0.681854 -2.31226 -1.14621 0.18034 4.33152 7
 86.500000 -0.620864 1.42798 0.362765 1.36132 -1.14621 0.18034 4.33152 7
 87.000000 -0.776149 1.30165 0.195857 0.698204 -1.14621 0.18034 4.33152 7
 87.500000 -0.498871 1.54421 0.498518 0.761672 -0.953483 0.221703 5.33152 8
 88.000000 -0.402775 1.61478 0.591155 -0.229937 -0.953483 0.221703 5.33152 8
 88.500000 -0.503935 1.54041 0.493529 0.954574 -0.953483 0.221703 5.33152 8
 89.000000 -0.439527 1.63002 0.578119 -0.00764026 -0.953483 0.221703 5.33152 8
 89.500000 -0.355493 1.67821 0.65058 -1.44528 -0.953483 0.221703 5.33152 8
 90.000000 -0.311979 1.67638 0.67423 -1.97143 -0.976557 0.214543 5.45816 8
 90.500000 -0.438129 1.57093 0.547905 0.463261 -0.976557 0.214543 5.45816 8
 91.000000 -0.36351 1.63501 0.624001 -0.690255 -0.976557 0.214543 5.45816 8
 91.500000 -0.445853 1.52342 0.518261 0.779572 -0.976557 0.214543 5.45816 8
 92.000000 -0.724858 1.19866 0.166189 0.165763 -0.976557 0.214543 5.45816 8
 92.500000 -0.473568 1.56161 0.522489 0.740066 -0.830348 0.213717 6.45809 8
 93.000000 -0.454169 1.48131 0.490888 1.14904 -0.830348 0.213717 6.45809 8
 93.500000 -0.773988 1.19761 0.134864 -0.244721 -0.830348 0.213717 6.45809 8
 94.000000 -0.825143 1.19102 0.098945 -0.666402 -0.830348 0.213717 6.45809 8
 94.500000 -1.04975 0.905356 -0.224188 -7.29872 -0.830348 0.213717 6.45809 8
 95.000000 -0.969294 1.05552 -0.0762026 -5.04534 -0.86374 0.213345 6.46418 8
 95.500000 -0.839964 1.02742 -0.0110288 -2.9279 -0.86374 0.213345 6.46418 8
 96.000000 -0.544293 1.35711 0.368967 0.930487 -0.86374 0.213345 6.46418 8
 96.500000 -0.211957 1.82866 0.804801 -3.52147 -0.86374 0.213345 6.46418 8
 97.000000 -0.412767 1.50718 0.529013 0.970873 -0.86374 0.213345 6.46418 8
 97.500000 -0.469957 1.48153 0.481697 1.17096 -0.669395 0.230411 7.25967 8
 98.000000 -0.426594 1.58092 0.559813 0.754109 -0.669395 0.230411 7.25967 8
 98.500000 -0.662057 1.30857 0.269618 0.0747243 -0.669395 0.230411 7.25967 8
 99.000000 -0.942852 1.11598 -0.0213023 -3.48283 -0.669395 0.230411 7.25967 8
 99.500000 -0.546026 1.49604 0.444852 1.23035 -0.669395 0.230411 7.25967 8
 100.000000 -0.662374 1.34238 0.288974 0.17185 -0.628995 0.235266 8.02879 8
 100.500000 -0.607461 1.39551 0.352443 0.715085 -0.628995 0.235266 8.02879 8
 101.000000 -0.55826 1.45881 0.417146 1.05641 -0.628995 0.235266 8.02879 8
 101.500000 -0.695441 1.39759 0.300909 0.490105 -0.628995 0.235266 8.02879 8
 102.000000 -0.289827 1.63116 0.664082 -1.31948 -0.628995 0.235266 8.02879 8
 102.500000 -0.566015 1.39615 0.377684 0.851754 -0.531038 0.233019 9.02724 8
 103.000000 -0.648147 1.3462 0.2998 0.591739 -0.531038 0.233019 9.02724 8
 103.500000 -0.663046 1.32057 0.275961 0.451602 -0.531038 0.233019 9.02724 8
 104.000000 -0.624497 1.36452 0.324602 0.744739 -0.531038 0.233019 9.02724 8
 104.500000 -0.615448 1.44395 0.374982 1.01999 -0.531038 0.233019 9.02724 8
 105.000000 -0.806762 1.29885 0.175507 -0.163541 -0.51806 0.228375 9.64347 8
 105.500000 -0.533704 1.46303 0.433995 1.16157 -0.51806 0.228375 9.64347 8
 106.000000 -0.686862 1.25779 0.224764 0.364363 -0.51806 0.228375 9.64347 8
 106.500000 -0.61641 1.44145 0.373008 0.984959 -0.51806 0.228375 9.64347 8
 107.000000 -0.796984 1.28739 0.17461 0.11793 -0.51806 0.228375 9.64347 8
 107.500000 -0.578271 1.41294 0.379726 1.01383 -0.419459 0.228115 10.5894 8
 108.000000 -0.637687 1.28302 0.269784 0.4831 -0.419459 0.228115 10.5894 8
 108.500000 -0.608919 1.32232 0.309993 0.753485 -0.419459 0.228115 10.5894 8
 109.000000 -0.490989 1.52553 0.493055 1.01454 -0.419459 0.228115 10.5894 8
 109.500000 -0.658626 1.35585 0.299001 0.673983 -0.419459 0.228115 10.5894 8
 110.000000 -0.570066 1.36818 0.359567 1.07595 -0.327661 0.227103 11.515 8
 110.500000 -0.672148 1.26933 0.2406 0.319668 -0.327661 0.227103 11.515 8
 111.000000 -0.558486 1.34286 0.352357 1.18492 -0.327661 0.227103 11.515 8
 111.500000 -0.584295 1.44265 0.392738 1.29352 -0.327661 0.227103 11.515 8
 112.000000 -0.543409 1.50608 0.45188 1.15645 -0.327661 0.227103 11.515 8
 112.500000 -0.44605 1.6187 0.568472 0.153579 -0.311094 0.252072 12.2687 8
 113.000000 -0.78013 1.17489 0.11731 -0.830298 -0.311094 0.252072 12.2687 8
 113.500000 -0.367462 1.67091 0.640109 -0.811831 -0.311094 0.252072 12.2687 8
 114.000000 -0.324866 1.6149 0.635813 -0.729548 -0.311094 0.252072 12.2687 8
 114.500000 -0.391902 1.52187 0.548969 0.449241 -0.311094 0.252072 12.2687 8
 115.000000 -0.249354 1.66988 0.706441 -2.42698 -0.334511 0.226092 12.3444 9
 115.500000 -0.126351 1.90521 0.887907 -8.43036 -0.334511 0.226092 12.3444 9
 116.000000 -0.221792 1.74692 0.75978 -3.37868 -0.334511 0.226092 12.3444 9
 116.500000 -0.304107 1.58648 0.633302 -0.566034 -0.334511 0.226092 12.3444 9
 117.000000 -0.622224 1.45542 0.377418 1.23521 -0.334511 0.226092 12.3444 9
 117.500000 -0.494944 1.51595 0.485585 0.977315 -0.267261 0.23201 13.3204 9
 118.000000 -0.241753 1.67342 0.712495 -2.39647 -0.267261 0.23201 13.3204 9
 118.500000 -0.303018 1.67101 0.676603 -1.59059 -0.267261 0.23201 13.3204 9
 119.000000 -0.374029 1.65775 0.629668 -0.604036 -0.267261 0.23201 13.3204 9
 119.500000 -0.470561 1.58246 0.535308 0.771927 -0.267261 0.23201 13.3204 9
 120.000000 -0.326982 1.58916 0.621482 -0.447225 -0.271387 0.226592 13.7992 9
 120.500000 -0.693177 1.28154 0.234793 0.132417 -0.271387 0.226592 13.7992 9
 121.000000 -0.70883 1.33831 0.258429 0.296505 -0.271387 0.226592 13.7992 9
 121.500000 -0.513407 1.49289 0.462277 1.16018 -0.271387 0.226592 13.7992 9
 122.000000 -0.517017 1.45195 0.437801 1.20203 -0.271387 0.226592 13.7992 9
 122.500000 -0.476067 1.47531 0.474741 1.12677 -0.199685 0.231623 14.6898 9
 123.000000 -0.670172 1.37843 0.305029 0.588921 -0.199685 0.231623 14.6898 9
 123.500000 -0.270137 1.6934 0.70635 -1.92604 -0.199685 0.231623 14.6898 9
 124.000000 -0.305827 1.64313 0.660985 -1.01323 -0.199685 0.231623 14.6898 9
 124.500000 -0.379026 1.59934 0.596772 0.0661344 -0.199685 0.231623 14.6898 9
 125.000000 -0.586405 1.3683 0.349757 0.942943 -0.150102 0.228846 15.6822 9
 125.500000 -0.489623 1.51029 0.485644 1.13444 -0.150102 0.228846 15.6822 9
 126.000000 -0.507058 1.45802 0.447027 1.22987 -0.150102 0.228846 15.6822 9
 126.500000 -0.690887 1.34578 0.273655 0.406543 -0.150102 0.228846 15.6822 9
 127.000000 -0.661428 1.32484 0.279419 0.466575 -0.150102 0.228846 15.6822 9
 127.500000 -0.524708 1.49082 0.454508 1.21907 -0.0841381 0.236429 16.5196 9
 128.000000 -0.490008 1.55096 0.507279 1.07619 -0.0841381 0.236429 16.5196 9
 128.500000 -0.380651 1.60632 0.599445 -0.163445 -0.0841381 0.236429 16.5196 9
 129.000000 -0.622334 1.28333 0.279418 0.356086 -0.0841381 0.236429 16.5196 9
 129.500000 -0.524124 1.54698 0.48536 1.2111 -0.0841381 0.236429 16.5196 9
 130.000000 -0.486859 1.61049 0.540835 0.733707 -0.0557801 0.256275 17.4977 9
 130.500000 -0.537501 1.47749 0.439692 1.19541 -0.0557801 0.256275 17.4977 9
 131.000000 -0.547973 1.46087 0.424369 1.17467 -0.0557801 0.256275 17.4977 9
 131.500000 -0.75292 1.3275 0.225331 -0.271679 -0.0557801 0.256275 17.4977 9
 132.000000 -0.788097 1.34126 0.212177 -0.368602 -0.0557801 0.256275 17.4977 9
 132.500000 -0.52529 1.46567 0.44042 1.19604 -0.00178205 0.264079 18.3818 9
 133.000000 -0.521224 1.53593 0.481065 1.20824 -0.00178205 0.264079 18.3818 9
 133.500000 -0.41307 1.63015 0.593255 -0.000961758 -0.00178205 0.264079 18.3818 9
 134.000000 -0.514094 1.54152 0.488231 1.17776 -0.00178205 0.264079 18.3818 9
 134.500000 -0.674254 1.36439 0.29448 0.305109 -0.00178205 0.264079 18.3818 9
 135.000000 -0.469547 1.55635 0.522009 0.939658 0.0316458 0.282383 19.3813 9
 135.500000 -0.457111 1.61286 0.559089 0.597675 0.0316458 0.282383 19.3813 9
 136.000000 -0.351079 1.73873 0.683649 -2.17869 0.0316458 0.282383 19.3813 9
 136.500000 -0.26056 1.68106 0.705633 -2.86025 0.0316458 0.282383 19.3813 9
 137.000000 -0.48099 1.47107 0.469539 1.192 0.0316458 0.282383 19.3813 9
 137.500000 -0.672573 1.29834 0.257242 -0.206722 0.0271231 0.28306 19.9283 9
 138.000000 -0.925092 1.21126 0.0493242 -2.90825 0.0271231 0.28306 19.9283 9
 138.500000 -1.21503 0.824122 -0.384877 -9.70976 0.0271231 0.28306 19.9283 9
 139.000000 -1.45357 0.514421 -0.749449 -15.7055 0.0271231 0.28306 19.9283 9
 139.500000 -1.01945 0.860834 -0.233175 -8.42082 0.0271231 0.28306 19.9283 9
 140.000000 -1.17588 0.827819 -0.356956 -9.44798 0.00607129 0.283059 19.9283 9
 140.500000 -1.09288 0.959652 -0.216807 -8.19478 0.00607129 0.283059 19.9283 9
 141.000000 -1.15473 0.767729 -0.382733 -9.43279 0.00607129 0.283059 19.9283 9
 141.500000 -0.947322 1.04427 -0.0693242 -6.2693 0.00607129 0.283059 19.9283 9
 142.000000 -1.26369 0.892755 -0.370534 -9.32543 0.00607129 0.283059 19.9283 9
 142.500000 -1.24838 0.332455 -0.732493 -15.5687 -0.014548 0.254753 19.9283 10
 143.000000 -1.21764 0.405234 -0.663687 -14.4587 -0.014548 0.254753 19.9283 10
 143.500000 -1.40266 0.536411 -0.700903 -14.9453 -0.014548 0.254753 19.9283 10
 144.000000 -1.07344 0.927464 -0.225208 -8.2042 -0.014548 0.254753 19.9283 10
 144.500000 -0.879751 1.10916 0.0142659 -3.79662 -0.014548 0.254753 19.9283 10
 145.000000 -1.03552 0.96519 -0.176347 -7.51124 -0.0347394 0.254753 19.9288 10
 145.500000 -1.06973 0.911263 -0.233323 -7.99828 -0.0347394 0.254753 19.9288 10
 146.000000 -0.891985 1.15373 0.0342205 -3.21608 -0.0347394 0.254753 19.9288 10
 146.500000 -0.681656 1.25496 0.226326 -0.226533 -0.0347394 0.254753 19.9288 10
 147.000000 -0.765411 1.31118 0.208073 -0.357792 -0.0347394 0.254753 19.9288 10
 147.500000 -0.673988 1.3728 0.299492 0.389505 -0.0244312 0.259315 20.7691 10
 148.000000 -0.541575 1.46292 0.42928 1.1943 -0.0244312 0.259315 20.7691 10
 148.500000 -0.750937 1.26439 0.189134 -0.409266 -0.0244312 0.259315 20.7691 10
 149.000000 -0.361586 1.76777 0.692419 -2.41507 -0.0244312 0.259315 20.7691 10
 149.500000 -0.493508 1.4754 0.464495 1.23415 -0.0244312 0.259315 20.7691 10
 150.000000 -0.522508 1.5043 0.463144 1.23474 0.0229383 0.261148 21.6184 10
 150.500000 -0.334569 1.61663 0.631137 -0.758336 0.0229383 0.261148 21.6184 10
 151.000000 -0.309838 1.64608 0.660191 -1.5283 0.0229383 0.261148 21.6184 10
 151.500000 -0.345378 1.61924 0.626282 -0.642197 0.0229383 0.261148 21.6184 10
 152.000000 -0.352907 1.69903 0.662597 -1.5974 0.0229383 0.261148 21.6184 10
 152.500000 -0.23871 1.81789 0.784896 -5.07025 0.00400819 0.237512 21.6234 11
 153.000000 -0.324246 1.73979 0.699129 -2.61361 0.00400819 0.237512 21.6234 11
 153.500000 -0.36406 1.65282 0.632798 -0.710077 0.00400819 0.237512 21.6234 11
 154.000000 -0.55743 1.46439 0.420719 1.28104 0.00400819 0.237512 21.6234 11
 154.500000 -0.527983 1.41919 0.413266 1.24846 0.00400819 0.237512 21.6234 11
 155.000000 -0.663746 1.36908 0.303519 0.543333 0.0171593 0.241366 22.5274 11
 155.500000 -0.493028 1.42408 0.436837 1.29956 0.0171593 0.241366 22.5274 11
 156.000000 -0.517678 1.50422 0.46593 1.32937 0.0171593 0.241366 22.5274 11
 156.500000 -0.636063 1.37989 0.326386 0.772728 0.0171593 0.241366 22.5274 11
 157.000000 -1.28564 0.662689 -0.53874 -11.9064 0.0171593 0.241366 22.5274 11
 157.500000 -1.02107 1.10483 -0.0775641 -6.68498 -0.00116712 0.241365 22.5284 11
 158.000000 -0.924836 1.00328 -0.0807894 -6.50696 -0.00116712 0.241365 22.5284 11
 158.500000 -0.919097 0.982123 -0.0904277 -6.53834 -0.00116712 0.241365 22.5284 11
 159.000000 -0.95834 1.16508 -0.000165021 -5.21982 -0.00116712 0.241365 22.5284 11
 159.500000 -0.928949 1.11956 -0.0103018 -5.55422 -0.00116712 0.241365 22.5284 11
 160.000000 -0.897629 1.16446 0.0373457 -3.89784 -0.0188164 0.221546 22.5447 12
 160.500000 -0.915545 1.08601 -0.0228438 -5.30047 -0.0188164 0.221546 22.5447 12
 161.000000 -0.807368 1.25246 0.147224 -0.907227 -0.0188164 0.221546 22.5447 12
 161.500000 -0.243694 1.65264 0.701114 -2.63925 -0.0188164 0.221546 22.5447 12
 162.000000 -0.417537 1.69975 0.626692 -0.528007 -0.0188164 0.221546 22.5447 12
 162.500000 -0.367963 1.57357 0.589814 0.239006 -0.0136699 0.216827 23.3089 12
 163.000000 -0.610399 1.4525 0.382772 1.15328 -0.0136699 0.216827 23.3089 12
 163.500000 -0.567397 1.46968 0.417757 1.31423 -0.0136699 0.216827 23.3089 12
 164.000000 -0.543566 1.4763 0.435462 1.37388 -0.0136699 0.216827 23.3089 12
 164.500000 -0.893867 1.10643 0.00364338 -4.61518 -0.0136699 0.216827 23.3089 12
 165.000000 -0.860428 0.976493 -0.0559372 -5.97118 -0.0310163 0.216828 23.311 12
 165.500000 -0.920276 1.0008 -0.0794099 -6.00946 -0.0310163 0.216828 23.311 12
 166.000000 -0.919479 1.14477 0.0114148 -4.38285 -0.0310163 0.216828 23.311 12
 166.500000 -0.8666 1.06992 -0.001742 -4.72674 -0.0310163 0.216828 23.311 12
 167.000000 -1.14276 0.963431 -0.246292 -8.20445 -0.0310163 0.216828 23.311 12
 167.500000 -1.11464 0.813504 -0.326348 -8.92902 -0.0481083 0.216828 23.3111 12
 168.000000 -0.890603 1.06712 -0.0187923 -5.13125 -0.0481083 0.216828 23.3111 12
 168.500000 -0.817546 1.1027 0.0497255 -3.2999 -0.0481083 0.216828 23.3111 12
 169.000000 -0.935439 1.08043 -0.038965 -5.52473 -0.0481083 0.216828 23.3111 12
 169.500000 -0.842645 1.14568 0.060233 -2.99866 -0.0481083 0.216828 23.3111 12
 170.000000 -0.849536 1.15664 0.0626412 -2.93022 -0.0639665 0.217059 23.3542 12
 170.500000 -0.685543 1.37118 0.291599 0.638287 -0.0639665 0.217059 23.3542 12
 171.000000 -0.304659 1.60686 0.643325 -0.663839 -0.0639665 0.217059 23.3542 12
 171.500000 -0.220314 1.77472 0.774119 -4.4262 -0.0639665 0.217059 23.3542 12
 172.000000 -0.188565 1.92796 0.864925 -7.16371 -0.0639665 0.217059 23.3542 12
 172.500000 -0.293163 1.61692 0.655002 -0.954609 -0.0736792 0.220681 23.6442 12
 173.000000 -0.710553 1.32306 0.248473 0.313606 -0.0736792 0.220681 23.6442 12
 173.500000 -0.986264 1.02832 -0.10431 -6.23845 -0.0736792 0.220681 23.6442 12
 174.000000 -0.645584 1.37675 0.31886 0.783773 -0.0736792 0.220681 23.6442 12
 174.500000 -0.569955 1.50207 0.434143 1.34639 -0.0736792 0.220681 23.6442 12
 175.000000 -0.292191 1.69633 0.695385 -1.77711 -0.0869596 0.219462 23.7782 12
 175.500000 -0.415255 1.66536 0.61025 0.0617068 -0.0869596 0.219462 23.7782 12
 176.000000 -0.441263 1.58134 0.551584 0.883669 -0.0869596 0.219462 23.7782 12
 176.500000 -0.486544 1.53699 0.501802 1.28969 -0.0869596 0.219462 23.7782 12
 177.000000 -0.311714 1.67998 0.67619 -1.20478 -0.0869596 0.219462 23.7782 12
 177.500000 -0.419354 1.60704 0.577638 0.561626 -0.0725741 0.216906 24.702 12
 178.000000 -0.827889 1.26499 0.142176 -1.03534 -0.0725741 0.216906 24.702 12
 178.500000 -0.978816 0.926067 -0.164757 -7.05361 -0.0725741 0.216906 24.702 12
 179.000000 -1.32898 0.543212 -0.64736 -14.3628 -0.0725741 0.216906 24.702 12
 179.500000 -1.39667 0.659405 -0.613918 -13.7833 -0.0725741 0.216906 24.702 12
 180.000000 -1.3394 0.549694 -0.649967 -14.4028 -0.0883225 0.200221 24.702 13
 180.500000 -1.25412 0.676704 -0.508573 -11.2826 -0.0883225 0.200221 24.702 13
 181.000000 -1.209 0.557018 -0.557863 -12.4761 -0.0883225 0.200221 24.702 13
 181.500000 -1.34774 0.449493 -0.722476 -14.8682 -0.0883225 0.200221 24.702 13
 182.000000 -1.25499 0.612754 -0.551709 -12.3294 -0.0883225 0.200221 24.702 13
 182.500000 -0.946727 0.987051 -0.105156 -6.18741 -0.103792 0.200218 24.7037 13
 183.000000 -0.719141 1.36168 0.265832 0.502802 -0.103792 0.200218 24.7037 13
 183.500000 -0.764653 1.08867 0.074866 -2.43583 -0.103792 0.200218 24.7037 13
 184.000000 -0.965102 0.966765 -0.129906 -6.21961 -0.103792 0.200218 24.7037 13
 184.500000 -1.15494 0.957586 -0.257918 -8.16721 -0.103792 0.200218 24.7037 13
 185.000000 -0.758546 1.22479 0.160798 -0.634038 -0.110047 0.192948 25.0963 14
 185.500000 -0.847327 1.17371 0.074506 -2.19879 -0.110047 0.192948 25.0963 14
 186.000000 -0.470021 1.51018 0.497056 1.41717 -0.110047 0.192948 25.0963 14
 186.500000 -0.749685 1.29141 0.205947 0.05825 -0.110047 0.192948 25.0963 14
 187.000000 -0.501218 1.48792 0.466743 1.47694 -0.110047 0.192948 25.0963 14
 187.500000 -0.274768 1.69024 0.70217 -1.57263 -0.121581 0.192043 25.2623 14
 188.000000 -0.807202 1.26215 0.153166 -0.573375 -0.121581 0.192043 25.2623 14
 188.500000 -0.922257 0.94649 -0.11498 -6.03128 -0.121581 0.192043 25.2623 14
 189.000000 -0.895299 1.01757 -0.0527936 -5.381 -0.121581 0.192043 25.2623 14
 189.500000 -0.836783 1.1256 0.0515944 -2.79215 -0.121581 0.192043 25.2623 14
 190.000000 -0.861063 1.16379 0.0598137 -2.57694 -0.135116 0.192042 25.325 14
 190.500000 -0.839387 1.04842 0.00234066 -3.70134 -0.135116 0.192042 25.325 14
 191.000000 -0.825858 1.1008 0.0432769 -2.76894 -0.135116 0.192042 25.325 14
 191.500000 -0.666147 1.413 0.327273 0.91863 -0.135116 0.192042 25.325 14
 192.000000 -0.516353 1.44784 0.435944 1.436 -0.135116 0.192042 25.325 14
 192.500000 -0.830886 1.25816 0.136196 -0.840755 -0.142479 0.190677 25.6549 14
 193.000000 -0.719135 1.18824 0.163567 -0.330716 -0.142479 0.190677 25.6549 14
 193.500000 -0.497861 1.427 0.435548 1.43481 -0.142479 0.190677 25.6549 14
 194.000000 -0.346235 1.63821 0.635475 -0.102424 -0.142479 0.190677 25.6549 14
 194.500000 -0.54196 1.50838 0.453984 1.47122 -0.142479 0.190677 25.6549 14
 195.000000 -0.955102 1.05356 -0.0684106 -5.44347 -0.156796 0.190676 25.6585 14
 195.500000 -0.922254 1.11002 -0.0120532 -3.98094 -0.156796 0.190676 25.6585 14
 196.000000 -0.513917 1.49806 0.46479 1.477 -0.156796 0.190676 25.6585 14
 196.500000 -0.652521 1.41773 0.338099 0.979356 -0.156796 0.190676 25.6585 14
 197.000000 -0.646804 1.42686 0.346698 1.02642 -0.156796 0.190676 25.6585 14
 197.500000 -0.504787 1.58073 0.514695 1.33464 -0.109436 0.193657 26.3291 14
 198.000000 -0.525503 1.49728 0.457568 1.49488 -0.109436 0.193657 26.3291 14
 198.500000 -0.712351 1.33776 0.255975 0.395019 -0.109436 0.193657 26.3291 14
 199.000000 -0.613208 1.31566 0.303568 0.703533 -0.109436 0.193657 26.3291 14
 199.500000 -0.647136 1.43978 0.353833 0.988728 -0.109436 0.193657 26.3291 14
 200.000000 -0.694256 1.22267 0.199524 -0.044766 -0.108508 0.193332 26.9585 14
 200.500000 -0.925773 1.0948 -0.0238174 -4.31272 -0.108508 0.193332 26.9585 14
 201.000000 -0.928461 0.762653 -0.235777 -7.99963 -0.108508 0.193332 26.9585 14
 201.500000 -1.03308 0.900497 -0.216493 -7.69747 -0.108508 0.193332 26.9585 14
 202.000000 -0.976104 1.06013 -0.0776134 -5.43063 -0.108508 0.193332 26.9585 14
 202.500000 -0.96529 1.08742 -0.0534645 -5.04098 -0.122202 0.193332 26.9638 14
 203.000000 -1.00091 0.934949 -0.173423 -6.78875 -0.122202 0.193332 26.9638 14
 203.500000 -1.00895 1.01368 -0.128155 -5.83422 -0.122202 0.193332 26.9638 14
 204.000000 -0.775731 1.18501 0.126175 -0.740043 -0.122202 0.193332 26.9638 14
 204.500000 -0.762688 1.15194 0.114418 -0.937598 -0.122202 0.193332 26.9638 14
 205.000000 -0.848012 1.19914 0.0896549 -1.41898 -0.132069 0.194308 27.1531 14
 205.500000 -1.00438 0.889052 -0.205144 -7.53197 -0.132069 0.194308 27.1531 14
 206.000000 -0.719562 1.12523 0.125655 -0.696152 -0.132069 0.194308 27.1531 14
 206.500000 -0.628613 1.41095 0.348514 0.941451 -0.132069 0.194308 27.1531 14
 207.000000 -0.632446 1.33552 0.303207 0.711244 -0.132069 0.194308 27.1531 14
 207.500000 -0.641744 1.2666 0.257784 0.474125 -0.121018 0.193598 28.041 14
 208.000000 -0.444032 1.57509 0.546693 1.14513 -0.121018 0.193598 28.041 14
 208.500000 -0.408982 1.50237 0.528692 1.29178 -0.121018 0.193598 28.041 14
 209.000000 -0.711774 1.25451 0.207439 0.267676 -0.121018 0.193598 28.041 14
 209.500000 -0.628589 1.37585 0.328584 0.864069 -0.121018 0.193598 28.041 14
 210.000000 -0.756098 1.22542 0.162694 -0.190503 -0.121901 0.194455 28.612 14
 210.500000 -0.880881 1.11108 0.0147469 -3.02384 -0.121901 0.194455 28.612 14
 211.000000 -1.06369 0.855821 -0.265383 -8.38365 -0.121901 0.194455 28.612 14
 211.500000 -1.0777 1.043 -0.153036 -6.36447 -0.121901 0.194455 28.612 14
 212.000000 -1.11169 1.03545 -0.179455 -6.97718 -0.121901 0.194455 28.612 14
 212.500000 -1.12143 0.768191 -0.360496 -9.00083 -0.134971 0.194455 28.6121 14
 213.000000 -0.769118 1.09957 0.0786381 -1.43733 -0.134971 0.194455 28.6121 14
 213.500000 -0.530908 1.52357 0.468722 1.45463 -0.134971 0.194455 28.6121 14
 214.000000 -0.548544 1.37615 0.377028 1.06203 -0.134971 0.194455 28.6121 14
 214.500000 -0.455148 1.53998 0.521655 1.32196 -0.134971 0.194455 28.6121 14
 215.000000 -0.647068 1.38088 0.32033 0.817101 -0.114778 0.193485 29.6095 14
 215.500000 -0.565094 1.4937 0.43238 1.34021 -0.114778 0.193485 29.6095 14
 216.000000 -0.501062 1.46815 0.456094 1.40972 -0.114778 0.193485 29.6095 14
 216.500000 -0.569542 1.42837 0.393553 1.18802 -0.114778 0.193485 29.6095 14
 217.000000 -0.610839 1.48089 0.398408 1.20665 -0.114778 0.193485 29.6095 14
 217.500000 -0.694593 1.42674 0.318213 0.931796 -0.0916569 0.193331 30.6054 14
 218.000000 -0.268641 1.70046 0.710695 -1.75401 -0.0916569 0.193331 30.6054 14
 218.500000 -0.238776 1.79828 0.775341 -3.3571 -0.0916569 0.193331 30.6054 14
 219.000000 -0.361902 1.63437 0.624588 -0.0258334 -0.0916569 0.193331 30.6054 14
 219.500000 -0.291725 1.49883 0.595802 0.462001 -0.0916569 0.193331 30.6054 14
 220.000000 -0.644852 1.29137 0.270207 0.795239 -0.0739694 0.19364 31.6003 14
 220.500000 -0.757654 1.15012 0.116497 -0.823199 -0.0739694 0.19364 31.6003 14
 221.000000 -0.765217 1.27093 0.18424 0.168079 -0.0739694 0.19364 31.6003 14
 221.500000 -0.535941 1.46538 0.433961 1.29515 -0.0739694 0.19364 31.6003 14
 222.000000 -0.32356 1.65491 0.656851 -0.687438 -0.0739694 0.19364 31.6003 14
 222.500000 -0.610108 1.35716 0.329114 1.09672 -0.0468803 0.193489 32.5375 14
 223.000000 -0.535671 1.49822 0.452114 1.30449 -0.0468803 0.193489 32.5375 14
 223.500000 -0.32084 1.63015 0.645861 -0.502458 -0.0468803 0.193489 32.5375 14
 224.000000 -0.664666 1.39376 0.31714 1.15265 -0.0468803 0.193489 32.5375 14
 224.500000 -0.649912 1.30292 0.273778 0.953069 -0.0468803 0.193489 32.5375 14
 225.000000 -0.610434 1.37556 0.33936 1.1991 -0.0171282 0.192868 33.4021 14
 225.500000 -0.876761 1.13836 0.034255 -2.73898 -0.0171282 0.192868 33.4021 14
 226.000000 -0.619672 1.353 0.320954 1.23528 -0.0171282 0.192868 33.4021 14
 226.500000 -0.976496 0.99014 -0.12237 -5.95068 -0.0171282 0.192868 33.4021 14
 227.000000 -0.994918 1.05556 -0.0924654 -5.56241 -0.0171282 0.192868 33.4021 14
 227.500000 -1.12638 0.699503 -0.4088 -9.40017 -0.0292485 0.192868 33.4022 14
 228.000000 -1.11535 0.859253 -0.296866 -8.62322 -0.0292485 0.192868 33.4022 14
 228.500000 -1.26989 0.483988 -0.647168 -14.9006 -0.0292485 0.192868 33.4022 14
 229.000000 -1.29335 0.601586 -0.584658 -13.8169 -0.0292485 0.192868 33.4022 14
 229.500000 -1.34685 0.716629 -0.542698 -12.275 -0.0292485 0.192868 33.4022 14
 230.000000 -1.31783 0.601385 -0.601041 -14.3216 -0.0412247 0.192868 33.4022 14
 230.500000 -1.58136 0.64188 -0.74599 -15.4464 -0.0412247 0.192868 33.4022 14
 231.000000 -1.42156 0.490307 -0.744475 -15.4346 -0.0412247 0.192868 33.4022 14
 231.500000 -1.24275 0.635723 -0.528302 -11.7662 -0.0412247 0.192868 33.4022 14
 232.000000 -1.33089 0.676946 -0.558973 -12.8251 -0.0412247 0.192868 33.4022 14
 232.500000 -1.21402 0.72089 -0.45274 -9.80562 -0.0530585 0.192868 33.4022 14
 233.000000 -0.835956 1.13011 0.0548889 -2.22795 -0.0530585 0.192868 33.4022 14
 233.500000 -0.820804 1.16657 0.0867493 -1.49784 -0.0530585 0.192868 33.4022 14
 234.000000 -0.908166 1.10371 -0.00709925 -3.87936 -0.0530585 0.192868 33.4022 14
 234.500000 -0.904019 0.971504 -0.0873553 -5.50689 -0.0530585 0.192868 33.4022 14
 235.000000 -0.971178 1.12702 -0.0321532 -4.58573 -0.064628 0.192874 33.4106 14
 235.500000 -0.581462 1.55755 0.457943 1.27698 -0.064628 0.192874 33.4106 14
 236.000000 -0.601816 1.53171 0.431926 1.25379 -0.064628 0.192874 33.4106 14
 236.500000 -0.59538 1.47318 0.403203 1.24955 -0.064628 0.192874 33.4106 14
 237.000000 -0.398587 1.50941 0.538507 1.02501 -0.064628 0.192874 33.4106 14
 237.500000 -0.270776 1.73628 0.727215 -2.20893 -0.0748276 0.192488 33.4985 14
 238.000000 -0.481819 1.56574 0.519918 1.1521 -0.0748276 0.192488 33.4985 14
 238.500000 -0.25057 1.72519 0.733051 -2.15829 -0.0748276 0.192488 33.4985 14
 239.000000 -0.765383 1.18029 0.129814 -0.660623 -0.0748276 0.192488 33.4985 14
 239.500000 -1.02505 0.880293 -0.224287 -8.14447 -0.0748276 0.192488 33.4985 14
 240.000000 -1.15137 0.916644 -0.282543 -8.57848 -0.0862539 0.192489 33.4987 14
 240.500000 -0.863625 1.17621 0.0658536 -1.96664 -0.0862539 0.192489 33.4987 14
 241.000000 -0.59035 1.4714 0.405179 1.24914 -0.0862539 0.192489 33.4987 14
 241.500000 -0.345045 1.60183 0.61757 0.000355484 -0.0862539 0.192489 33.4987 14
 242.000000 -0.555412 1.43707 0.406798 1.24845 -0.0862539 0.192489 33.4987 14
 242.500000 -0.797927 1.29533 0.178791 0.0409382 -0.0847311 0.193957 34.1721 14
 243.000000 -0.63682 1.38389 0.328214 1.23712 -0.0847311 0.193957 34.1721 14
 243.500000 -0.432514 1.55778 0.544222 0.95866 -0.0847311 0.193957 34.1721 14
 244.000000 -0.333421 1.69721 0.672629 -1.06555 -0.0847311 0.193957 34.1721 14
 244.500000 -0.557643 1.32258 0.34146 1.26043 -0.0847311 0.193957 34.1721 14
 245.000000 -0.537898 1.47696 0.439168 1.24158 -0.0544485 0.19409 34.9985 14
 245.500000 -0.660138 1.33715 0.28731 1.02172 -0.0544485 0.19409 34.9985 14
 246.000000 -0.543862 1.46819 0.430831 1.30815 -0.0544485 0.19409 34.9985 14
 246.500000 -0.642544 1.42106 0.345937 1.24848 -0.0544485 0.19409 34.9985 14
 247.000000 -0.405448 1.51714 0.538559 0.994916 -0.0544485 0.19409 34.9985 14
 247.500000 -0.344862 1.61317 0.623475 -0.178846 -0.0557347 0.192341 35.5636 15
 248.000000 -0.722931 1.27707 0.213878 0.43906 -0.0557347 0.192341 35.5636 15
 248.500000 -0.622741 1.38745 0.338703 1.23547 -0.0557347 0.192341 35.5636 15
 249.000000 -0.627172 1.34432 0.311448 1.14994 -0.0557347 0.192341 35.5636 15
 249.500000 -0.702147 1.35397 0.271603 0.914574 -0.0557347 0.192341 35.5636 15
 250.000000 -0.541159 1.4061 0.398133 1.27506 -0.025922 0.192607 36.3623 15
 250.500000 -0.291518 1.6498 0.672483 -0.986148 -0.025922 0.192607 36.3623 15
 251.000000 -0.909183 1.01684 -0.0621795 -5.03154 -0.025922 0.192607 36.3623 15
 251.500000 -0.898839 1.04341 -0.0388751 -4.65833 -0.025922 0.192607 36.3623 15
 252.000000 -1.0518 1.03014 -0.144906 -6.38549 -0.025922 0.192607 36.3623 15
 252.500000 -0.951878 1.01429 -0.0912107 -5.39803 -0.0366824 0.192601 36.366 15
 253.000000 -0.903897 0.982062 -0.080633 -5.11733 -0.0366824 0.192601 36.366 15
 253.500000 -0.764542 1.30917 0.20741 0.330134 -0.0366824 0.192601 36.366 15
 254.000000 -0.663903 1.27063 0.246445 0.670795 -0.0366824 0.192601 36.366 15
 254.500000 -0.975036 0.995743 -0.117862 -5.60782 -0.0366824 0.192601 36.366 15
 255.000000 -0.800845 1.18587 0.110986 -0.965853 -0.0431407 0.193804 36.6485 15
 255.500000 -0.376626 1.57917 0.587715 0.406016 -0.0431407 0.193804 36.6485 15
 256.000000 -0.443919 1.52772 0.521678 1.09462 -0.0431407 0.193804 36.6485 15
 256.500000 -0.576288 1.45384 0.403716 1.34156 -0.0431407 0.193804 36.6485 15
 257.000000 -0.540798 1.43644 0.415147 1.34267 -0.0431407 0.193804 36.6485 15
 257.500000 -0.591532 1.39304 0.360612 1.31974 -0.012995 0.192269 37.4068 15
 258.000000 -0.543641 1.3991 0.392763 1.38763 -0.012995 0.192269 37.4068 15
 258.500000 -0.259909 1.77918 0.754341 -2.72169 -0.012995 0.192269 37.4068 15
 259.000000 -0.426822 1.50123 0.51761 1.09026 -0.012995 0.192269 37.4068 15
 259.500000 -0.52442 1.48904 0.453708 1.32478 -0.012995 0.192269 37.4068 15
 260.000000 -0.568909 1.41529 0.386638 1.39192 0.0185357 0.19158 38.0832 15
 260.500000 -0.712847 1.39171 0.287091 0.991235 0.0185357 0.19158 38.0832 15
 261.000000 -0.711883 1.25249 0.206179 0.228018 0.0185357 0.19158 38.0832 15
 261.500000 -0.55862 1.50672 0.443333 1.35475 0.0185357 0.19158 38.0832 15
 262.000000 -0.451659 1.59642 0.553553 0.744377 0.0185357 0.19158 38.0832 15
 262.500000 -0.630251 1.23796 0.248303 0.609894 0.0268151 0.190956 38.9998 15
 263.000000 -0.403237 1.48123 0.520893 1.02195 0.0268151 0.190956 38.9998 15
 263.500000 -0.626138 1.39608 0.34156 1.38112 0.0268151 0.190956 38.9998 15
 264.000000 -0.848599 1.0387 -0.0095912 -4.01033 0.0268151 0.190956 38.9998 15
 264.500000 -1.05341 0.90315 -0.227995 -8.2114 0.0268151 0.190956 38.9998 15
 265.000000 -0.89832 1.12528 0.0125664 -3.33138 0.0169173 0.179367 39.0273 16
 265.500000 -0.888589 1.0063 -0.0555275 -4.72085 0.0169173 0.179367 39.0273 16
 266.000000 -0.627824 1.42143 0.354924 1.47935 0.0169173 0.179367 39.0273 16
 266.500000 -0.564598 1.53184 0.453624 1.37479 0.0169173 0.179367 39.0273 16
 267.000000 -0.485329 1.51073 0.488394 1.26733 0.0169173 0.179367 39.0273 16
 267.500000 -0.337193 1.62307 0.632917 -0.29782 0.0141861 0.179042 39.5212 16
 268.000000 -0.44221 1.51153 0.514065 1.1236 0.0141861 0.179042 39.5212 16
 268.500000 -0.319631 1.62702 0.644964 -0.384076 0.0141861 0.179042 39.5212 16
 269.000000 -0.643465 1.3524 0.306195 1.23349 0.0141861 0.179042 39.5212 16
 269.500000 -0.44708 1.52668 0.519279 1.08774 0.0141861 0.179042 39.5212 16
 270.000000 -0.405153 1.57543 0.569305 0.623387 0.0225407 0.179181 40.4476 16
 270.500000 -0.532399 1.47028 0.438745 1.38244 0.0225407 0.179181 40.4476 16
 271.000000 -0.505056 1.55774 0.502204 1.20015 0.0225407 0.179181 40.4476 16
 271.500000 -0.384752 1.60403 0.595909 0.409745 0.0225407 0.179181 40.4476 16
 272.000000 -0.722828 1.28123 0.216393 0.444143 0.0225407 0.179181 40.4476 16
 272.500000 -0.691978 1.34758 0.27404 0.952801 0.0376261 0.179497 41.4474 16
 273.000000 -0.647531 1.41911 0.341856 1.41666 0.0376261 0.179497 41.4474 16
 273.500000 -0.666125 1.41695 0.329542 1.37214 0.0376261 0.179497 41.4474 16
 274.000000 -0.283088 1.71148 0.708043 -1.64135 0.0376261 0.179497 41.4474 16
 274.500000 -0.365805 1.71908 0.665519 -0.728428 0.0376261 0.179497 41.4474 16
 275.000000 -0.491792 1.60218 0.533599 0.989669 0.0531037 0.181696 42.4446 16
 275.500000 -0.415626 1.50136 0.524255 1.10902 0.0531037 0.181696 42.4446 16
 276.000000 -0.62165 1.32709 0.304952 1.20752 0.0531037 0.181696 42.4446 16
 276.500000 -0.821252 1.20673 0.110931 -1.00749 0.0531037 0.181696 42.4446 16
 277.000000 -0.602444 1.42317 0.371033 1.42581 0.0531037 0.181696 42.4446 16
 277.500000 -0.522351 1.49201 0.456543 1.30504 0.0770582 0.181259 43.2585 16
 278.000000 -0.589957 1.35432 0.33971 1.34988 0.0770582 0.181259 43.2585 16
 278.500000 -0.622274 1.4596 0.37974 1.41737 0.0770582 0.181259 43.2585 16
 279.000000 -0.903558 0.999195 -0.0696427 -5.03955 0.0770582 0.181259 43.2585 16
 279.500000 -1.13822 0.980665 -0.23209 -8.31932 0.0770582 0.181259 43.2585 16
 280.000000 -1.26684 0.856299 -0.39695 -9.19097 0.0673972 0.181259 43.2586 16
 280.500000 -1.07913 0.960541 -0.2074 -7.89384 0.0673972 0.181259 43.2586 16
 281.000000 -1.02944 1.04056 -0.123989 -5.84859 0.0673972 0.181259 43.2586 16
 281.500000 -0.87873 0.920889 -0.102692 -5.48826 0.0673972 0.181259 43.2586 16
 282.000000 -0.860324 1.24116 0.107733 -1.09783 0.0673972 0.181259 43.2586 16
 282.500000 -0.708766 1.3245 0.250404 0.771078 0.0770757 0.180646 44.2312 16
 283.000000 -0.575103 1.34702 0.344599 1.35741 0.0770757 0.180646 44.2312 16
 283.500000 -0.491129 1.48055 0.468687 1.33477 0.0770757 0.180646 44.2312 16
 284.000000 -0.537056 1.57657 0.493888 1.26707 0.0770757 0.180646 44.2312 16
 284.500000 -0.834757 1.19075 0.092783 -1.42086 0.0770757 0.180646 44.2312 16
 285.000000 -0.90292 0.947152 -0.101974 -5.49241 0.0676333 0.180642 44.2344 16
 285.500000 -0.70286 1.38599 0.28976 1.11445 0.0676333 0.180642 44.2344 16
 286.000000 -0.504454 1.50352 0.473301 1.32581 0.0676333 0.180642 44.2344 16
 286.500000 -0.548305 1.44841 0.417293 1.38391 0.0676333 0.180642 44.2344 16
 287.000000 -0.900842 1.1674 0.0371616 -2.68016 0.0676333 0.180642 44.2344 16
 287.500000 -0.691208 1.29641 0.244699 0.802419 0.0777227 0.180039 45.2158 16
 288.000000 -0.543731 1.40375 0.39529 1.3799 0.0777227 0.180039 45.2158 16
 288.500000 -0.3187 1.6407 0.652423 -0.586473 0.0777227 0.180039 45.2158 16
 289.000000 -0.588326 1.33811 0.331524 1.31237 0.0777227 0.180039 45.2158 16
 289.500000 -0.737634 1.16005 0.135093 -0.594047 0.0777227 0.180039 45.2158 16
 290.000000 -0.773121 1.18079 0.125266 -0.780428 0.0723746 0.181071 45.5399 16
 290.500000 -0.895845 1.07 -0.020337 -4.245 0.0723746 0.181071 45.5399 16
 291.000000 -0.892961 1.13427 0.0215311 -3.04521 0.0723746 0.181071 45.5399 16
 291.500000 -0.832794 1.11832 0.0496416 -2.25354 0.0723746 0.181071 45.5399 16
 292.000000 -1.06103 0.753896 -0.329842 -8.7525 0.0723746 0.181071 45.5399 16
 292.500000 -1.04826 0.869926 -0.246156 -8.43627 0.0631598 0.181069 45.5401 16
 293.000000 -0.952171 1.08793 -0.0448427 -4.72678 0.0631598 0.181069 45.5401 16
 293.500000 -1.08238 0.910496 -0.242017 -8.20912 0.0631598 0.181069 45.5401 16
 294.000000 -0.855617 0.954377 -0.0666097 -4.99087 0.0631598 0.181069 45.5401 16
 294.500000 -1.11018 0.829546 -0.312929 -8.59142 0.0631598 0.181069 45.5401 16
 295.000000 -1.31956 0.602141 -0.60168 -14.3939 0.0540273 0.181069 45.5401 16
 295.500000 -1.1491 0.460772 -0.580503 -13.7374 0.0540273 0.181069 45.5401 16
 296.000000 -1.39061 0.209362 -0.910685 -15.9993 0.0540273 0.181069 45.5401 16
 296.500000 -1.32197 0.494479 -0.675199 -14.8437 0.0540273 0.181069 45.5401 16
 297.000000 -1.1199 0.632525 -0.448335 -9.62984 0.0540273 0.181069 45.5401 16
 297.500000 -1.42643 0.476127 -0.757252 -15.6519 0.0449775 0.181069 45.5401 16
 298.000000 -1.4099 0.638658 -0.636629 -14.4452 0.0449775 0.181069 45.5401 16
 298.500000 -1.25586 0.662388 -0.519258 -11.4668 0.0449775 0.181069 45.5401 16
 299.000000 -0.89064 1.02018 -0.0481574 -4.77465 0.0449775 0.181069 45.5401 16
 299.500000 -0.951982 1.03536 -0.077937 -5.10345 0.0449775 0.181069 45.5401 16
 300.000000 -0.743452 1.17894 0.142763 -0.393249 0.0418044 0.180677 45.9969 16
 300.500000 -0.680706 1.42896 0.327739 1.28811 0.0418044 0.180677 45.9969 16
 301.000000 -0.73499 1.21193 0.16777 0.0500494 0.0418044 0.180677 45.9969 16
 301.500000 -0.434623 1.46234 0.492281 1.24519 0.0418044 0.180677 45.9969 16
 302.000000 -0.534982 1.54208 0.47641 1.2912 0.0418044 0.180677 45.9969 16
 302.500000 -0.570084 1.34591 0.347021 1.33903 0.065064 0.179736 46.7679 16
 303.000000 -0.788167 1.29157 0.182503 0.214039 0.065064 0.179736 46.7679 16
 303.500000 -0.758752 1.13827 0.108653 -0.871124 0.065064 0.179736 46.7679 16
 304.000000 -0.433146 1.6486 0.591436 0.397945 0.065064 0.179736 46.7679 16
 304.500000 -0.478137 1.56914 0.52386 1.0594 0.065064 0.179736 46.7679 16
 305.000000 -0.497227 1.41217 0.427808 1.34458 0.0875712 0.180702 47.5518 16
 305.500000 -0.364582 1.60721 0.609117 0.0985963 0.0875712 0.180702 47.5518 16
 306.000000 -0.3838 1.52803 0.556929 0.758944 0.0875712 0.180702 47.5518 16
 306.500000 -0.39703 1.60818 0.591019 0.358012 0.0875712 0.180702 47.5518 16
 307.000000 -0.472697 1.42524 0.449618 1.37575 0.0875712 0.180702 47.5518 16
 307.500000 -0.737386 1.26709 0.199079 0.379124 0.0905103 0.183198 48.354 16
 308.000000 -0.487027 1.56094 0.514348 1.0947 0.0905103 0.183198 48.354 16
 308.500000 -0.44599 1.51591 0.514186 1.09578 0.0905103 0.183198 48.354 16
 309.000000 -0.559198 1.68412 0.539091 0.904053 0.0905103 0.183198 48.354 16
 309.500000 -0.775688 1.32602 0.210634 0.565219 0.0905103 0.183198 48.354 16
 310.000000 -0.49157 1.48129 0.46883 1.3088 0.110832 0.182554 49.1921 16
 310.500000 -0.4705 1.48179 0.481515 1.32167 0.110832 0.182554 49.1921 16
 311.000000 -0.581011 1.42724 0.386086 1.40062 0.110832 0.182554 49.1921 16
 311.500000 -0.605207 1.3094 0.304884 1.16743 0.110832 0.182554 49.1921 16
 312.000000 -0.512072 1.43559 0.431781 1.40873 0.110832 0.182554 49.1921 16
 312.500000 -0.375707 1.59107 0.594404 0.264366 0.112249 0.182454 49.9339 16
 313.000000 -0.240814 1.6639 0.708322 -1.86022 0.112249 0.182454 49.9339 16
 313.500000 -0.368312 1.66599 0.637115 -0.314424 0.112249 0.182454 49.9339 16
 314.000000 -0.589288 1.48252 0.411983 1.39944 0.112249 0.182454 49.9339 16
 314.500000 -0.700774 1.34794 0.268923 0.957365 0.112249 0.182454 49.9339 16
 315.000000 -0.624738 1.40656 0.348346 1.33512 0.132358 0.181565 50.7491 16
 315.500000 -0.267016 1.75679 0.739415 -2.61857 0.132358 0.181565 50.7491 16
 316.000000 -0.651712 1.54992 0.413148 1.40808 0.132358 0.181565 50.7491 16
 316.500000 -0.45072 1.51549 0.511196 1.13275 0.132358 0.181565 50.7491 16
 317.000000 -0.684689 1.33351 0.270288 0.971605 0.132358 0.181565 50.7491 16
 317.500000 -0.51256 1.49937 0.466295 1.33717 0.151799 0.180879 51.576 16
 318.000000 -0.529786 1.46932 0.439764 1.42185 0.151799 0.180879 51.576 16
 318.500000 -0.324321 1.66681 0.662429 -0.864104 0.151799 0.180879 51.576 16
 319.000000 -0.348461 1.68564 0.658315 -0.777871 0.151799 0.180879 51.576 16
 319.500000 -0.517256 1.56205 0.497473 1.26116 0.151799 0.180879 51.576 16
 320.000000 -0.433863 1.54367 0.535985 0.958507 0.162084 0.182213 52.5748 16
 320.500000 -0.944042 1.09198 -0.0371505 -4.78638 0.162084 0.182213 52.5748 16
 321.000000 -0.67832 1.31641 0.264236 0.882852 0.162084 0.182213 52.5748 16
 321.500000 -0.654966 1.37845 0.314189 1.20053 0.162084 0.182213 52.5748 16
 322.000000 -0.560313 1.36888 0.365855 1.37841 0.162084 0.182213 52.5748 16
 322.500000 -0.545267 1.4417 0.415394 1.40015 0.182121 0.183761 53.3346 16
 323.000000 -0.363075 1.67089 0.642577 -0.51699 0.182121 0.183761 53.3346 16
 323.500000 -0.766266 1.28953 0.194678 0.271673 0.182121 0.183761 53.3346 16
 324.000000 -0.838788 1.2658 0.135977 -0.510585 0.182121 0.183761 53.3346 16
 324.500000 -0.686186 1.38864 0.301292 1.09857 0.182121 0.183761 53.3346 16
 325.000000 -0.608471 1.42702 0.369603 1.40036 0.201451 0.183163 54.1131 16
 325.500000 -0.71748 1.2749 0.215945 0.448545 0.201451 0.183163 54.1131 16
 326.000000 -0.531194 1.48125 0.445467 1.44861 0.201451 0.183163 54.1131 16
 326.500000 -0.62443 1.34613 0.314145 1.20149 0.201451 0.183163 54.1131 16
 327.000000 -0.605268 1.31297 0.306881 1.15063 0.201451 0.183163 54.1131 16
 327.500000 -0.97501 1.02957 -0.0963239 -5.54475 0.193314 0.183161 54.116 16
 328.000000 -0.921961 1.05135 -0.0486755 -4.97742 0.193314 0.183161 54.116 16
 328.500000 -0.822354 1.1552 0.0788318 -1.67137 0.193314 0.183161 54.116 16
 329.000000 -0.994958 1.12917 -0.0457008 -4.93947 0.193314 0.183161 54.116 16
 329.500000 -0.872219 1.11909 0.0251898 -3.13991 0.193314 0.183161 54.116 16
 330.000000 -0.976888 1.10537 -0.049434 -4.98663 0.185263 0.183162 54.1209 16
 330.500000 -0.753178 1.24881 0.178473 0.0635831 0.185263 0.183162 54.1209 16
 331.000000 -0.452377 1.60125 0.555684 0.770569 0.185263 0.183162 54.1209 16
 331.500000 -0.681738 1.32879 0.269342 0.86845 0.185263 0.183162 54.1209 16
 332.000000 -0.576714 1.3748 0.359271 1.42399 0.185263 0.183162 54.1209 16
 332.500000 -0.508747 1.44317 0.437909 1.45834 0.205628 0.1832 54.8327 16
 333.000000 -0.544237 1.40797 0.397329 1.4926 0.205628 0.1832 54.8327 16
 333.500000 -0.461935 1.66115 0.581688 0.432601 0.205628 0.1832 54.8327 16
 334.000000 -0.346945 1.50402 0.566001 0.62394 0.205628 0.1832 54.8327 16
 334.500000 -0.503597 1.48521 0.46387 1.45173 0.205628 0.1832 54.8327 16
 335.000000 -0.568675 1.44886 0.40546 1.50014 0.226436 0.185077 55.4995 16
 335.500000 -0.471878 1.54388 0.514009 1.11957 0.226436 0.185077 55.4995 16
 336.000000 -0.74475 1.30758 0.218533 0.402911 0.226436 0.185077 55.4995 16
 336.500000 -0.655884 1.28631 0.260494 0.732718 0.226436 0.185077 55.4995 16
 337.000000 -0.820616 1.19996 0.107212 -1.11888 0.226436 0.185077 55.4995 16
 337.500000 -0.695375 1.26698 0.224905 0.456558 0.228471 0.184951 56.2989 16
 338.000000 -0.509755 1.41303 0.420777 1.5332 0.228471 0.184951 56.2989 16
 338.500000 -0.613262 1.33112 0.312367 1.1523 0.228471 0.184951 56.2989 16
 339.000000 -1.00441 0.97818 -0.147973 -6.32129 0.228471 0.184951 56.2989 16
 339.500000 -1.15582 0.91653 -0.285484 -8.80032 0.228471 0.184951 56.2989 16
 340.000000 -1.17363 0.73445 -0.417129 -9.53001 0.220629 0.184951 56.299 16
 340.500000 -1.24104 0.495327 -0.620207 -14.6 0.220629 0.184951 56.299 16
 341.000000 -1.31901 0.489067 -0.676821 -15.0545 0.220629 0.184951 56.299 16
 341.500000 -1.29666 0.543992 -0.625271 -14.6293 0.220629 0.184951 56.299 16
 342.000000 -1.39653 0.579485 -0.66782 -14.9639 0.220629 0.184951 56.299 16
 342.500000 -1.06104 0.815087 -0.290101 -8.81944 0.212847 0.184951 56.2991 16
 343.000000 -1.1464 0.849884 -0.323221 -8.8168 0.212847 0.184951 56.2991 16
 343.500000 -0.883628 0.92668 -0.102261 -5.46388 0.212847 0.184951 56.2991 16
 344.000000 -0.927358 1.21815 0.0522055 -2.41693 0.212847 0.184951 56.2991 16
 344.500000 -1.03223 0.923332 -0.201205 -7.77991 0.212847 0.184951 56.2991 16
 345.000000 -0.89837 0.980386 -0.0781087 -5.20583 0.20516 0.18495 56.3029 16
 345.500000 -0.961205 1.01336 -0.0977827 -5.30038 0.20516 0.18495 56.3029 16
 346.000000 -1.09443 0.956483 -0.219865 -8.18492 0.20516 0.18495 56.3029 16
 346.500000 -1.06789 0.908267 -0.234074 -8.40222 0.20516 0.18495 56.3029 16
 347.000000 -1.01974 1.10382 -0.0773756 -5.10182 0.20516 0.18495 56.3029 16
 347.500000 -0.954034 0.981053 -0.113674 -5.52052 0.197522 0.184948 56.3057 16
 348.000000 -1.04282 0.977162 -0.173321 -6.73273 0.197522 0.184948 56.3057 16
 348.500000 -0.993818 0.929811 -0.172112 -6.69761 0.197522 0.184948 56.3057 16
 349.000000 -1.08292 0.889671 -0.255921 -8.54284 0.197522 0.184948 56.3057 16
 349.500000 -0.91687 1.04484 -0.0495145 -4.85331 0.197522 0.184948 56.3057 16
 350.000000 -0.966114 1.11188 -0.0385339 -4.74939 0.189972 0.184952 56.3118 16
 350.500000 -1.17383 1.02333 -0.226672 -8.23813 0.189972 0.184952 56.3118 16
 351.000000 -0.860711 1.08944 0.014116 -3.52888 0.189972 0.184952 56.3118 16
 351.500000 -0.72312 1.4591 0.319955 1.20839 0.189972 0.184952 56.3118 16
 352.000000 -0.691498 1.3411 0.270564 0.842137 0.189972 0.184952 56.3118 16
 352.500000 -0.550779 1.48653 0.436837 1.51687 0.21058 0.1852 56.9697 16
 353.000000 -0.378872 1.61639 0.605662 0.00916425 0.21058 0.1852 56.9697 16
 353.500000 -0.487947 1.45753 0.458081 1.50338 0.21058 0.1852 56.9697 16
 354.000000 -1.00066 1.06657 -0.0890953 -5.0451 0.21058 0.1852 56.9697 16
 354.500000 -0.897325 0.921662 -0.114383 -5.36973 0.21058 0.1852 56.9697 16
 355.000000 -1.0213 0.759392 -0.299865 -8.7546 0.20309 0.1852 56.9698 16
 355.500000 -1.25829 0.425518 -0.677991 -15.0861 0.20309 0.1852 56.9698 16
 356.000000 -1.24994 0.539793 -0.596767 -14.5666 0.20309 0.1852 56.9698 16
 356.500000 -1.37878 0.716945 -0.563288 -13.8012 0.20309 0.1852 56.9698 16
 357.000000 -1.167 0.581103 -0.513741 -11.717 0.20309 0.1852 56.9698 16
 357.500000 -1.30575 0.508623 -0.654908 -14.8692 0.195655 0.1852 56.9698 16
 358.000000 -1.2828 0.630222 -0.558546 -13.606 0.195655 0.1852 56.9698 16
 358.500000 -1.39816 0.7285 -0.568049 -13.9591 0.195655 0.1852 56.9698 16
 359.000000 -1.36693 0.638693 -0.608398 -14.5169 0.195655 0.1852 56.9698 16
 359.500000 -1.17278 0.556991 -0.533489 -12.5234 0.195655 0.1852 56.9698 16
 360.000000 -1.79116 0.527817 -0.960497 -16 0.188275 0.174306 56.9698 17
 360.500000 -1.25721 0.770034 -0.448362 -9.83617 0.188275 0.174306 56.9698 17
 361.000000 -1.04998 0.729956 -0.338031 -8.74042 0.188275 0.174306 56.9698 17
 361.500000 -1.05139 0.681567 -0.370372 -8.95218 0.188275 0.174306 56.9698 17
 362.000000 -1.38395 0.678164 -0.592907 -14.4119 0.188275 0.174306 56.9698 17
 362.500000 -1.24395 0.895177 -0.356262 -8.85301 0.18095 0.174306 56.9699 17
 363.000000 -1.14501 0.915547 -0.279168 -8.47925 0.18095 0.174306 56.9699 17
 363.500000 -0.776228 1.24161 0.159916 -0.158201 0.18095 0.174306 56.9699 17
 364.000000 -0.457353 1.49028 0.493824 1.34908 0.18095 0.174306 56.9699 17
 364.500000 -0.654624 1.3554 0.301167 1.09778 0.18095 0.174306 56.9699 17
 365.000000 -0.79076 1.0931 0.0609041 -2.15257 0.174385 0.17406 57.0485 17
 365.500000 -0.929578 1.10274 -0.0212437 -4.20866 0.174385 0.17406 57.0485 17
 366.000000 -0.881191 1.20166 0.070581 -1.82069 0.174385 0.17406 57.0485 17
 366.500000 -0.851812 1.09017 0.0202289 -3.11755 0.174385 0.17406 57.0485 17
 367.000000 -0.43803 1.59368 0.559931 0.672382 0.174385 0.17406 57.0485 17
 367.500000 -0.68361 1.26953 0.23365 0.618329 0.178397 0.17389 57.9202 17
 368.000000 -1.12796 0.949579 -0.245892 -8.40423 0.178397 0.17389 57.9202 17
 368.500000 -1.06952 0.941932 -0.213286 -7.92345 0.178397 0.17389 57.9202 17
 369.000000 -1.06453 1.02839 -0.154123 -6.18832 0.178397 0.17389 57.9202 17
 369.500000 -0.665063 1.45747 0.353266 1.44534 0.178397 0.17389 57.9202 17
 370.000000 -0.593017 1.25644 0.282083 0.978469 0.187114 0.174222 58.9142 17
 370.500000 -0.287048 1.63997 0.670095 -1.2151 0.187114 0.174222 58.9142 17
 371.000000 -0.149258 1.81996 0.83515 -5.81984 0.187114 0.174222 58.9142 17
 371.500000 -0.42124 1.57223 0.558342 0.6645 0.187114 0.174222 58.9142 17
 372.000000 -0.470086 1.54019 0.513082 1.1511 0.187114 0.174222 58.9142 17
 372.500000 -0.594789 1.39319 0.358743 1.46639 0.205344 0.17344 59.67 17
 373.000000 -0.374891 1.62742 0.613617 -0.106615 0.205344 0.17344 59.67 17
 373.500000 -0.183508 1.74515 0.780307 -3.9018 0.205344 0.17344 59.67 17
 374.000000 -0.643049 1.40063 0.334013 1.38531 0.205344 0.17344 59.67 17
 374.500000 -0.519665 1.48416 0.453845 1.53418 0.205344 0.17344 59.67 17
 375.000000 -0.649292 1.25129 0.244224 0.791169 0.210938 0.173191 60.611 17
 375.500000 -0.54335 1.34925 0.365144 1.52196 0.210938 0.173191 60.611 17
 376.000000 -0.543874 1.44255 0.416692 1.59034 0.210938 0.173191 60.611 17
 376.500000 -0.38396 1.68846 0.639764 -0.593477 0.210938 0.173191 60.611 17
 377.000000 -0.651839 1.40169 0.329356 1.35195 0.210938 0.173191 60.611 17
 377.500000 -0.350784 1.55875 0.592104 0.209667 0.210929 0.173121 61.28 17
 378.000000 -0.650908 1.27019 0.254206 0.902426 0.210929 0.173121 61.28 17
 378.500000 -0.301831 1.6802 0.681884 -1.44726 0.210929 0.173121 61.28 17
 379.000000 -0.449195 1.59649 0.555001 0.706105 0.210929 0.173121 61.28 17
 379.500000 -0.662858 1.28619 0.256138 0.913852 0.210929 0.173121 61.28 17
 380.000000 -0.64246 1.38293 0.324276 1.31505 0.224835 0.17279 62.2007 17
 380.500000 -0.846568 1.24753 0.120088 -0.884679 0.224835 0.17279 62.2007 17
 381.000000 -0.960765 1.11817 -0.0311969 -4.47804 0.224835 0.17279 62.2007 17
 381.500000 -1.05876 1.04439 -0.14014 -5.90443 0.224835 0.17279 62.2007 17
 382.000000 -1.01671 1.02918 -0.123183 -5.54531 0.224835 0.17279 62.2007 17
 382.500000 -0.782506 1.13961 0.094445 -1.39939 0.219283 0.172721 62.3629 17
 383.000000 -1.1566 0.7109 -0.421389 -9.39833 0.219283 0.172721 62.3629 17
 383.500000 -1.54692 0.366332 -0.911396 -15.9049 0.219283 0.172721 62.3629 17
 384.000000 -1.50848 0.529719 -0.775292 -15.6168 0.219283 0.172721 62.3629 17
 384.500000 -1.10283 0.623609 -0.442689 -9.72589 0.219283 0.172721 62.3629 17
 385.000000 -1.1507 1.0027 -0.225582 -8.24658 0.212411 0.17272 62.3631 17
 385.500000 -0.954045 0.972199 -0.119303 -5.47495 0.212411 0.17272 62.3631 17
 386.000000 -1.01722 0.970185 -0.161349 -6.45022 0.212411 0.17272 62.3631 17
 386.500000 -1.03188 0.957323 -0.179069 -6.96961 0.212411 0.17272 62.3631 17
 387.000000 -1.00345 0.82889 -0.243227 -8.32859 0.212411 0.17272 62.3631 17
 387.500000 -1.13557 0.926309 -0.266028 -8.43594 0.205586 0.17272 62.3633 17
 388.000000 -1.03345 0.903816 -0.214591 -7.88925 0.205586 0.17272 62.3633 17
 388.500000 -1.07887 0.996292 -0.184037 -7.10932 0.205586 0.17272 62.3633 17
 389.000000 -1.06796 0.864804 -0.262345 -8.30039 0.205586 0.17272 62.3633 17
 389.500000 -0.867792 1.1226 0.0301564 -2.81186 0.205586 0.17272 62.3633 17
 390.000000 -0.900199 1.02039 -0.0541747 -4.76385 0.198854 0.172721 62.3691 17
 390.500000 -0.820191 1.07842 0.0331299 -2.72809 0.198854 0.172721 62.3691 17
 391.000000 -0.958442 1.10177 -0.0400788 -4.53067 0.198854 0.172721 62.3691 17
 391.500000 -0.994886 0.962325 -0.151985 -6.17187 0.198854 0.172721 62.3691 17
 392.000000 -1.08602 0.983777 -0.196727 -7.51313 0.198854 0.172721 62.3691 17
 392.500000 -1.11146 0.948941 -0.235715 -8.20574 0.192121 0.17272 62.3693 17
 393.000000 -0.94201 0.769928 -0.240206 -8.11709 0.192121 0.17272 62.3693 17
 393.500000 -1.13074 0.639702 -0.450912 -9.92087 0.192121 0.17272 62.3693 17
 394.000000 -1.25748 0.569704 -0.581973 -14.3485 0.192121 0.17272 62.3693 17
 394.500000 -1.42463 0.496241 -0.742522 -15.4469 0.192121 0.17272 62.3693 17
 395.000000 -0.903635 0.299003 -0.513841 -11.7421 0.185433 0.163124 62.3693 18
 395.500000 -0.974858 0.242524 -0.600278 -14.1911 0.185433 0.163124 62.3693 18
 396.000000 -0.602762 0.535652 -0.152674 -6.13172 0.185433 0.163124 62.3693 18
 396.500000 -0.371462 0.435119 -0.0467983 -4.55273 0.185433 0.163124 62.3693 18
 397.000000 -0.146685 0.513985 0.162131 -0.068262 0.185433 0.163124 62.3693 18
 397.500000 -0.087872 0.484115 0.188202 0.322118 0.186402 0.163875 63.0937 18
 398.000000 0.0252655 0.540426 0.301209 1.26481 0.186402 0.163875 63.0937 18
 398.500000 -0.252639 0.428994 0.0364143 -2.62109 0.186402 0.163875 63.0937 18
 399.000000 -0.57684 0.450524 -0.186047 -7.12451 0.186402 0.163875 63.0937 18
 399.500000 -0.290733 0.394775 -0.0114185 -3.95476 0.186402 0.163875 63.0937 18
 400.000000 0.0724234 0.506307 0.317035 1.36631 0.201123 0.163881 63.9731 18
 400.500000 0.0029605 0.489762 0.257547 1.0194 0.201123 0.163881 63.9731 18
 401.000000 -0.262335 0.482411 0.0601829 -2.03942 0.201123 0.163881 63.9731 18
 401.500000 0.00496425 0.581046 0.308477 1.36876 0.201123 0.163881 63.9731 18
 402.000000 -0.0866238 0.542148 0.221305 0.7306 0.201123 0.163881 63.9731 18
 402.500000 -0.276064 0.414938 0.011096 -3.35492 0.194753 0.163874 63.9969 18
 403.000000 0.0472748 0.478631 0.283824 1.2016 0.194753 0.163874 63.9969 18
 403.500000 -0.420605 0.502216 -0.0427036 -4.41776 0.194753 0.163874 63.9969 18
 404.000000 -0.617453 0.510454 -0.17847 -6.92079 0.194753 0.163874 63.9969 18
 404.500000 -0.135496 0.569278 0.201138 0.523102 0.194753 0.163874 63.9969 18
 405.000000 0.220559 0.427645 0.383521 1.62952 0.215311 0.163932 64.4645 18
 405.500000 0.0321315 0.493989 0.281097 1.16174 0.215311 0.163932 64.4645 18
 406.000000 -0.122162 0.337077 0.0800852 -1.60852 0.215311 0.163932 64.4645 18
 406.500000 0.0661542 0.628537 0.377462 1.66697 0.215311 0.163932 64.4645 18
 407.000000 0.0223017 0.404164 0.224878 0.730321 0.215311 0.163932 64.4645 18
 407.500000 0.240286 0.439613 0.404212 1.65113 0.235765 0.165257 64.9272 18
 408.000000 0.0268409 0.483058 0.271312 1.05375 0.235765 0.165257 64.9272 18
 408.500000 0.111757 0.449654 0.315396 1.40845 0.235765 0.165257 64.9272 18
 409.000000 0.0106086 0.486016 0.261081 0.977003 0.235765 0.165257 64.9272 18
 409.500000 -0.0987943 0.515396 0.197662 0.418302 0.235765 0.165257 64.9272 18
 410.000000 -0.397611 0.44085 -0.0624281 -4.70192 0.229381 0.165257 64.9332 18
 410.500000 -0.677951 0.453764 -0.25632 -8.22665 0.229381 0.165257 64.9332 18
 411.000000 -0.699565 0.473869 -0.259237 -8.23429 0.229381 0.165257 64.9332 18
 411.500000 -0.747367 0.502512 -0.275207 -8.27399 0.229381 0.165257 64.9332 18
 412.000000 -0.227011 0.434573 0.0584079 -2.12881 0.229381 0.165257 64.9332 18
 412.500000 -0.25483 0.517345 0.0857197 -1.51999 0.224105 0.165149 65.0721 18
 413.000000 0.245271 0.564604 0.472068 1.4174 0.224105 0.165149 65.0721 18
 413.500000 0.100741 0.482241 0.324767 1.4789 0.224105 0.165149 65.0721 18
 414.000000 -0.308971 0.483102 0.0267276 -2.79616 0.224105 0.165149 65.0721 18
 414.500000 0.0611281 0.512401 0.312102 1.38183 0.224105 0.165149 65.0721 18
 415.000000 0.0562585 0.446342 0.27291 1.06546 0.232422 0.165296 66.0702 18
 415.500000 -0.0171368 0.487703 0.24177 0.88517 0.232422 0.165296 66.0702 18
 416.000000 -0.136763 0.495335 0.158862 -0.134107 0.232422 0.165296 66.0702 18
 416.500000 -0.302448 0.356862 -0.0422292 -4.40138 0.232422 0.165296 66.0702 18
 417.000000 -0.370572 0.468622 -0.0264081 -4.14598 0.232422 0.165296 66.0702 18
 417.500000 -0.180278 0.470411 0.113071 -0.953534 0.228044 0.165452 66.3084 18
 418.000000 -0.0720784 0.519721 0.219438 0.682258 0.228044 0.165452 66.3084 18
 418.500000 -0.0427087 0.46034 0.208016 0.559918 0.228044 0.165452 66.3084 18
 419.000000 -0.267803 0.47072 0.0494601 -2.15818 0.228044 0.165452 66.3084 18
 419.500000 -0.299296 0.4911 0.0383877 -2.44217 0.228044 0.165452 66.3084 18
 420.000000 -0.365113 0.44957 -0.0336619 -4.31031 0.221841 0.165458 66.3173 18
 420.500000 -0.208278 0.363787 0.0314271 -2.62655 0.221841 0.165458 66.3173 18
 421.000000 -0.443161 0.557178 -0.0262983 -4.10154 0.221841 0.165458 66.3173 18
 421.500000 -0.293248 0.352975 -0.0377127 -4.27203 0.221841 0.165458 66.3173 18
 422.000000 0.225182 0.461459 0.404542 1.6718 0.221841 0.165458 66.3173 18
 422.500000 0.0117279 0.446129 0.24011 0.869106 0.22748 0.165266 67.2727 18
 423.000000 -0.257877 0.610048 0.136514 -0.479422 0.22748 0.165266 67.2727 18
 423.500000 -0.349591 0.417739 -0.0410883 -4.3236 0.22748 0.165266 67.2727 18
 424.000000 -0.554328 0.39963 -0.200799 -7.70857 0.22748 0.165266 67.2727 18
 424.500000 -0.60552 0.407347 -0.233023 -8.1745 0.22748 0.165266 67.2727 18
 425.000000 -0.418157 0.476098 -0.0564182 -4.48005 0.221344 0.165266 67.2802 18
 425.500000 -0.263247 0.487482 0.0624441 -1.8643 0.221344 0.165266 67.2802 18
 426.000000 -0.372642 0.491537 -0.0144271 -3.84897 0.221344 0.165266 67.2802 18
 426.500000 -0.486604 0.527517 -0.0749583 -4.56105 0.221344 0.165266 67.2802 18
 427.000000 -1.12223 0.577747 -0.485742 -10.8044 0.221344 0.165266 67.2802 18
 427.500000 -1.22151 0.566838 -0.559777 -13.2587 0.21519 0.156568 67.2802 19
 428.000000 -1.0929 0.901063 -0.254971 -8.21242 0.21519 0.156568 67.2802 19
 428.500000 -0.932414 1.07694 -0.0392414 -4.18582 0.21519 0.156568 67.2802 19
 429.000000 -1.08088 0.906502 -0.243641 -8.18468 0.21519 0.156568 67.2802 19
 429.500000 -0.988927 0.865624 -0.210067 -7.88732 0.21519 0.156568 67.2802 19
 430.000000 -1.19374 0.816251 -0.376244 -8.9046 0.209074 0.156568 67.2803 19
 430.500000 -1.06352 0.917799 -0.225061 -8.08378 0.209074 0.156568 67.2803 19
 431.000000 -1.14616 0.668047 -0.442621 -9.63915 0.209074 0.156568 67.2803 19
 431.500000 -1.37957 0.513753 -0.700792 -15.1381 0.209074 0.156568 67.2803 19
 432.000000 -0.99845 0.974686 -0.146374 -5.94289 0.209074 0.156568 67.2803 19
 432.500000 -0.895061 1.18709 0.0529643 -2.03182 0.203644 0.156959 67.3652 19
 433.000000 -0.443482 1.68984 0.607022 0.0341574 0.203644 0.156959 67.3652 19
 433.500000 -0.32046 1.61355 0.637655 -0.497071 0.203644 0.156959 67.3652 19
 434.000000 -0.55047 1.27562 0.319347 1.48979 0.203644 0.156959 67.3652 19
 434.500000 -0.642412 1.42513 0.348328 1.64993 0.203644 0.156959 67.3652 19
 435.000000 -0.86762 0.923982 -0.0934701 -4.74461 0.197644 0.156956 67.371 19
 435.500000 -0.595147 1.46088 0.396483 1.71983 0.197644 0.156956 67.371 19
 436.000000 -0.345801 1.64592 0.639652 -0.536593 0.197644 0.156956 67.371 19
 436.500000 -0.452152 1.55755 0.532721 0.9012 0.197644 0.156956 67.371 19
 437.000000 -0.665652 1.32817 0.27877 1.22416 0.197644 0.156956 67.371 19
 437.500000 -0.814219 1.24689 0.139639 -0.375727 0.195028 0.156546 67.7749 19
 438.000000 -0.626272 1.31999 0.298066 1.34729 0.195028 0.156546 67.7749 19
 438.500000 -0.82946 1.16967 0.0832139 -1.26706 0.195028 0.156546 67.7749 19
 439.000000 -0.634753 1.34894 0.309495 1.42378 0.195028 0.156546 67.7749 19
 439.500000 -0.821893 1.18056 0.0945996 -1.05715 0.195028 0.156546 67.7749 19
 440.000000 -0.944611 1.02312 -0.0809599 -4.49329 0.189113 0.156543 67.7823 19
 440.500000 -1.19686 0.767628 -0.410477 -9.12544 0.189113 0.156543 67.7823 19
 441.000000 -1.27121 0.742898 -0.47564 -10.4377 0.189113 0.156543 67.7823 19
 441.500000 -1.16589 0.553068 -0.531414 -12.2657 0.189113 0.156543 67.7823 19
 442.000000 -1.35912 0.453474 -0.727457 -15.3644 0.189113 0.156543 67.7823 19
 442.500000 -1.39159 0.658323 -0.611321 -14.1771 0.183178 0.156543 67.7823 19
 443.000000 -1.39895 0.570837 -0.675254 -14.7458 0.183178 0.156543 67.7823 19
 443.500000 -0.965793 0.732787 -0.279888 -8.26208 0.183178 0.156543 67.7823 19
 444.000000 -1.00409 0.807677 -0.257306 -8.21023 0.183178 0.156543 67.7823 19
 444.500000 -1.05841 0.86279 -0.25741 -8.21049 0.183178 0.156543 67.7823 19
 445.000000 -1.02637 0.961854 -0.172602 -6.55237 0.177285 0.156544 67.7832 19
 445.500000 -0.87786 1.10605 0.0135355 -2.8927 0.177285 0.156544 67.7832 19
 446.000000 -0.857001 1.22405 0.0993244 -0.972963 0.177285 0.156544 67.7832 19
 446.500000 -0.732509 1.32735 0.237637 0.950192 0.177285 0.156544 67.7832 19
 447.000000 -0.529209 1.47498 0.443204 1.5927 0.177285 0.156544 67.7832 19
 447.500000 -0.492865 1.47504 0.464678 1.48351 0.192907 0.155988 68.5737 19
 448.000000 -0.361196 1.53516 0.573836 0.45495 0.192907 0.155988 68.5737 19
 448.500000 -0.601959 1.43112 0.375785 1.70884 0.192907 0.155988 68.5737 19
 449.000000 -0.43215 1.53812 0.534045 0.902941 0.192907 0.155988 68.5737 19
 449.500000 -0.456817 1.54192 0.521718 1.03713 0.192907 0.155988 68.5737 19
 450.000000 -0.454263 1.52647 0.514978 1.10856 0.201581 0.157779 69.5737 19
 450.500000 -0.441614 1.6314 0.57765 0.466557 0.201581 0.157779 69.5737 19
 451.000000 -0.337173 1.58428 0.613108 -0.0719098 0.201581 0.157779 69.5737 19
 451.500000 -0.204258 1.70507 0.749212 -3.16771 0.201581 0.157779 69.5737 19
 452.000000 -0.454031 1.543 0.52391 1.06962 0.201581 0.157779 69.5737 19
 452.500000 -0.519986 1.51412 0.46996 1.49889 0.216836 0.157322 70.3565 19
 453.000000 -0.667749 1.31278 0.268582 1.10109 0.216836 0.157322 70.3565 19
 453.500000 -0.699 1.3543 0.273698 1.13249 0.216836 0.157322 70.3565 19
 454.000000 -0.42834 1.56834 0.552194 0.77728 0.216836 0.157322 70.3565 19
 454.500000 -0.318997 1.74277 0.703543 -2.10387 0.216836 0.157322 70.3565 19
 455.000000 -0.341898 1.66031 0.649181 -0.811618 0.213137 0.162553 70.6253 18
 455.500000 -0.419211 1.5371 0.54104 0.876857 0.213137 0.162553 70.6253 18
 456.000000 -0.667063 1.28199 0.251114 0.957083 0.213137 0.162553 70.6253 18
 456.500000 -0.478851 1.49712 0.484861 1.41613 0.213137 0.162553 70.6253 18
 457.000000 -0.500149 1.48417 0.465336 1.53114 0.213137 0.162553 70.6253 18
 457.500000 -0.472827 1.47802 0.478112 1.46107 0.227227 0.162253 71.4639 18
 458.000000 -0.616428 1.38693 0.342201 1.50783 0.227227 0.162253 71.4639 18
 458.500000 -0.614859 1.37839 0.3383 1.48783 0.227227 0.162253 71.4639 18
 459.000000 -0.683614 1.32687 0.267083 1.04213 0.227227 0.162253 71.4639 18
 459.500000 -0.550075 1.43266 0.407533 1.65402 0.227227 0.162253 71.4639 18
 460.000000 -0.539113 1.55439 0.480694 1.48553 0.24144 0.162031 72.2836 18
 460.500000 -0.695539 1.33339 0.263629 1.0032 0.24144 0.162031 72.2836 18
 461.000000 -0.712556 1.21752 0.185074 0.261557 0.24144 0.162031 72.2836 18
 461.500000 -0.636796 1.32397 0.293927 1.19105 0.24144 0.162031 72.2836 18
 462.000000 -0.959704 0.996038 -0.107814 -4.87433 0.24144 0.162031 72.2836 18
 462.500000 -1.0342 0.903625 -0.215202 -7.68653 0.235777 0.16203 72.2839 18
 463.000000 -0.974903 0.8457 -0.21361 -7.55931 0.235777 0.16203 72.2839 18
 463.500000 -1.20292 0.637719 -0.50047 -11.333 0.235777 0.16203 72.2839 18
 464.000000 -1.27081 0.522597 -0.622179 -14.2322 0.235777 0.16203 72.2839 18
 464.500000 -1.31567 0.610324 -0.593622 -13.9048 0.235777 0.16203 72.2839 18
 465.000000 -1.05339 0.843131 -0.266874 -8.17158 0.230144 0.16203 72.2841 18
 465.500000 -0.980117 0.843233 -0.218627 -7.60282 0.230144 0.16203 72.2841 18
 466.000000 -1.25125 0.802461 -0.422837 -9.4717 0.230144 0.16203 72.2841 18
 466.500000 -0.779882 1.17502 0.117545 -0.784276 0.230144 0.16203 72.2841 18
 467.000000 -0.732362 1.23791 0.184864 0.258712 0.230144 0.16203 72.2841 18
 467.500000 -0.748495 1.39097 0.265316 1.01364 0.236765 0.161967 73.271 18
 468.000000 -0.402909 1.53586 0.549887 0.795968 0.236765 0.161967 73.271 18
 468.500000 -0.644841 1.35489 0.306794 1.29032 0.236765 0.161967 73.271 18
 469.000000 -0.561187 1.43981 0.404885 1.63635 0.236765 0.161967 73.271 18
 469.500000 -0.638395 1.34383 0.304357 1.27617 0.236765 0.161967 73.271 18
 470.000000 -0.746414 1.25849 0.188408 0.31955 0.237245 0.162548 73.9612 18
 470.500000 -0.73723 1.29034 0.21294 0.659314 0.237245 0.162548 73.9612 18
 471.000000 -0.33177 1.69977 0.674845 -1.30317 0.237245 0.162548 73.9612 18
 471.500000 -0.484295 1.54292 0.506288 1.29873 0.237245 0.162548 73.9612 18
 472.000000 -0.543986 1.39481 0.390169 1.61081 0.237245 0.162548 73.9612 18
 472.500000 -0.469106 1.60271 0.546869 0.825983 0.241664 0.162563 74.8926 18
 473.000000 -0.474824 1.56385 0.522954 1.14523 0.241664 0.162563 74.8926 18
 473.500000 -0.583545 1.4259 0.383829 1.59169 0.241664 0.162563 74.8926 18
 474.000000 -0.727543 1.44649 0.31007 1.29132 0.241664 0.162563 74.8926 18
 474.500000 -0.975532 1.16994 -0.00780638 -3.61984 0.241664 0.162563 74.8926 18
 475.000000 -0.835117 1.08254 0.0261489 -2.72646 0.236438 0.162506 74.9345 18
 475.500000 -0.894856 1.10227 0.000423462 -3.2971 0.236438 0.162506 74.9345 18
 476.000000 -1.00044 0.330814 -0.561801 -13.3385 0.236438 0.162506 74.9345 18
 476.500000 -1.26883 0.374589 -0.718745 -15.3778 0.236438 0.162506 74.9345 18
 477.000000 -1.23669 0.579822 -0.561354 -13.3277 0.236438 0.162506 74.9345 18
 477.500000 -1.43462 0.69542 -0.614211 -14.18 0.230959 0.162506 74.9345 18
 478.000000 -1.25001 0.62743 -0.538639 -12.6856 0.230959 0.162506 74.9345 18
 478.500000 -1.29196 0.58527 -0.594618 -13.8517 0.230959 0.162506 74.9345 18
 479.000000 -0.884139 1.06395 -0.0166453 -3.70023 0.230959 0.162506 74.9345 18
 479.500000 -0.632524 1.33298 0.301702 1.24311 0.230959 0.162506 74.9345 18
 480.000000 -0.755114 1.17298 0.131862 -0.520437 0.228084 0.163094 75.2825 18
 480.500000 -1.02043 0.912612 -0.200451 -7.3213 0.228084 0.163094 75.2825 18
 481.000000 -1.1071 0.866315 -0.286878 -8.24871 0.228084 0.163094 75.2825 18
 481.500000 -0.868951 1.26544 0.117263 -0.702229 0.228084 0.163094 75.2825 18
 482.000000 -0.928664 1.13484 -0.000553395 -3.35103 0.228084 0.163094 75.2825 18
 482.500000 -1.04177 0.887908 -0.230285 -7.78014 0.222665 0.163094 75.2828 18
 483.000000 -0.929369 0.770849 -0.231165 -7.68408 0.222665 0.163094 75.2828 18
 483.500000 -0.952741 0.910654 -0.15759 -6.11611 0.222665 0.163094 75.2828 18
 484.000000 -1.00664 0.893449 -0.203797 -7.32239 0.222665 0.163094 75.2828 18
 484.500000 -0.456835 1.4926 0.495371 1.39814 0.222665 0.163094 75.2828 18
 485.000000 -0.355606 1.56537 0.592726 0.239256 0.222755 0.162634 75.9378 18
 485.500000 -0.401611 1.54604 0.55598 0.78535 0.222755 0.162634 75.9378 18
 486.000000 -0.522864 1.53881 0.481671 1.49067 0.222755 0.162634 75.9378 18
 486.500000 -0.669823 1.36298 0.296344 1.20448 0.222755 0.162634 75.9378 18
 487.000000 -0.331058 1.63243 0.641187 -0.55439 0.222755 0.162634 75.9378 18
 487.500000 -0.615008 1.45215 0.37985 1.57649 0.237996 0.162505 76.6187 18
 488.000000 -0.50915 1.48744 0.461814 1.56983 0.237996 0.162505 76.6187 18
 488.500000 -0.343501 1.55865 0.596275 0.231928 0.237996 0.162505 76.6187 18
 489.000000 -0.427352 1.62909 0.584569 0.402983 0.237996 0.162505 76.6187 18
 489.500000 -0.383067 1.52828 0.557489 0.748872 0.237996 0.162505 76.6187 18
 490.000000 -0.184004 1.78466 0.799064 -5.23021 0.232685 0.162485 76.6222 18
 490.500000 -0.407067 1.69352 0.629369 -0.340047 0.232685 0.162485 76.6222 18
 491.000000 -0.188495 1.84039 0.823305 -6.15172 0.232685 0.162485 76.6222 18
 491.500000 -0.560857 1.36696 0.36445 1.5755 0.232685 0.162485 76.6222 18
 492.000000 -0.535421 1.40771 0.402464 1.63161 0.232685 0.162485 76.6222 18
 492.500000 -0.571681 1.3272 0.335493 1.44838 0.245161 0.162126 77.4894 18
 493.000000 -0.658055 1.25555 0.241276 0.86325 0.245161 0.162126 77.4894 18
 493.500000 -0.651591 1.3162 0.280423 1.12359 0.245161 0.162126 77.4894 18
 494.000000 -0.516402 1.54339 0.487898 1.41893 0.245161 0.162126 77.4894 18
 494.500000 -0.360969 1.75914 0.688424 -1.60877 0.245161 0.162126 77.4894 18
 495.000000 -0.40374 1.51629 0.53911 0.942964 0.250459 0.162424 78.4574 18
 495.500000 -0.570703 1.40006 0.377055 1.61596 0.250459 0.162424 78.4574 18
 496.000000 -0.289769 1.73213 0.71455 -2.2851 0.250459 0.162424 78.4574 18
 496.500000 -0.630441 1.46296 0.376806 1.61566 0.250459 0.162424 78.4574 18
 497.000000 -0.613995 1.44223 0.374875 1.61317 0.250459 0.162424 78.4574 18
 497.500000 -0.527901 1.4367 0.422963 1.6146 0.265592 0.163375 79.0984 18
 498.000000 -0.571833 1.50414 0.434183 1.63901 0.265592 0.163375 79.0984 18
 498.500000 -0.546427 1.44684 0.417542 1.64973 0.265592 0.163375 79.0984 18
 499.000000 -0.59472 1.44962 0.39045 1.64098 0.265592 0.163375 79.0984 18
 499.500000 -0.605288 1.21084 0.248176 0.877221 0.265592 0.163375 79.0984 18
 500.000000 -0.586332 1.43607 0.387855 1.63834 0.28082 0.163633 79.7172 18
